# day W2 M2 W1 u B g V c r w o i z y J H K
0.000 -9.839 -9.635 -9.431 -8.574 -8.207 -8.028 -7.716 -7.841 -7.459 -7.644 -7.318 -7.037 -6.722 -6.478 -5.986 -5.350 -4.763
0.100 -14.799 -14.760 -14.664 -14.272 -14.052 -13.938 -13.733 -13.810 -13.553 -13.663 -13.450 -13.241 -12.995 -12.798 -12.390 -11.834 -11.304
0.200 -14.852 -14.939 -14.937 -14.851 -14.721 -14.644 -14.499 -14.551 -14.359 -14.433 -14.277 -14.106 -13.895 -13.722 -13.355 -12.838 -12.335
0.300 -14.627 -14.823 -14.916 -15.089 -15.037 -14.991 -14.895 -14.928 -14.789 -14.835 -14.724 -14.582 -14.399 -14.244 -13.909 -13.421 -12.938
0.400 -14.345 -14.625 -14.807 -15.195 -15.212 -15.194 -15.140 -15.156 -15.063 -15.087 -15.014 -14.896 -14.737 -14.597 -14.290 -13.826 -13.361
0.500 -14.071 -14.412 -14.671 -15.235 -15.312 -15.319 -15.303 -15.306 -15.253 -15.259 -15.217 -15.121 -14.983 -14.857 -14.575 -14.133 -13.683
0.600 -13.815 -14.200 -14.526 -15.235 -15.366 -15.396 -15.413 -15.404 -15.387 -15.378 -15.364 -15.289 -15.170 -15.058 -14.797 -14.376 -13.940
0.700 -13.570 -13.987 -14.373 -15.206 -15.388 -15.438 -15.487 -15.467 -15.483 -15.461 -15.472 -15.416 -15.316 -15.215 -14.976 -14.574 -14.152
0.800 -13.322 -13.768 -14.209 -15.155 -15.383 -15.453 -15.531 -15.502 -15.549 -15.516 -15.550 -15.511 -15.429 -15.340 -15.122 -14.738 -14.329
0.900 -13.061 -13.533 -14.031 -15.085 -15.358 -15.447 -15.553 -15.515 -15.592 -15.549 -15.604 -15.583 -15.518 -15.440 -15.242 -14.877 -14.480
1.000 -12.780 -13.275 -13.834 -14.994 -15.312 -15.420 -15.554 -15.507 -15.613 -15.561 -15.637 -15.633 -15.585 -15.518 -15.340 -14.993 -14.608
1.100 -12.475 -12.994 -13.617 -14.884 -15.248 -15.375 -15.537 -15.482 -15.617 -15.557 -15.653 -15.665 -15.634 -15.579 -15.421 -15.091 -14.719
1.200 -12.145 -12.683 -13.377 -14.755 -15.166 -15.313 -15.503 -15.441 -15.604 -15.536 -15.652 -15.681 -15.667 -15.624 -15.485 -15.174 -14.815
1.300 -11.791 -12.344 -13.115 -14.608 -15.068 -15.235 -15.453 -15.384 -15.576 -15.502 -15.637 -15.682 -15.686 -15.654 -15.537 -15.244 -14.897
1.400 -11.415 -11.978 -12.833 -14.442 -14.954 -15.143 -15.390 -15.313 -15.535 -15.454 -15.608 -15.671 -15.693 -15.672 -15.575 -15.301 -14.967
1.500 -11.020 -11.585 -12.531 -14.259 -14.825 -15.035 -15.312 -15.228 -15.480 -15.394 -15.567 -15.647 -15.687 -15.679 -15.603 -15.348 -15.027
1.600 -10.609 -11.168 -12.212 -14.059 -14.681 -14.915 -15.222 -15.131 -15.414 -15.323 -15.514 -15.612 -15.671 -15.675 -15.621 -15.385 -15.077
1.700 -10.189 -10.732 -11.880 -13.845 -14.525 -14.782 -15.121 -15.024 -15.337 -15.242 -15.452 -15.567 -15.645 -15.662 -15.630 -15.412 -15.117
1.800 -9.766 -10.282 -11.539 -13.619 -14.358 -14.639 -15.010 -14.906 -15.250 -15.153 -15.380 -15.513 -15.611 -15.641 -15.631 -15.432 -15.149
1.900 -9.345 -9.822 -11.192 -13.382 -14.181 -14.487 -14.889 -14.780 -15.154 -15.055 -15.300 -15.451 -15.569 -15.611 -15.624 -15.444 -15.173
2.000 -8.933 -9.360 -10.844 -13.137 -13.996 -14.326 -14.760 -14.646 -15.051 -14.952 -15.212 -15.381 -15.519 -15.575 -15.611 -15.450 -15.192
2.100 -8.533 -8.903 -10.500 -12.886 -13.806 -14.160 -14.626 -14.507 -14.941 -14.843 -15.119 -15.305 -15.463 -15.533 -15.591 -15.450 -15.205
2.200 -8.145 -8.449 -10.159 -12.630 -13.609 -13.987 -14.484 -14.361 -14.825 -14.728 -15.019 -15.223 -15.402 -15.484 -15.566 -15.445 -15.213
2.300 -7.771 -8.002 -9.823 -12.372 -13.408 -13.811 -14.338 -14.212 -14.704 -14.610 -14.914 -15.136 -15.335 -15.431 -15.536 -15.435 -15.217
2.400 -7.407 -7.561 -9.492 -12.110 -13.205 -13.631 -14.188 -14.059 -14.580 -14.489 -14.807 -15.046 -15.266 -15.376 -15.504 -15.421 -15.213
2.500 -7.054 -7.125 -9.167 -11.847 -12.998 -13.448 -14.035 -13.903 -14.452 -14.366 -14.696 -14.953 -15.193 -15.317 -15.468 -15.404 -15.206
2.600 -6.707 -6.688 -8.843 -11.579 -12.787 -13.260 -13.877 -13.744 -14.320 -14.239 -14.581 -14.854 -15.116 -15.254 -15.429 -15.384 -15.198
2.700 -6.364 -6.248 -8.520 -11.308 -12.573 -13.069 -13.715 -13.580 -14.182 -14.109 -14.462 -14.752 -15.035 -15.187 -15.387 -15.362 -15.189
2.800 -6.023 -5.801 -8.196 -11.032 -12.353 -12.872 -13.547 -13.412 -14.040 -13.975 -14.338 -14.644 -14.949 -15.116 -15.341 -15.338 -15.179
2.900 -5.682 -5.344 -7.869 -10.748 -12.128 -12.670 -13.375 -13.239 -13.893 -13.836 -14.209 -14.532 -14.859 -15.040 -15.292 -15.311 -15.167
3.000 -5.342 -4.879 -7.540 -10.458 -11.897 -12.464 -13.197 -13.061 -13.742 -13.694 -14.077 -14.417 -14.766 -14.962 -15.241 -15.282 -15.153
3.100 -5.000 -4.399 -7.206 -10.158 -11.659 -12.250 -13.014 -12.878 -13.585 -13.548 -13.939 -14.296 -14.667 -14.879 -15.186 -15.251 -15.138
3.200 -4.657 -3.908 -6.869 -9.850 -11.414 -12.030 -12.824 -12.690 -13.422 -13.397 -13.797 -14.170 -14.565 -14.792 -15.128 -15.218 -15.121
3.300 -4.312 -3.402 -6.527 -9.532 -11.161 -11.803 -12.628 -12.495 -13.254 -13.241 -13.649 -14.039 -14.458 -14.702 -15.066 -15.182 -15.102
3.400 -3.962 -2.880 -6.180 -9.202 -10.899 -11.567 -12.424 -12.293 -13.078 -13.079 -13.495 -13.902 -14.345 -14.606 -15.001 -15.143 -15.081
3.500 -3.613 -2.346 -5.829 -8.863 -10.630 -11.325 -12.214 -12.085 -12.897 -12.913 -13.337 -13.761 -14.229 -14.507 -14.933 -15.102 -15.059
3.600 -3.269 -1.801 -5.483 -8.522 -10.362 -11.085 -12.007 -11.882 -12.720 -12.752 -13.183 -13.623 -14.115 -14.409 -14.864 -15.057 -15.029
3.700 -2.926 -1.244 -5.136 -8.173 -10.090 -10.841 -11.796 -11.674 -12.540 -12.588 -13.025 -13.482 -13.999 -14.309 -14.793 -15.009 -14.996
3.800 -2.584 -0.679 -4.789 -7.818 -9.812 -10.591 -11.580 -11.463 -12.354 -12.420 -12.864 -13.337 -13.878 -14.205 -14.718 -14.959 -14.962
3.900 -2.244 -0.106 -4.442 -7.456 -9.528 -10.337 -11.359 -11.246 -12.163 -12.248 -12.697 -13.186 -13.753 -14.097 -14.640 -14.907 -14.926
4.000 -1.906 0.468 -4.098 -7.091 -9.241 -10.078 -11.134 -11.026 -11.968 -12.072 -12.527 -13.032 -13.623 -13.985 -14.559 -14.852 -14.889
4.100 -1.573 1.034 -3.759 -6.725 -8.953 -9.817 -10.905 -10.803 -11.770 -11.893 -12.353 -12.873 -13.490 -13.869 -14.475 -14.795 -14.850
4.200 -1.344 1.402 -3.526 -6.474 -8.747 -9.628 -10.736 -10.637 -11.619 -11.755 -12.217 -12.747 -13.379 -13.769 -14.395 -14.732 -14.799
4.300 -1.274 1.471 -3.457 -6.404 -8.678 -9.559 -10.667 -10.567 -11.549 -11.685 -12.148 -12.677 -13.310 -13.700 -14.325 -14.663 -14.730
4.400 -1.205 1.540 -3.387 -6.335 -8.608 -9.489 -10.597 -10.498 -11.480 -11.616 -12.078 -12.608 -13.240 -13.630 -14.256 -14.594 -14.661
4.500 -1.136 1.609 -3.319 -6.266 -8.540 -9.421 -10.529 -10.429 -11.411 -11.547 -12.010 -12.539 -13.171 -13.562 -14.187 -14.525 -14.592
4.600 -1.068 1.678 -3.250 -6.198 -8.471 -9.352 -10.460 -10.361 -11.342 -11.479 -11.941 -12.471 -13.103 -13.493 -14.119 -14.456 -14.523
4.700 -1.000 1.746 -3.182 -6.130 -8.403 -9.284 -10.392 -10.293 -11.275 -11.411 -11.873 -12.403 -13.035 -13.425 -14.051 -14.388 -14.455
4.800 -0.932 1.813 -3.115 -6.062 -8.336 -9.217 -10.325 -10.225 -11.207 -11.343 -11.806 -12.335 -12.968 -13.358 -13.983 -14.321 -14.388
4.900 -0.866 1.880 -3.048 -5.996 -8.269 -9.150 -10.258 -10.159 -11.141 -11.277 -11.739 -12.269 -12.901 -13.291 -13.917 -14.254 -14.321
5.000 -0.800 1.945 -2.983 -5.930 -8.204 -9.085 -10.193 -10.093 -11.075 -11.211 -11.674 -12.203 -12.835 -13.226 -13.851 -14.189 -14.256
5.100 -0.736 2.010 -2.918 -5.865 -8.139 -9.020 -10.128 -10.029 -11.010 -11.147 -11.609 -12.138 -12.771 -13.161 -13.787 -14.124 -14.191
5.200 -0.672 2.073 -2.854 -5.802 -8.075 -8.956 -10.064 -9.965 -10.947 -11.083 -11.545 -12.075 -12.707 -13.097 -13.723 -14.061 -14.128
5.300 -0.610 2.136 -2.792 -5.739 -8.013 -8.894 -10.002 -9.903 -10.884 -11.020 -11.483 -12.012 -12.645 -13.035 -13.661 -13.998 -14.065
5.400 -0.548 2.197 -2.731 -5.678 -7.952 -8.833 -9.941 -9.841 -10.823 -10.959 -11.422 -11.951 -12.583 -12.974 -13.599 -13.937 -14.004
5.500 -0.488 2.257 -2.671 -5.618 -7.892 -8.773 -9.881 -9.781 -10.763 -10.899 -11.362 -11.891 -12.524 -12.914 -13.539 -13.877 -13.944
5.600 -0.430 2.316 -2.612 -5.560 -7.833 -8.714 -9.822 -9.723 -10.705 -10.841 -11.303 -11.833 -12.465 -12.855 -13.481 -13.818 -13.885
5.700 -0.373 2.373 -2.555 -5.502 -7.776 -8.657 -9.765 -9.666 -10.647 -10.784 -11.246 -11.775 -12.408 -12.798 -13.424 -13.761 -13.828
5.800 -0.317 2.429 -2.499 -5.447 -7.720 -8.601 -9.709 -9.610 -10.592 -10.728 -11.190 -11.720 -12.352 -12.742 -13.368 -13.705 -13.773
5.900 -0.263 2.483 -2.445 -5.393 -7.666 -8.547 -9.655 -9.556 -10.537 -10.674 -11.136 -11.666 -12.298 -12.688 -13.314 -13.651 -13.718
6.000 -0.210 2.535 -2.393 -5.340 -7.614 -8.495 -9.602 -9.503 -10.485 -10.621 -11.083 -11.613 -12.245 -12.636 -13.261 -13.599 -13.666
6.100 -0.159 2.587 -2.341 -5.289 -7.562 -8.443 -9.551 -9.452 -10.434 -10.570 -11.032 -11.562 -12.194 -12.584 -13.210 -13.547 -13.614
6.200 -0.109 2.636 -2.292 -5.239 -7.513 -8.394 -9.501 -9.402 -10.384 -10.520 -10.982 -11.512 -12.144 -12.535 -13.160 -13.498 -13.565
6.300 -0.061 2.685 -2.243 -5.191 -7.464 -8.345 -9.453 -9.354 -10.336 -10.472 -10.934 -11.464 -12.096 -12.486 -13.112 -13.450 -13.517
6.400 -0.014 2.731 -2.197 -5.144 -7.418 -8.299 -9.407 -9.307 -10.289 -10.425 -10.888 -11.417 -12.049 -12.440 -13.065 -13.403 -13.470
6.500 0.031 2.776 -2.151 -5.099 -7.372 -8.253 -9.361 -9.262 -10.244 -10.380 -10.842 -11.372 -12.004 -12.394 -13.020 -13.358 -13.425
6.600 0.075 2.820 -2.108 -5.055 -7.329 -8.210 -9.317 -9.218 -10.200 -10.336 -10.798 -11.328 -11.960 -12.351 -12.976 -13.314 -13.381
6.700 0.117 2.863 -2.065 -5.013 -7.286 -8.167 -9.275 -9.176 -10.157 -10.294 -10.756 -11.285 -11.918 -12.308 -12.934 -13.271 -13.338
6.800 0.158 2.904 -2.024 -4.971 -7.245 -8.126 -9.234 -9.135 -10.116 -10.252 -10.715 -11.244 -11.877 -12.267 -12.893 -13.230 -13.297
6.900 0.198 2.944 -1.984 -4.931 -7.205 -8.086 -9.194 -9.095 -10.076 -10.213 -10.675 -11.204 -11.837 -12.227 -12.853 -13.190 -13.257
7.000 0.237 2.982 -1.946 -4.893 -7.167 -8.048 -9.155 -9.056 -10.038 -10.174 -10.636 -11.166 -11.798 -12.189 -12.814 -13.152 -13.219
7.100 0.274 3.020 -1.908 -4.855 -7.129 -8.010 -9.118 -9.019 -10.000 -10.137 -10.599 -11.128 -11.761 -12.151 -12.777 -13.114 -13.181
7.200 0.311 3.056 -1.872 -4.819 -7.093 -7.974 -9.082 -8.982 -9.964 -10.100 -10.563 -11.092 -11.724 -12.115 -12.740 -13.078 -13.145
7.300 0.346 3.091 -1.837 -4.784 -7.058 -7.939 -9.046 -8.947 -9.929 -10.065 -10.527 -11.057 -11.689 -12.080 -12.705 -13.043 -13.110
7.400 0.380 3.126 -1.802 -4.750 -7.023 -7.904 -9.012 -8.913 -9.895 -10.031 -10.493 -11.023 -11.655 -12.045 -12.671 -13.008 -13.075
7.500 0.413 3.159 -1.769 -4.716 -6.990 -7.871 -8.979 -8.880 -9.861 -9.998 -10.460 -10.989 -11.622 -12.012 -12.638 -12.975 -13.042
7.600 0.446 3.191 -1.737 -4.684 -6.958 -7.839 -8.947 -8.847 -9.829 -9.965 -10.428 -10.957 -11.589 -11.980 -12.605 -12.943 -13.010
7.700 0.477 3.223 -1.705 -4.653 -6.926 -7.807 -8.915 -8.816 -9.798 -9.934 -10.396 -10.926 -11.558 -11.948 -12.574 -12.911 -12.978
7.800 0.508 3.253 -1.675 -4.622 -6.896 -7.777 -8.885 -8.785 -9.767 -9.903 -10.366 -10.895 -11.527 -11.918 -12.543 -12.881 -12.948
7.900 0.538 3.283 -1.645 -4.592 -6.866 -7.747 -8.855 -8.755 -9.737 -9.873 -10.336 -10.865 -11.497 -11.888 -12.513 -12.851 -12.918
8.000 0.567 3.312 -1.616 -4.563 -6.837 -7.718 -8.825 -8.726 -9.708 -9.844 -10.306 -10.836 -11.468 -11.859 -12.484 -12.822 -12.889
8.100 0.595 3.341 -1.587 -4.535 -6.808 -7.689 -8.797 -8.698 -9.679 -9.816 -10.278 -10.807 -11.440 -11.830 -12.456 -12.793 -12.860
8.200 0.623 3.369 -1.559 -4.507 -6.780 -7.661 -8.769 -8.670 -9.652 -9.788 -10.250 -10.780 -11.412 -11.802 -12.428 -12.765 -12.833
8.300 0.650 3.396 -1.532 -4.480 -6.753 -7.634 -8.742 -8.643 -9.624 -9.761 -10.223 -10.752 -11.385 -11.775 -12.401 -12.738 -12.805
8.400 0.677 3.422 -1.506 -4.453 -6.727 -7.608 -8.715 -8.616 -9.598 -9.734 -10.196 -10.726 -11.358 -11.749 -12.374 -12.712 -12.779
8.500 0.703 3.448 -1.479 -4.427 -6.700 -7.581 -8.689 -8.590 -9.572 -9.708 -10.170 -10.700 -11.332 -11.722 -12.348 -12.686 -12.753
8.600 0.728 3.474 -1.454 -4.401 -6.675 -7.556 -8.664 -8.565 -9.546 -9.682 -10.145 -10.674 -11.307 -11.697 -12.322 -12.660 -12.727
8.700 0.754 3.499 -1.429 -4.376 -6.650 -7.531 -8.639 -8.539 -9.521 -9.657 -10.120 -10.649 -11.282 -11.672 -12.297 -12.635 -12.702
8.800 0.778 3.524 -1.404 -4.352 -6.625 -7.506 -8.614 -8.515 -9.496 -9.633 -10.095 -10.625 -11.257 -11.647 -12.273 -12.610 -12.677
8.900 0.802 3.548 -1.380 -4.327 -6.601 -7.482 -8.590 -8.491 -9.472 -9.608 -10.071 -10.600 -11.233 -11.623 -12.249 -12.586 -12.653
9.000 0.826 3.572 -1.356 -4.304 -6.577 -7.458 -8.566 -8.467 -9.449 -9.585 -10.047 -10.577 -11.209 -11.599 -12.225 -12.562 -12.629
9.100 0.849 3.595 -1.333 -4.280 -6.554 -7.435 -8.543 -8.444 -9.425 -9.561 -10.024 -10.553 -11.186 -11.576 -12.202 -12.539 -12.606
9.200 0.872 3.618 -1.310 -4.257 -6.531 -7.412 -8.520 -8.421 -9.402 -9.538 -10.001 -10.530 -11.163 -11.553 -12.179 -12.516 -12.583
9.300 0.895 3.641 -1.287 -4.235 -6.508 -7.389 -8.497 -8.398 -9.380 -9.516 -9.978 -10.508 -11.140 -11.530 -12.156 -12.494 -12.561
9.400 0.917 3.663 -1.265 -4.212 -6.486 -7.367 -8.475 -8.376 -9.357 -9.494 -9.956 -10.485 -11.118 -11.508 -12.134 -12.471 -12.538
9.500 0.939 3.685 -1.243 -4.191 -6.464 -7.345 -8.453 -8.354 -9.335 -9.472 -9.934 -10.464 -11.096 -11.486 -12.112 -12.449 -12.516
9.600 0.961 3.706 -1.222 -4.169 -6.443 -7.324 -8.431 -8.332 -9.314 -9.450 -9.912 -10.442 -11.074 -11.465 -12.090 -12.428 -12.495
9.700 0.982 3.728 -1.200 -4.148 -6.421 -7.302 -8.410 -8.311 -9.293 -9.429 -9.891 -10.421 -11.053 -11.443 -12.069 -12.406 -12.473
9.800 1.003 3.749 -1.179 -4.127 -6.400 -7.281 -8.389 -8.290 -9.272 -9.408 -9.870 -10.400 -11.032 -11.422 -12.048 -12.385 -12.452
9.900 1.024 3.769 -1.159 -4.106 -6.380 -7.261 -8.368 -8.269 -9.251 -9.387 -9.849 -10.379 -11.011 -11.402 -12.027 -12.365 -12.432
10.000 1.044 3.790 -1.138 -4.085 -6.359 -7.240 -8.348 -8.249 -9.230 -9.367 -9.829 -10.358 -10.991 -11.381 -12.007 -12.344 -12.411
10.100 1.064 3.810 -1.118 -4.065 -6.339 -7.220 -8.328 -8.229 -9.210 -9.346 -9.809 -10.338 -10.971 -11.361 -11.986 -12.324 -12.391
10.200 1.084 3.830 -1.098 -4.045 -6.319 -7.200 -8.308 -8.209 -9.190 -9.326 -9.789 -10.318 -10.951 -11.341 -11.967 -12.304 -12.371
10.300 1.104 3.850 -1.078 -4.026 -6.299 -7.180 -8.288 -8.189 -9.171 -9.307 -9.769 -10.299 -10.931 -11.321 -11.947 -12.284 -12.351
10.400 1.124 3.869 -1.059 -4.006 -6.280 -7.161 -8.269 -8.169 -9.151 -9.287 -9.750 -10.279 -10.912 -11.302 -11.927 -12.265 -12.332
10.500 1.143 3.888 -1.040 -3.987 -6.261 -7.142 -8.250 -8.150 -9.132 -9.268 -9.731 -10.260 -10.892 -11.283 -11.908 -12.246 -12.313
10.600 1.162 3.907 -1.021 -3.968 -6.242 -7.123 -8.231 -8.131 -9.113 -9.249 -9.712 -10.241 -10.873 -11.264 -11.889 -12.227 -12.294
10.700 1.180 3.926 -1.002 -3.949 -6.223 -7.104 -8.212 -8.112 -9.094 -9.230 -9.693 -10.222 -10.855 -11.245 -11.870 -12.208 -12.275
10.800 1.199 3.945 -0.983 -3.931 -6.204 -7.085 -8.193 -8.094 -9.076 -9.212 -9.674 -10.204 -10.836 -11.226 -11.852 -12.189 -12.256
10.900 1.217 3.963 -0.965 -3.912 -6.186 -7.067 -8.175 -8.076 -9.057 -9.193 -9.656 -10.185 -10.818 -11.208 -11.834 -12.171 -12.238
11.000 1.236 3.981 -0.947 -3.894 -6.168 -7.049 -8.157 -8.057 -9.039 -9.175 -9.638 -10.167 -10.800 -11.190 -11.815 -12.153 -12.220
11.100 1.254 3.999 -0.929 -3.876 -6.150 -7.031 -8.139 -8.039 -9.021 -9.157 -9.620 -10.149 -10.782 -11.172 -11.797 -12.135 -12.202
11.200 1.271 4.017 -0.911 -3.858 -6.132 -7.013 -8.121 -8.022 -9.003 -9.140 -9.602 -10.131 -10.764 -11.154 -11.780 -12.117 -12.184
11.300 1.289 4.034 -0.893 -3.841 -6.114 -6.995 -8.103 -8.004 -8.986 -9.122 -9.584 -10.114 -10.746 -11.136 -11.762 -12.100 -12.167
11.400 1.306 4.052 -0.876 -3.823 -6.097 -6.978 -8.086 -7.987 -8.968 -9.105 -9.567 -10.096 -10.729 -11.119 -11.745 -12.082 -12.149
11.500 1.324 4.069 -0.859 -3.806 -6.080 -6.961 -8.069 -7.969 -8.951 -9.087 -9.550 -10.079 -10.712 -11.102 -11.727 -12.065 -12.132
11.600 1.341 4.086 -0.842 -3.789 -6.063 -6.944 -8.052 -7.952 -8.934 -9.070 -9.533 -10.062 -10.694 -11.085 -11.710 -12.048 -12.115
11.700 1.358 4.103 -0.825 -3.772 -6.046 -6.927 -8.035 -7.935 -8.917 -9.053 -9.516 -10.045 -10.678 -11.068 -11.693 -12.031 -12.098
11.800 1.374 4.120 -0.808 -3.756 -6.029 -6.910 -8.018 -7.919 -8.900 -9.037 -9.499 -10.028 -10.661 -11.051 -11.677 -12.014 -12.081
11.900 1.391 4.136 -0.792 -3.739 -6.013 -6.894 -8.001 -7.902 -8.884 -9.020 -9.482 -10.012 -10.644 -11.035 -11.660 -11.998 -12.065
12.000 1.407 4.153 -0.775 -3.723 -5.996 -6.877 -7.985 -7.886 -8.867 -9.004 -9.466 -9.995 -10.628 -11.018 -11.644 -11.981 -12.048
12.100 1.423 4.169 -0.759 -3.706 -5.980 -6.861 -7.969 -7.869 -8.851 -8.987 -9.450 -9.979 -10.612 -11.002 -11.627 -11.965 -12.032
12.200 1.440 4.185 -0.743 -3.690 -5.964 -6.845 -7.953 -7.853 -8.835 -8.971 -9.434 -9.963 -10.595 -10.986 -11.611 -11.949 -12.016
12.300 1.456 4.201 -0.727 -3.674 -5.948 -6.829 -7.937 -7.837 -8.819 -8.955 -9.418 -9.947 -10.580 -10.970 -11.595 -11.933 -12.000
12.400 1.471 4.217 -0.711 -3.658 -5.932 -6.813 -7.921 -7.822 -8.803 -8.939 -9.402 -9.931 -10.564 -10.954 -11.580 -11.917 -11.984
12.500 1.487 4.233 -0.695 -3.643 -5.916 -6.797 -7.905 -7.806 -8.788 -8.924 -9.386 -9.916 -10.548 -10.938 -11.564 -11.901 -11.968
12.600 1.503 4.248 -0.680 -3.627 -5.901 -6.782 -7.890 -7.790 -8.772 -8.908 -9.371 -9.900 -10.532 -10.923 -11.548 -11.886 -11.953
12.700 1.518 4.264 -0.664 -3.612 -5.885 -6.766 -7.874 -7.775 -8.757 -8.893 -9.355 -9.885 -10.517 -10.907 -11.533 -11.870 -11.937
12.800 1.533 4.279 -0.649 -3.596 -5.870 -6.751 -7.859 -7.760 -8.741 -8.877 -9.340 -9.869 -10.502 -10.892 -11.518 -11.855 -11.922
12.900 1.549 4.294 -0.634 -3.581 -5.855 -6.736 -7.844 -7.744 -8.726 -8.862 -9.325 -9.854 -10.487 -10.877 -11.502 -11.840 -11.907
13.000 1.564 4.309 -0.619 -3.566 -5.840 -6.721 -7.829 -7.729 -8.711 -8.847 -9.310 -9.839 -10.472 -10.862 -11.487 -11.825 -11.892
13.100 1.578 4.324 -0.604 -3.551 -5.825 -6.706 -7.814 -7.715 -8.696 -8.832 -9.295 -9.824 -10.457 -10.847 -11.472 -11.810 -11.877
13.200 1.593 4.339 -0.589 -3.537 -5.810 -6.691 -7.799 -7.700 -8.681 -8.818 -9.280 -9.809 -10.442 -10.832 -11.458 -11.795 -11.862
13.300 1.608 4.353 -0.574 -3.522 -5.795 -6.676 -7.784 -7.685 -8.667 -8.803 -9.265 -9.795 -10.427 -10.817 -11.443 -11.781 -11.848
13.400 1.622 4.368 -0.560 -3.507 -5.781 -6.662 -7.770 -7.671 -8.652 -8.788 -9.251 -9.780 -10.413 -10.803 -11.428 -11.766 -11.833
13.500 1.637 4.382 -0.545 -3.493 -5.766 -6.647 -7.755 -7.656 -8.638 -8.774 -9.236 -9.766 -10.398 -10.788 -11.414 -11.752 -11.819
13.600 1.651 4.397 -0.531 -3.479 -5.752 -6.633 -7.741 -7.642 -8.623 -8.760 -9.222 -9.751 -10.384 -10.774 -11.400 -11.737 -11.804
13.700 1.665 4.411 -0.517 -3.464 -5.738 -6.619 -7.727 -7.628 -8.609 -8.745 -9.208 -9.737 -10.370 -10.760 -11.386 -11.723 -11.790
13.800 1.680 4.425 -0.503 -3.450 -5.724 -6.605 -7.713 -7.613 -8.595 -8.731 -9.194 -9.723 -10.356 -10.746 -11.371 -11.709 -11.776
13.900 1.694 4.439 -0.489 -3.436 -5.710 -6.591 -7.699 -7.599 -8.581 -8.717 -9.180 -9.709 -10.342 -10.732 -11.357 -11.695 -11.762
14.000 1.707 4.453 -0.475 -3.422 -5.696 -6.577 -7.685 -7.586 -8.567 -8.703 -9.166 -9.695 -10.328 -10.718 -11.344 -11.681 -11.748
14.100 1.721 4.467 -0.461 -3.409 -5.682 -6.563 -7.671 -7.572 -8.553 -8.690 -9.152 -9.681 -10.314 -10.704 -11.330 -11.667 -11.734
14.200 1.735 4.480 -0.447 -3.395 -5.668 -6.549 -7.657 -7.558 -8.540 -8.676 -9.138 -9.668 -10.300 -10.690 -11.316 -11.654 -11.721
14.300 1.749 4.494 -0.434 -3.381 -5.655 -6.536 -7.644 -7.544 -8.526 -8.662 -9.125 -9.654 -10.287 -10.677 -11.302 -11.640 -11.707
14.400 1.762 4.508 -0.420 -3.368 -5.641 -6.522 -7.630 -7.531 -8.513 -8.649 -9.111 -9.641 -10.273 -10.663 -11.289 -11.627 -11.694
14.500 1.775 4.521 -0.407 -3.354 -5.628 -6.509 -7.617 -7.518 -8.499 -8.635 -9.098 -9.627 -10.260 -10.650 -11.276 -11.613 -11.680
14.600 1.789 4.534 -0.394 -3.341 -5.615 -6.496 -7.604 -7.504 -8.486 -8.622 -9.085 -9.614 -10.246 -10.637 -11.262 -11.600 -11.667
14.700 1.802 4.547 -0.380 -3.328 -5.601 -6.482 -7.590 -7.491 -8.473 -8.609 -9.071 -9.601 -10.233 -10.623 -11.249 -11.587 -11.654
14.800 1.815 4.561 -0.367 -3.315 -5.588 -6.469 -7.577 -7.478 -8.460 -8.596 -9.058 -9.588 -10.220 -10.610 -11.236 -11.573 -11.641
14.900 1.828 4.574 -0.354 -3.302 -5.575 -6.456 -7.564 -7.465 -8.447 -8.583 -9.045 -9.575 -10.207 -10.597 -11.223 -11.560 -11.627
15.000 1.841 4.587 -0.341 -3.289 -5.562 -6.443 -7.551 -7.452 -8.434 -8.570 -9.032 -9.562 -10.194 -10.584 -11.210 -11.548 -11.615
