# day W2 M2 W1 u B g V c r w o i z y J H K
0.000 -9.948 -9.743 -9.540 -8.681 -8.313 -8.135 -7.822 -7.947 -7.565 -7.750 -7.424 -7.142 -6.827 -6.584 -6.091 -5.455 -4.868
0.100 -14.984 -14.946 -14.847 -14.441 -14.210 -14.090 -13.877 -13.958 -13.689 -13.806 -13.583 -13.368 -13.116 -12.916 -12.501 -11.940 -11.406
0.200 -15.096 -15.181 -15.173 -15.062 -14.917 -14.831 -14.673 -14.731 -14.523 -14.605 -14.436 -14.254 -14.034 -13.854 -13.477 -12.950 -12.442
0.300 -14.927 -15.115 -15.196 -15.329 -15.256 -15.201 -15.088 -15.127 -14.969 -15.025 -14.897 -14.743 -14.547 -14.384 -14.035 -13.535 -13.046
0.400 -14.702 -14.966 -15.128 -15.461 -15.452 -15.422 -15.349 -15.373 -15.257 -15.291 -15.199 -15.067 -14.893 -14.744 -14.420 -13.943 -13.469
0.500 -14.466 -14.788 -15.021 -15.519 -15.568 -15.561 -15.524 -15.534 -15.457 -15.473 -15.411 -15.300 -15.146 -15.009 -14.708 -14.250 -13.791
0.600 -14.225 -14.592 -14.888 -15.530 -15.631 -15.646 -15.642 -15.640 -15.598 -15.598 -15.564 -15.473 -15.337 -15.212 -14.932 -14.493 -14.047
0.700 -13.969 -14.374 -14.732 -15.504 -15.655 -15.691 -15.718 -15.705 -15.696 -15.683 -15.674 -15.601 -15.483 -15.371 -15.110 -14.690 -14.257
0.800 -13.690 -14.129 -14.551 -15.448 -15.647 -15.704 -15.761 -15.738 -15.761 -15.735 -15.751 -15.696 -15.596 -15.495 -15.255 -14.852 -14.431
0.900 -13.382 -13.855 -14.344 -15.365 -15.614 -15.691 -15.778 -15.745 -15.800 -15.763 -15.802 -15.765 -15.682 -15.592 -15.372 -14.988 -14.580
1.000 -13.044 -13.548 -14.110 -15.257 -15.556 -15.654 -15.770 -15.729 -15.815 -15.767 -15.829 -15.810 -15.745 -15.667 -15.467 -15.101 -14.705
1.100 -12.679 -13.210 -13.851 -15.126 -15.476 -15.595 -15.743 -15.692 -15.809 -15.752 -15.836 -15.835 -15.789 -15.722 -15.543 -15.196 -14.813
1.200 -12.293 -12.847 -13.571 -14.974 -15.378 -15.519 -15.697 -15.637 -15.787 -15.720 -15.826 -15.843 -15.816 -15.761 -15.604 -15.275 -14.905
1.300 -11.895 -12.463 -13.276 -14.805 -15.262 -15.426 -15.635 -15.567 -15.748 -15.674 -15.801 -15.836 -15.827 -15.786 -15.650 -15.340 -14.983
1.400 -11.496 -12.071 -12.972 -14.622 -15.134 -15.319 -15.559 -15.484 -15.696 -15.615 -15.763 -15.816 -15.826 -15.797 -15.684 -15.394 -15.050
1.500 -11.107 -11.679 -12.668 -14.430 -14.995 -15.203 -15.473 -15.390 -15.633 -15.546 -15.714 -15.785 -15.815 -15.798 -15.707 -15.436 -15.105
1.600 -10.732 -11.295 -12.366 -14.231 -14.848 -15.077 -15.377 -15.287 -15.560 -15.469 -15.654 -15.744 -15.793 -15.789 -15.721 -15.470 -15.152
1.700 -10.378 -10.926 -12.074 -14.031 -14.696 -14.946 -15.274 -15.178 -15.479 -15.385 -15.588 -15.694 -15.762 -15.772 -15.726 -15.495 -15.190
1.800 -10.043 -10.571 -11.793 -13.831 -14.543 -14.812 -15.167 -15.066 -15.394 -15.297 -15.516 -15.639 -15.725 -15.747 -15.724 -15.513 -15.221
1.900 -9.722 -10.227 -11.519 -13.632 -14.388 -14.676 -15.056 -14.951 -15.304 -15.206 -15.439 -15.577 -15.682 -15.716 -15.715 -15.524 -15.247
2.000 -9.408 -9.888 -11.250 -13.434 -14.232 -14.539 -14.943 -14.833 -15.210 -15.112 -15.358 -15.512 -15.634 -15.681 -15.701 -15.530 -15.266
2.100 -9.102 -9.551 -10.985 -13.237 -14.077 -14.401 -14.828 -14.715 -15.115 -15.018 -15.276 -15.444 -15.583 -15.641 -15.683 -15.531 -15.281
2.200 -8.793 -9.206 -10.717 -13.036 -13.919 -14.260 -14.711 -14.595 -15.017 -14.920 -15.190 -15.372 -15.528 -15.598 -15.661 -15.528 -15.291
2.300 -8.483 -8.853 -10.446 -12.831 -13.758 -14.117 -14.592 -14.472 -14.917 -14.821 -15.103 -15.299 -15.471 -15.552 -15.635 -15.521 -15.297
2.400 -8.166 -8.487 -10.167 -12.619 -13.592 -13.970 -14.469 -14.346 -14.815 -14.720 -15.013 -15.224 -15.413 -15.505 -15.607 -15.510 -15.296
2.500 -7.848 -8.110 -9.883 -12.400 -13.421 -13.819 -14.342 -14.217 -14.709 -14.617 -14.921 -15.146 -15.353 -15.456 -15.578 -15.496 -15.293
2.600 -7.523 -7.719 -9.591 -12.172 -13.242 -13.660 -14.210 -14.082 -14.598 -14.509 -14.825 -15.064 -15.288 -15.403 -15.546 -15.481 -15.288
2.700 -7.193 -7.313 -9.290 -11.934 -13.056 -13.495 -14.071 -13.941 -14.481 -14.396 -14.723 -14.977 -15.220 -15.347 -15.511 -15.464 -15.282
2.800 -6.858 -6.892 -8.981 -11.685 -12.860 -13.321 -13.925 -13.793 -14.358 -14.278 -14.616 -14.885 -15.147 -15.287 -15.473 -15.445 -15.275
2.900 -6.517 -6.453 -8.663 -11.423 -12.655 -13.139 -13.770 -13.637 -14.228 -14.154 -14.502 -14.787 -15.069 -15.222 -15.431 -15.423 -15.266
3.000 -6.172 -6.002 -8.338 -11.152 -12.442 -12.949 -13.609 -13.475 -14.092 -14.024 -14.383 -14.685 -14.986 -15.153 -15.387 -15.399 -15.256
3.100 -5.823 -5.533 -8.005 -10.867 -12.219 -12.750 -13.440 -13.305 -13.948 -13.889 -14.258 -14.576 -14.899 -15.080 -15.338 -15.372 -15.243
3.200 -5.471 -5.048 -7.666 -10.573 -11.988 -12.545 -13.267 -13.131 -13.802 -13.752 -14.131 -14.466 -14.811 -15.006 -15.289 -15.341 -15.223
3.300 -5.116 -4.548 -7.321 -10.266 -11.748 -12.331 -13.085 -12.949 -13.648 -13.608 -13.997 -14.349 -14.717 -14.927 -15.235 -15.307 -15.202
3.400 -4.756 -4.029 -6.968 -9.946 -11.496 -12.107 -12.893 -12.759 -13.486 -13.458 -13.856 -14.226 -14.617 -14.843 -15.178 -15.271 -15.179
3.500 -4.395 -3.497 -6.612 -9.616 -11.237 -11.875 -12.695 -12.562 -13.317 -13.302 -13.709 -14.096 -14.512 -14.754 -15.117 -15.233 -15.155
3.600 -4.032 -2.948 -6.250 -9.273 -10.968 -11.634 -12.489 -12.357 -13.141 -13.140 -13.556 -13.961 -14.401 -14.660 -15.052 -15.191 -15.128
3.700 -3.667 -2.383 -5.883 -8.919 -10.690 -11.385 -12.274 -12.146 -12.957 -12.972 -13.396 -13.819 -14.285 -14.561 -14.982 -15.147 -15.099
3.800 -3.301 -1.805 -5.515 -8.555 -10.404 -11.129 -12.053 -11.928 -12.768 -12.799 -13.231 -13.671 -14.163 -14.457 -14.910 -15.100 -15.069
3.900 -2.935 -1.214 -5.144 -8.182 -10.110 -10.865 -11.825 -11.704 -12.572 -12.621 -13.060 -13.518 -14.037 -14.348 -14.833 -15.050 -15.036
4.000 -2.569 -0.611 -4.773 -7.799 -9.810 -10.595 -11.591 -11.474 -12.370 -12.439 -12.884 -13.360 -13.905 -14.235 -14.752 -14.996 -15.001
4.100 -2.205 -0.002 -4.402 -7.411 -9.504 -10.320 -11.351 -11.239 -12.163 -12.252 -12.703 -13.196 -13.769 -14.117 -14.667 -14.940 -14.963
4.200 -1.846 0.605 -4.037 -7.021 -9.197 -10.042 -11.109 -11.002 -11.953 -12.063 -12.519 -13.029 -13.628 -13.996 -14.580 -14.881 -14.924
4.300 -1.493 1.202 -3.677 -6.631 -8.888 -9.762 -10.863 -10.762 -11.739 -11.870 -12.331 -12.857 -13.484 -13.870 -14.488 -14.819 -14.882
4.400 -1.359 1.387 -3.541 -6.488 -8.762 -9.643 -10.751 -10.651 -11.633 -11.769 -12.232 -12.761 -13.394 -13.784 -14.409 -14.747 -14.814
4.500 -1.284 1.461 -3.467 -6.414 -8.688 -9.569 -10.677 -10.577 -11.559 -11.695 -12.158 -12.687 -13.319 -13.710 -14.335 -14.673 -14.740
4.600 -1.210 1.535 -3.393 -6.340 -8.614 -9.495 -10.603 -10.503 -11.485 -11.621 -12.084 -12.613 -13.245 -13.636 -14.261 -14.599 -14.666
4.700 -1.137 1.609 -3.319 -6.267 -8.540 -9.421 -10.529 -10.430 -11.411 -11.548 -12.010 -12.540 -13.172 -13.562 -14.188 -14.525 -14.592
4.800 -1.064 1.682 -3.246 -6.193 -8.467 -9.348 -10.456 -10.357 -11.338 -11.474 -11.937 -12.466 -13.099 -13.489 -14.115 -14.452 -14.519
4.900 -0.991 1.754 -3.174 -6.121 -8.395 -9.276 -10.384 -10.284 -11.266 -11.402 -11.865 -12.394 -13.026 -13.417 -14.042 -14.380 -14.447
5.000 -0.920 1.826 -3.102 -6.050 -8.323 -9.204 -10.312 -10.213 -11.195 -11.331 -11.793 -12.323 -12.955 -13.345 -13.971 -14.308 -14.375
5.100 -0.849 1.896 -3.032 -5.979 -8.253 -9.134 -10.242 -10.142 -11.124 -11.260 -11.723 -12.252 -12.885 -13.275 -13.900 -14.238 -14.305
5.200 -0.780 1.966 -2.962 -5.910 -8.183 -9.064 -10.172 -10.073 -11.055 -11.191 -11.653 -12.183 -12.815 -13.205 -13.831 -14.168 -14.235
5.300 -0.712 2.034 -2.894 -5.841 -8.115 -8.996 -10.104 -10.005 -10.986 -11.122 -11.585 -12.114 -12.747 -13.137 -13.763 -14.100 -14.167
5.400 -0.644 2.101 -2.827 -5.774 -8.048 -8.929 -10.037 -9.937 -10.919 -11.055 -11.518 -12.047 -12.680 -13.070 -13.695 -14.033 -14.100
5.500 -0.579 2.167 -2.761 -5.709 -7.982 -8.863 -9.971 -9.872 -10.853 -10.990 -11.452 -11.981 -12.614 -13.004 -13.630 -13.967 -14.034
5.600 -0.514 2.231 -2.697 -5.644 -7.918 -8.799 -9.907 -9.807 -10.789 -10.925 -11.388 -11.917 -12.550 -12.940 -13.565 -13.903 -13.970
5.700 -0.451 2.294 -2.634 -5.581 -7.855 -8.736 -9.844 -9.744 -10.726 -10.862 -11.325 -11.854 -12.487 -12.877 -13.502 -13.840 -13.907
5.800 -0.390 2.355 -2.573 -5.520 -7.794 -8.675 -9.782 -9.683 -10.665 -10.801 -11.263 -11.793 -12.425 -12.816 -13.441 -13.779 -13.846
5.900 -0.330 2.415 -2.513 -5.460 -7.734 -8.615 -9.723 -9.623 -10.605 -10.741 -11.204 -11.733 -12.366 -12.756 -13.381 -13.719 -13.786
6.000 -0.272 2.473 -2.455 -5.402 -7.676 -8.557 -9.665 -9.565 -10.547 -10.683 -11.146 -11.675 -12.307 -12.698 -13.323 -13.661 -13.728
6.100 -0.216 2.530 -2.398 -5.346 -7.619 -8.500 -9.608 -9.509 -10.490 -10.627 -11.089 -11.618 -12.251 -12.641 -13.267 -13.604 -13.671
6.200 -0.161 2.585 -2.343 -5.291 -7.564 -8.445 -9.553 -9.454 -10.436 -10.572 -11.034 -11.564 -12.196 -12.586 -13.212 -13.549 -13.616
6.300 -0.108 2.638 -2.290 -5.237 -7.511 -8.392 -9.500 -9.401 -10.382 -10.518 -10.981 -11.510 -12.143 -12.533 -13.159 -13.496 -13.563
6.400 -0.056 2.690 -2.238 -5.186 -7.459 -8.340 -9.448 -9.349 -10.331 -10.467 -10.929 -11.459 -12.091 -12.481 -13.107 -13.445 -13.512
6.500 -0.006 2.740 -2.188 -5.136 -7.409 -8.290 -9.398 -9.299 -10.281 -10.417 -10.879 -11.409 -12.041 -12.431 -13.057 -13.395 -13.462
6.600 0.042 2.788 -2.140 -5.087 -7.361 -8.242 -9.350 -9.251 -10.232 -10.368 -10.831 -11.360 -11.993 -12.383 -13.009 -13.346 -13.413
6.700 0.089 2.835 -2.093 -5.040 -7.314 -8.195 -9.303 -9.204 -10.185 -10.321 -10.784 -11.313 -11.946 -12.336 -12.962 -13.299 -13.366
6.800 0.135 2.880 -2.048 -4.995 -7.269 -8.150 -9.257 -9.158 -10.140 -10.276 -10.738 -11.268 -11.900 -12.291 -12.916 -13.254 -13.321
6.900 0.179 2.924 -2.004 -4.951 -7.225 -8.106 -9.213 -9.114 -10.096 -10.232 -10.694 -11.224 -11.856 -12.247 -12.872 -13.210 -13.277
7.000 0.221 2.967 -1.961 -4.908 -7.182 -8.063 -9.171 -9.072 -10.053 -10.190 -10.652 -11.181 -11.814 -12.204 -12.830 -13.167 -13.234
7.100 0.263 3.008 -1.920 -4.867 -7.141 -8.022 -9.130 -9.030 -10.012 -10.148 -10.611 -11.140 -11.773 -12.163 -12.788 -13.126 -13.193
7.200 0.302 3.048 -1.880 -4.827 -7.101 -7.982 -9.090 -8.991 -9.972 -10.108 -10.571 -11.100 -11.733 -12.123 -12.748 -13.086 -13.153
7.300 0.341 3.087 -1.841 -4.789 -7.062 -7.943 -9.051 -8.952 -9.933 -10.070 -10.532 -11.062 -11.694 -12.084 -12.710 -13.047 -13.114
7.400 0.379 3.124 -1.804 -4.751 -7.025 -7.906 -9.014 -8.914 -9.896 -10.032 -10.495 -11.024 -11.656 -12.047 -12.672 -13.010 -13.077
7.500 0.415 3.161 -1.767 -4.715 -6.988 -7.869 -8.977 -8.878 -9.859 -9.996 -10.458 -10.988 -11.620 -12.010 -12.636 -12.973 -13.040
7.600 0.450 3.196 -1.732 -4.679 -6.953 -7.834 -8.942 -8.842 -9.824 -9.960 -10.423 -10.952 -11.585 -11.975 -12.600 -12.938 -13.005
7.700 0.485 3.230 -1.698 -4.645 -6.919 -7.800 -8.907 -8.808 -9.790 -9.926 -10.388 -10.918 -11.550 -11.941 -12.566 -12.904 -12.971
7.800 0.518 3.264 -1.664 -4.612 -6.885 -7.766 -8.874 -8.775 -9.756 -9.893 -10.355 -10.884 -11.517 -11.907 -12.533 -12.870 -12.937
7.900 0.551 3.296 -1.632 -4.579 -6.853 -7.734 -8.841 -8.742 -9.724 -9.860 -10.322 -10.852 -11.484 -11.875 -12.500 -12.838 -12.905
8.000 0.582 3.328 -1.600 -4.547 -6.821 -7.702 -8.810 -8.711 -9.692 -9.828 -10.291 -10.820 -11.453 -11.843 -12.469 -12.806 -12.873
8.100 0.613 3.359 -1.569 -4.516 -6.790 -7.671 -8.779 -8.680 -9.661 -9.798 -10.260 -10.789 -11.422 -11.812 -12.438 -12.775 -12.842
8.200 0.643 3.389 -1.539 -4.486 -6.760 -7.641 -8.749 -8.650 -9.631 -9.767 -10.230 -10.759 -11.392 -11.782 -12.408 -12.745 -12.812
8.300 0.673 3.418 -1.510 -4.457 -6.731 -7.612 -8.720 -8.620 -9.602 -9.738 -10.201 -10.730 -11.362 -11.753 -12.378 -12.716 -12.783
8.400 0.701 3.447 -1.481 -4.428 -6.702 -7.583 -8.691 -8.592 -9.573 -9.709 -10.172 -10.701 -11.334 -11.724 -12.350 -12.687 -12.754
8.500 0.729 3.475 -1.453 -4.400 -6.674 -7.555 -8.663 -8.564 -9.545 -9.681 -10.144 -10.673 -11.306 -11.696 -12.322 -12.659 -12.726
8.600 0.757 3.502 -1.426 -4.373 -6.646 -7.527 -8.635 -8.536 -9.518 -9.654 -10.116 -10.646 -11.278 -11.668 -12.294 -12.632 -12.699
8.700 0.784 3.529 -1.399 -4.346 -6.620 -7.501 -8.608 -8.509 -9.491 -9.627 -10.089 -10.619 -11.251 -11.642 -12.267 -12.605 -12.672
8.800 0.810 3.556 -1.372 -4.320 -6.593 -7.474 -8.582 -8.483 -9.465 -9.601 -10.063 -10.593 -11.225 -11.615 -12.241 -12.578 -12.645
8.900 0.836 3.581 -1.346 -4.294 -6.567 -7.448 -8.556 -8.457 -9.439 -9.575 -10.037 -10.567 -11.199 -11.589 -12.215 -12.553 -12.620
9.000 0.861 3.607 -1.321 -4.269 -6.542 -7.423 -8.531 -8.432 -9.413 -9.550 -10.012 -10.541 -11.174 -11.564 -12.190 -12.527 -12.594
9.100 0.886 3.632 -1.296 -4.244 -6.517 -7.398 -8.506 -8.407 -9.389 -9.525 -9.987 -10.517 -11.149 -11.539 -12.165 -12.502 -12.569
9.200 0.910 3.656 -1.272 -4.219 -6.493 -7.374 -8.482 -8.382 -9.364 -9.500 -9.963 -10.492 -11.125 -11.515 -12.140 -12.478 -12.545
9.300 0.934 3.680 -1.248 -4.195 -6.469 -7.350 -8.458 -8.358 -9.340 -9.476 -9.939 -10.468 -11.101 -11.491 -12.116 -12.454 -12.521
9.400 0.958 3.704 -1.224 -4.172 -6.445 -7.326 -8.434 -8.335 -9.317 -9.453 -9.915 -10.445 -11.077 -11.467 -12.093 -12.430 -12.497
9.500 0.981 3.727 -1.201 -4.148 -6.422 -7.303 -8.411 -8.312 -9.293 -9.430 -9.892 -10.421 -11.054 -11.444 -12.070 -12.407 -12.474
9.600 1.004 3.750 -1.178 -4.126 -6.399 -7.280 -8.388 -8.289 -9.271 -9.407 -9.869 -10.399 -11.031 -11.421 -12.047 -12.384 -12.451
9.700 1.027 3.772 -1.156 -4.103 -6.377 -7.258 -8.366 -8.266 -9.248 -9.384 -9.847 -10.376 -11.008 -11.399 -12.024 -12.362 -12.429
9.800 1.049 3.794 -1.134 -4.081 -6.355 -7.236 -8.344 -8.244 -9.226 -9.362 -9.825 -10.354 -10.986 -11.377 -12.002 -12.340 -12.407
9.900 1.071 3.816 -1.112 -4.059 -6.333 -7.214 -8.322 -8.222 -9.204 -9.340 -9.803 -10.332 -10.965 -11.355 -11.980 -12.318 -12.385
10.000 1.092 3.838 -1.090 -4.038 -6.311 -7.192 -8.300 -8.201 -9.183 -9.319 -9.781 -10.311 -10.943 -11.333 -11.959 -12.296 -12.363
10.100 1.113 3.859 -1.069 -4.017 -6.290 -7.171 -8.279 -8.180 -9.161 -9.298 -9.760 -10.289 -10.922 -11.312 -11.938 -12.275 -12.342
10.200 1.134 3.880 -1.048 -3.996 -6.269 -7.150 -8.258 -8.159 -9.140 -9.277 -9.739 -10.269 -10.901 -11.291 -11.917 -12.254 -12.321
10.300 1.155 3.900 -1.028 -3.975 -6.249 -7.130 -8.237 -8.138 -9.120 -9.256 -9.718 -10.248 -10.880 -11.271 -11.896 -12.234 -12.301
10.400 1.175 3.921 -1.007 -3.955 -6.228 -7.109 -8.217 -8.118 -9.099 -9.236 -9.698 -10.228 -10.860 -11.250 -11.876 -12.213 -12.280
10.500 1.195 3.941 -0.987 -3.935 -6.208 -7.089 -8.197 -8.098 -9.079 -9.216 -9.678 -10.207 -10.840 -11.230 -11.856 -12.193 -12.260
10.600 1.215 3.961 -0.967 -3.915 -6.188 -7.069 -8.177 -8.078 -9.060 -9.196 -9.658 -10.188 -10.820 -11.210 -11.836 -12.173 -12.240
10.700 1.235 3.980 -0.948 -3.895 -6.169 -7.050 -8.158 -8.058 -9.040 -9.176 -9.639 -10.168 -10.800 -11.191 -11.816 -12.154 -12.221
10.800 1.254 4.000 -0.928 -3.876 -6.149 -7.030 -8.138 -8.039 -9.021 -9.157 -9.619 -10.149 -10.781 -11.171 -11.797 -12.134 -12.201
10.900 1.273 4.019 -0.909 -3.857 -6.130 -7.011 -8.119 -8.020 -9.001 -9.138 -9.600 -10.130 -10.762 -11.152 -11.778 -12.115 -12.182
11.000 1.292 4.038 -0.890 -3.838 -6.111 -6.992 -8.100 -8.001 -8.983 -9.119 -9.581 -10.111 -10.743 -11.133 -11.759 -12.096 -12.163
11.100 1.311 4.056 -0.872 -3.819 -6.093 -6.974 -8.081 -7.982 -8.964 -9.100 -9.562 -10.092 -10.724 -11.115 -11.740 -12.078 -12.145
11.200 1.329 4.075 -0.853 -3.800 -6.074 -6.955 -8.063 -7.964 -8.945 -9.082 -9.544 -10.073 -10.706 -11.096 -11.722 -12.059 -12.126
11.300 1.348 4.093 -0.835 -3.782 -6.056 -6.937 -8.045 -7.945 -8.927 -9.063 -9.526 -10.055 -10.688 -11.078 -11.703 -12.041 -12.108
11.400 1.366 4.111 -0.817 -3.764 -6.038 -6.919 -8.027 -7.927 -8.909 -9.045 -9.508 -10.037 -10.669 -11.060 -11.685 -12.023 -12.090
11.500 1.383 4.129 -0.799 -3.746 -6.020 -6.901 -8.009 -7.909 -8.891 -9.027 -9.490 -10.019 -10.652 -11.042 -11.667 -12.005 -12.072
11.600 1.401 4.147 -0.781 -3.729 -6.002 -6.883 -7.991 -7.892 -8.873 -9.010 -9.472 -10.002 -10.634 -11.024 -11.650 -11.987 -12.054
11.700 1.419 4.164 -0.764 -3.711 -5.985 -6.866 -7.974 -7.874 -8.856 -8.992 -9.455 -9.984 -10.616 -11.007 -11.632 -11.970 -12.037
11.800 1.436 4.182 -0.746 -3.694 -5.967 -6.848 -7.956 -7.857 -8.839 -8.975 -9.437 -9.967 -10.599 -10.989 -11.615 -11.952 -12.020
11.900 1.453 4.199 -0.729 -3.677 -5.950 -6.831 -7.939 -7.840 -8.821 -8.958 -9.420 -9.950 -10.582 -10.972 -11.598 -11.935 -12.002
12.000 1.470 4.216 -0.712 -3.660 -5.933 -6.814 -7.922 -7.823 -8.804 -8.941 -9.403 -9.933 -10.565 -10.955 -11.581 -11.918 -11.985
12.100 1.487 4.233 -0.695 -3.643 -5.916 -6.797 -7.905 -7.806 -8.788 -8.924 -9.386 -9.916 -10.548 -10.938 -11.564 -11.902 -11.969
12.200 1.504 4.249 -0.679 -3.626 -5.900 -6.781 -7.889 -7.789 -8.771 -8.907 -9.370 -9.899 -10.531 -10.922 -11.547 -11.885 -11.952
12.300 1.520 4.266 -0.662 -3.610 -5.883 -6.764 -7.872 -7.773 -8.755 -8.891 -9.353 -9.883 -10.515 -10.905 -11.531 -11.868 -11.935
12.400 1.536 4.282 -0.646 -3.593 -5.867 -6.748 -7.856 -7.757 -8.738 -8.874 -9.337 -9.866 -10.499 -10.889 -11.514 -11.852 -11.919
12.500 1.553 4.298 -0.630 -3.577 -5.851 -6.732 -7.840 -7.740 -8.722 -8.858 -9.321 -9.850 -10.482 -10.873 -11.498 -11.836 -11.903
12.600 1.569 4.314 -0.614 -3.561 -5.835 -6.716 -7.824 -7.724 -8.706 -8.842 -9.305 -9.834 -10.466 -10.857 -11.482 -11.820 -11.887
12.700 1.585 4.330 -0.598 -3.545 -5.819 -6.700 -7.808 -7.708 -8.690 -8.826 -9.289 -9.818 -10.451 -10.841 -11.466 -11.804 -11.871
12.800 1.600 4.346 -0.582 -3.529 -5.803 -6.684 -7.792 -7.693 -8.674 -8.810 -9.273 -9.802 -10.435 -10.825 -11.451 -11.788 -11.855
12.900 1.616 4.362 -0.566 -3.514 -5.787 -6.668 -7.776 -7.677 -8.659 -8.795 -9.257 -9.787 -10.419 -10.809 -11.435 -11.773 -11.840
13.000 1.631 4.377 -0.551 -3.498 -5.772 -6.653 -7.761 -7.662 -8.643 -8.779 -9.242 -9.771 -10.404 -10.794 -11.420 -11.757 -11.824
13.100 1.647 4.392 -0.536 -3.483 -5.757 -6.638 -7.745 -7.646 -8.628 -8.764 -9.226 -9.756 -10.388 -10.779 -11.404 -11.742 -11.809
13.200 1.662 4.408 -0.520 -3.468 -5.741 -6.622 -7.730 -7.631 -8.613 -8.749 -9.211 -9.741 -10.373 -10.763 -11.389 -11.727 -11.794
13.300 1.677 4.423 -0.505 -3.453 -5.726 -6.607 -7.715 -7.616 -8.598 -8.734 -9.196 -9.726 -10.358 -10.748 -11.374 -11.711 -11.778
13.400 1.692 4.438 -0.490 -3.438 -5.711 -6.592 -7.700 -7.601 -8.583 -8.719 -9.181 -9.711 -10.343 -10.733 -11.359 -11.696 -11.763
13.500 1.707 4.452 -0.475 -3.423 -5.696 -6.577 -7.685 -7.586 -8.568 -8.704 -9.166 -9.696 -10.328 -10.718 -11.344 -11.682 -11.749
13.600 1.722 4.467 -0.461 -3.408 -5.682 -6.563 -7.671 -7.571 -8.553 -8.689 -9.152 -9.681 -10.313 -10.704 -11.329 -11.667 -11.734
13.700 1.736 4.482 -0.446 -3.394 -5.667 -6.548 -7.656 -7.557 -8.538 -8.675 -9.137 -9.666 -10.299 -10.689 -11.315 -11.652 -11.719
13.800 1.751 4.496 -0.432 -3.379 -5.653 -6.534 -7.642 -7.542 -8.524 -8.660 -9.123 -9.652 -10.284 -10.675 -11.300 -11.638 -11.705
13.900 1.765 4.511 -0.417 -3.365 -5.638 -6.519 -7.627 -7.528 -8.510 -8.646 -9.108 -9.638 -10.270 -10.660 -11.286 -11.623 -11.690
14.000 1.779 4.525 -0.403 -3.350 -5.624 -6.505 -7.613 -7.514 -8.495 -8.631 -9.094 -9.623 -10.256 -10.646 -11.272 -11.609 -11.676
14.100 1.794 4.539 -0.389 -3.336 -5.610 -6.491 -7.599 -7.499 -8.481 -8.617 -9.080 -9.609 -10.242 -10.632 -11.257 -11.595 -11.662
14.200 1.808 4.553 -0.375 -3.322 -5.596 -6.477 -7.585 -7.485 -8.467 -8.603 -9.066 -9.595 -10.228 -10.618 -11.243 -11.581 -11.648
14.300 1.821 4.567 -0.361 -3.308 -5.582 -6.463 -7.571 -7.471 -8.453 -8.589 -9.052 -9.581 -10.214 -10.604 -11.229 -11.567 -11.634
14.400 1.835 4.581 -0.347 -3.294 -5.568 -6.449 -7.557 -7.458 -8.439 -8.575 -9.038 -9.567 -10.200 -10.590 -11.216 -11.553 -11.620
14.500 1.849 4.595 -0.333 -3.281 -5.554 -6.435 -7.543 -7.444 -8.426 -8.562 -9.024 -9.554 -10.186 -10.576 -11.202 -11.539 -11.606
14.600 1.863 4.608 -0.320 -3.267 -5.541 -6.422 -7.530 -7.430 -8.412 -8.548 -9.011 -9.540 -10.172 -10.563 -11.188 -11.526 -11.593
14.700 1.876 4.622 -0.306 -3.253 -5.527 -6.408 -7.516 -7.417 -8.398 -8.535 -8.997 -9.526 -10.159 -10.549 -11.175 -11.512 -11.579
14.800 1.890 4.635 -0.293 -3.240 -5.514 -6.395 -7.503 -7.403 -8.385 -8.521 -8.984 -9.513 -10.145 -10.536 -11.161 -11.499 -11.566
14.900 1.903 4.649 -0.279 -3.227 -5.500 -6.381 -7.489 -7.390 -8.372 -8.508 -8.970 -9.500 -10.132 -10.522 -11.148 -11.485 -11.552
15.000 1.916 4.662 -0.266 -3.213 -5.487 -6.368 -7.476 -7.377 -8.358 -8.495 -8.957 -9.486 -10.119 -10.509 -11.135 -11.472 -11.539
