# day W2 M2 W1 u B g V c r w o i z y J H K
0.000 -7.163 -7.030 -6.865 -6.185 -5.866 -5.708 -5.430 -5.539 -5.196 -5.356 -5.066 -4.806 -4.510 -4.280 -3.810 -3.196 -2.624
0.100 -11.432 -11.698 -11.877 -12.275 -12.303 -12.289 -12.241 -12.255 -12.167 -12.188 -12.118 -12.001 -11.839 -11.697 -11.381 -10.906 -10.430
0.200 -11.498 -11.856 -12.158 -12.842 -12.981 -13.016 -13.042 -13.030 -13.024 -13.010 -13.004 -12.934 -12.819 -12.708 -12.446 -12.019 -11.577
0.300 -11.384 -11.801 -12.198 -13.079 -13.298 -13.367 -13.446 -13.417 -13.467 -13.433 -13.469 -13.433 -13.353 -13.264 -13.043 -12.652 -12.233
0.400 -11.224 -11.684 -12.162 -13.194 -13.477 -13.574 -13.694 -13.653 -13.747 -13.700 -13.768 -13.759 -13.707 -13.636 -13.448 -13.087 -12.689
0.500 -11.017 -11.511 -12.068 -13.237 -13.578 -13.700 -13.857 -13.804 -13.938 -13.880 -13.975 -13.990 -13.962 -13.909 -13.750 -13.416 -13.036
0.600 -10.745 -11.267 -11.907 -13.215 -13.614 -13.761 -13.953 -13.891 -14.062 -13.995 -14.116 -14.153 -14.149 -14.112 -13.982 -13.672 -13.309
0.700 -10.398 -10.942 -11.678 -13.131 -13.594 -13.767 -13.997 -13.926 -14.135 -14.059 -14.206 -14.265 -14.286 -14.264 -14.162 -13.877 -13.531
0.800 -9.975 -10.533 -11.378 -12.988 -13.522 -13.725 -13.996 -13.914 -14.164 -14.081 -14.253 -14.336 -14.382 -14.377 -14.304 -14.044 -13.714
0.900 -9.475 -10.034 -11.008 -12.788 -13.402 -13.638 -13.953 -13.861 -14.155 -14.065 -14.264 -14.372 -14.444 -14.456 -14.413 -14.179 -13.867
1.000 -8.921 -9.460 -10.586 -12.545 -13.247 -13.518 -13.880 -13.779 -14.117 -14.023 -14.248 -14.381 -14.481 -14.512 -14.500 -14.292 -13.997
1.100 -8.326 -8.820 -10.120 -12.261 -13.057 -13.366 -13.776 -13.666 -14.052 -13.955 -14.205 -14.365 -14.494 -14.543 -14.563 -14.383 -14.106
1.200 -7.743 -8.161 -9.651 -11.961 -12.853 -13.199 -13.658 -13.541 -13.971 -13.874 -14.148 -14.334 -14.491 -14.559 -14.612 -14.459 -14.200
1.300 -7.207 -7.526 -9.205 -11.660 -12.642 -13.025 -13.529 -13.406 -13.878 -13.783 -14.078 -14.289 -14.475 -14.562 -14.647 -14.522 -14.280
1.400 -6.764 -6.979 -8.821 -11.385 -12.445 -12.860 -13.404 -13.276 -13.786 -13.695 -14.007 -14.241 -14.454 -14.558 -14.674 -14.575 -14.352
1.500 -6.407 -6.533 -8.499 -11.139 -12.264 -12.705 -13.283 -13.153 -13.694 -13.608 -13.935 -14.189 -14.426 -14.548 -14.693 -14.620 -14.414
1.600 -6.139 -6.197 -8.253 -10.941 -12.115 -12.576 -13.181 -13.049 -13.615 -13.535 -13.873 -14.143 -14.402 -14.538 -14.711 -14.661 -14.471
1.700 -5.912 -5.910 -8.041 -10.767 -11.981 -12.460 -13.087 -12.954 -13.542 -13.468 -13.815 -14.098 -14.377 -14.526 -14.724 -14.697 -14.523
1.800 -5.719 -5.660 -7.861 -10.618 -11.866 -12.360 -13.005 -12.872 -13.477 -13.409 -13.763 -14.059 -14.354 -14.515 -14.735 -14.730 -14.571
1.900 -5.551 -5.436 -7.705 -10.491 -11.769 -12.275 -12.937 -12.803 -13.423 -13.359 -13.720 -14.026 -14.335 -14.507 -14.747 -14.761 -14.616
2.000 -5.385 -5.208 -7.550 -10.364 -11.673 -12.192 -12.869 -12.735 -13.369 -13.311 -13.676 -13.992 -14.315 -14.496 -14.756 -14.788 -14.656
2.100 -5.224 -4.981 -7.399 -10.241 -11.582 -12.112 -12.805 -12.671 -13.319 -13.265 -13.635 -13.960 -14.295 -14.486 -14.763 -14.813 -14.694
2.200 -5.080 -4.773 -7.264 -10.130 -11.500 -12.042 -12.749 -12.615 -13.275 -13.225 -13.601 -13.933 -14.279 -14.478 -14.771 -14.837 -14.730
2.300 -4.932 -4.554 -7.122 -10.013 -11.415 -11.969 -12.690 -12.556 -13.229 -13.184 -13.564 -13.904 -14.261 -14.468 -14.777 -14.858 -14.763
2.400 -4.780 -4.326 -6.977 -9.891 -11.327 -11.894 -12.631 -12.497 -13.183 -13.143 -13.528 -13.876 -14.245 -14.459 -14.781 -14.874 -14.787
2.500 -4.638 -4.105 -6.841 -9.776 -11.248 -11.829 -12.582 -12.448 -13.148 -13.113 -13.502 -13.859 -14.237 -14.457 -14.789 -14.887 -14.803
2.600 -4.501 -3.889 -6.709 -9.663 -11.169 -11.764 -12.533 -12.399 -13.113 -13.083 -13.477 -13.841 -14.229 -14.455 -14.796 -14.901 -14.819
2.700 -4.359 -3.663 -6.570 -9.541 -11.083 -11.692 -12.478 -12.344 -13.072 -13.047 -13.446 -13.818 -14.217 -14.449 -14.800 -14.912 -14.834
2.800 -4.212 -3.427 -6.426 -9.413 -10.991 -11.614 -12.417 -12.284 -13.026 -13.007 -13.410 -13.791 -14.200 -14.440 -14.802 -14.921 -14.848
2.900 -4.064 -3.187 -6.279 -9.279 -10.895 -11.532 -12.353 -12.220 -12.976 -12.963 -13.371 -13.760 -14.181 -14.427 -14.801 -14.929 -14.861
3.000 -3.923 -2.956 -6.140 -9.151 -10.803 -11.454 -12.290 -12.158 -12.928 -12.921 -13.333 -13.730 -14.162 -14.415 -14.800 -14.937 -14.874
3.100 -3.780 -2.719 -5.997 -9.018 -10.706 -11.371 -12.224 -12.093 -12.876 -12.876 -13.291 -13.697 -14.140 -14.401 -14.798 -14.944 -14.886
3.200 -3.630 -2.470 -5.848 -8.876 -10.602 -11.281 -12.151 -12.021 -12.818 -12.825 -13.245 -13.659 -14.113 -14.382 -14.792 -14.948 -14.896
3.300 -3.477 -2.214 -5.694 -8.728 -10.492 -11.186 -12.073 -11.945 -12.755 -12.770 -13.194 -13.616 -14.083 -14.360 -14.783 -14.950 -14.905
3.400 -3.320 -1.949 -5.535 -8.573 -10.377 -11.086 -11.991 -11.864 -12.688 -12.711 -13.139 -13.570 -14.049 -14.334 -14.772 -14.950 -14.912
3.500 -3.167 -1.689 -5.381 -8.421 -10.264 -10.987 -11.909 -11.784 -12.622 -12.653 -13.084 -13.524 -14.015 -14.308 -14.760 -14.950 -14.920
3.600 -3.014 -1.427 -5.226 -8.266 -10.148 -10.886 -11.825 -11.701 -12.553 -12.593 -13.027 -13.475 -13.979 -14.280 -14.747 -14.949 -14.926
3.700 -2.857 -1.155 -5.066 -8.104 -10.026 -10.779 -11.735 -11.614 -12.480 -12.528 -12.966 -13.422 -13.939 -14.249 -14.731 -14.945 -14.930
3.800 -2.694 -0.873 -4.901 -7.935 -9.898 -10.666 -11.641 -11.521 -12.401 -12.458 -12.900 -13.365 -13.895 -14.214 -14.712 -14.939 -14.933
3.900 -2.527 -0.584 -4.731 -7.759 -9.764 -10.548 -11.541 -11.423 -12.318 -12.385 -12.830 -13.304 -13.847 -14.176 -14.690 -14.932 -14.934
4.000 -2.357 -0.286 -4.557 -7.577 -9.625 -10.424 -11.436 -11.321 -12.230 -12.307 -12.755 -13.239 -13.796 -14.134 -14.665 -14.921 -14.934
4.100 -2.188 0.010 -4.385 -7.395 -9.486 -10.301 -11.331 -11.218 -12.141 -12.229 -12.680 -13.172 -13.744 -14.091 -14.640 -14.911 -14.933
4.200 -2.020 0.306 -4.213 -7.211 -9.345 -10.175 -11.223 -11.114 -12.051 -12.149 -12.603 -13.104 -13.690 -14.047 -14.613 -14.899 -14.931
4.300 -1.847 0.608 -4.038 -7.022 -9.199 -10.045 -11.112 -11.005 -11.956 -12.066 -12.522 -13.032 -13.632 -13.999 -14.583 -14.885 -14.928
4.400 -1.672 0.916 -3.858 -6.827 -9.047 -9.910 -10.995 -10.892 -11.857 -11.978 -12.438 -12.956 -13.571 -13.949 -14.551 -14.869 -14.922
4.500 -1.492 1.230 -3.675 -6.625 -8.891 -9.769 -10.873 -10.773 -11.753 -11.886 -12.348 -12.876 -13.506 -13.894 -14.516 -14.851 -14.915
4.600 -1.436 1.310 -3.619 -6.566 -8.840 -9.721 -10.829 -10.730 -11.711 -11.848 -12.310 -12.840 -13.472 -13.862 -14.488 -14.826 -14.893
4.700 -1.409 1.337 -3.591 -6.538 -8.812 -9.693 -10.801 -10.702 -11.684 -11.820 -12.282 -12.812 -13.444 -13.835 -14.460 -14.798 -14.865
4.800 -1.381 1.365 -3.563 -6.510 -8.784 -9.665 -10.773 -10.674 -11.656 -11.792 -12.254 -12.784 -13.416 -13.807 -14.432 -14.770 -14.837
4.900 -1.353 1.394 -3.535 -6.482 -8.756 -9.637 -10.745 -10.646 -11.627 -11.764 -12.226 -12.756 -13.388 -13.778 -14.404 -14.742 -14.809
5.000 -1.323 1.423 -3.506 -6.453 -8.727 -9.608 -10.716 -10.617 -11.598 -11.735 -12.197 -12.727 -13.359 -13.749 -14.375 -14.713 -14.780
5.100 -1.293 1.453 -3.476 -6.423 -8.697 -9.578 -10.686 -10.586 -11.568 -11.704 -12.167 -12.696 -13.329 -13.719 -14.345 -14.682 -14.749
5.200 -1.262 1.484 -3.444 -6.391 -8.665 -9.546 -10.654 -10.555 -11.537 -11.673 -12.135 -12.665 -13.297 -13.688 -14.313 -14.651 -14.718
5.300 -1.229 1.517 -3.412 -6.359 -8.633 -9.514 -10.622 -10.523 -11.504 -11.640 -12.103 -12.632 -13.265 -13.655 -14.281 -14.618 -14.686
5.400 -1.196 1.550 -3.378 -6.326 -8.600 -9.481 -10.589 -10.489 -11.471 -11.607 -12.070 -12.599 -13.232 -13.622 -14.248 -14.585 -14.652
5.500 -1.162 1.584 -3.344 -6.291 -8.565 -9.446 -10.554 -10.455 -11.437 -11.573 -12.035 -12.565 -13.197 -13.588 -14.213 -14.551 -14.618
5.600 -1.127 1.619 -3.309 -6.256 -8.530 -9.411 -10.519 -10.420 -11.402 -11.538 -12.000 -12.530 -13.162 -13.553 -14.178 -14.516 -14.583
5.700 -1.092 1.654 -3.274 -6.221 -8.495 -9.376 -10.484 -10.385 -11.367 -11.503 -11.965 -12.495 -13.127 -13.518 -14.143 -14.481 -14.548
5.800 -1.056 1.690 -3.239 -6.186 -8.460 -9.341 -10.449 -10.350 -11.331 -11.467 -11.930 -12.459 -13.092 -13.482 -14.108 -14.445 -14.513
5.900 -1.021 1.726 -3.203 -6.150 -8.424 -9.305 -10.413 -10.314 -11.295 -11.432 -11.894 -12.424 -13.056 -13.446 -14.072 -14.410 -14.477
6.000 -0.984 1.762 -3.167 -6.114 -8.388 -9.269 -10.377 -10.277 -11.259 -11.395 -11.858 -12.387 -13.020 -13.410 -14.036 -14.373 -14.440
6.100 -0.947 1.799 -3.130 -6.077 -8.351 -9.232 -10.340 -10.240 -11.222 -11.358 -11.821 -12.350 -12.983 -13.373 -13.999 -14.336 -14.403
6.200 -0.910 1.836 -3.092 -6.039 -8.313 -9.194 -10.302 -10.203 -11.185 -11.321 -11.783 -12.313 -12.945 -13.336 -13.961 -14.299 -14.366
6.300 -0.872 1.874 -3.054 -6.001 -8.275 -9.156 -10.264 -10.165 -11.147 -11.283 -11.745 -12.275 -12.907 -13.297 -13.923 -14.261 -14.328
6.400 -0.833 1.913 -3.016 -5.963 -8.237 -9.118 -10.226 -10.127 -11.108 -11.245 -11.707 -12.236 -12.869 -13.259 -13.885 -14.223 -14.290
6.500 -0.795 1.951 -2.977 -5.924 -8.198 -9.079 -10.187 -10.088 -11.070 -11.206 -11.668 -12.198 -12.830 -13.221 -13.846 -14.184 -14.251
6.600 -0.756 1.990 -2.938 -5.886 -8.159 -9.040 -10.148 -10.049 -11.031 -11.167 -11.629 -12.159 -12.791 -13.182 -13.807 -14.145 -14.212
6.700 -0.717 2.029 -2.900 -5.847 -8.121 -9.002 -10.110 -10.010 -10.992 -11.128 -11.591 -12.120 -12.753 -13.143 -13.769 -14.106 -14.173
6.800 -0.679 2.067 -2.861 -5.808 -8.082 -8.963 -10.071 -9.972 -10.954 -11.090 -11.552 -12.082 -12.714 -13.105 -13.730 -14.068 -14.135
6.900 -0.640 2.106 -2.823 -5.770 -8.044 -8.925 -10.033 -9.934 -10.915 -11.052 -11.514 -12.043 -12.676 -13.066 -13.692 -14.030 -14.097
7.000 -0.602 2.144 -2.784 -5.732 -8.005 -8.886 -9.994 -9.895 -10.877 -11.013 -11.476 -12.005 -12.638 -13.028 -13.653 -13.991 -14.058
7.100 -0.564 2.182 -2.746 -5.693 -7.967 -8.848 -9.956 -9.857 -10.838 -10.975 -11.437 -11.967 -12.599 -12.989 -13.615 -13.953 -14.020
7.200 -0.525 2.221 -2.708 -5.655 -7.929 -8.810 -9.918 -9.819 -10.800 -10.936 -11.399 -11.928 -12.561 -12.951 -13.577 -13.914 -13.982
7.300 -0.487 2.259 -2.669 -5.617 -7.891 -8.772 -9.880 -9.780 -10.762 -10.898 -11.361 -11.890 -12.523 -12.913 -13.539 -13.876 -13.943
7.400 -0.449 2.297 -2.631 -5.579 -7.853 -8.734 -9.842 -9.742 -10.724 -10.860 -11.323 -11.852 -12.485 -12.875 -13.501 -13.838 -13.905
7.500 -0.411 2.335 -2.594 -5.541 -7.815 -8.696 -9.804 -9.705 -10.686 -10.823 -11.285 -11.814 -12.447 -12.837 -13.463 -13.801 -13.868
7.600 -0.374 2.372 -2.556 -5.504 -7.777 -8.658 -9.766 -9.667 -10.649 -10.785 -11.248 -11.777 -12.410 -12.800 -13.425 -13.763 -13.830
7.700 -0.337 2.409 -2.519 -5.466 -7.740 -8.621 -9.729 -9.630 -10.612 -10.748 -11.210 -11.740 -12.372 -12.763 -13.388 -13.726 -13.793
7.800 -0.300 2.446 -2.482 -5.430 -7.704 -8.585 -9.693 -9.593 -10.575 -10.711 -11.174 -11.703 -12.336 -12.726 -13.352 -13.689 -13.756
7.900 -0.264 2.482 -2.446 -5.394 -7.667 -8.548 -9.656 -9.557 -10.539 -10.675 -11.138 -11.667 -12.299 -12.690 -13.315 -13.653 -13.720
8.000 -0.228 2.518 -2.411 -5.358 -7.632 -8.513 -9.621 -9.522 -10.503 -10.640 -11.102 -11.631 -12.264 -12.654 -13.280 -13.618 -13.685
8.100 -0.193 2.553 -2.376 -5.323 -7.597 -8.478 -9.586 -9.487 -10.468 -10.604 -11.067 -11.596 -12.229 -12.619 -13.245 -13.582 -13.650
8.200 -0.159 2.587 -2.341 -5.288 -7.562 -8.443 -9.551 -9.452 -10.434 -10.570 -11.032 -11.562 -12.194 -12.585 -13.210 -13.548 -13.615
8.300 -0.125 2.621 -2.307 -5.254 -7.528 -8.409 -9.517 -9.418 -10.400 -10.536 -10.998 -11.528 -12.160 -12.551 -13.176 -13.514 -13.581
8.400 -0.091 2.655 -2.274 -5.221 -7.495 -8.376 -9.484 -9.385 -10.366 -10.502 -10.965 -11.494 -12.127 -12.517 -13.143 -13.480 -13.548
8.500 -0.058 2.688 -2.241 -5.188 -7.462 -8.343 -9.451 -9.352 -10.333 -10.470 -10.932 -11.461 -12.094 -12.484 -13.110 -13.448 -13.515
8.600 -0.026 2.720 -2.208 -5.156 -7.429 -8.311 -9.418 -9.319 -10.301 -10.437 -10.900 -11.429 -12.062 -12.452 -13.078 -13.415 -13.482
8.700 0.006 2.752 -2.177 -5.124 -7.398 -8.279 -9.387 -9.287 -10.269 -10.405 -10.868 -11.397 -12.030 -12.420 -13.046 -13.383 -13.450
8.800 0.037 2.783 -2.145 -5.093 -7.367 -8.248 -9.356 -9.256 -10.238 -10.374 -10.837 -11.366 -11.999 -12.389 -13.015 -13.352 -13.419
8.900 0.067 2.814 -2.115 -5.062 -7.336 -8.217 -9.325 -9.226 -10.207 -10.344 -10.806 -11.336 -11.968 -12.358 -12.984 -13.322 -13.389
9.000 0.097 2.843 -2.085 -5.032 -7.306 -8.187 -9.295 -9.196 -10.177 -10.314 -10.776 -11.306 -11.938 -12.328 -12.954 -13.292 -13.359
9.100 0.127 2.873 -2.056 -5.003 -7.277 -8.158 -9.266 -9.166 -10.148 -10.284 -10.747 -11.276 -11.909 -12.299 -12.925 -13.262 -13.329
9.200 0.156 2.902 -2.027 -4.974 -7.248 -8.129 -9.237 -9.138 -10.119 -10.256 -10.718 -11.248 -11.880 -12.270 -12.896 -13.234 -13.301
9.300 0.184 2.930 -1.999 -4.946 -7.220 -8.101 -9.209 -9.110 -10.091 -10.228 -10.690 -11.219 -11.852 -12.242 -12.868 -13.206 -13.273
9.400 0.211 2.957 -1.971 -4.919 -7.192 -8.073 -9.181 -9.082 -10.064 -10.200 -10.663 -11.192 -11.825 -12.215 -12.840 -13.178 -13.245
9.500 0.238 2.984 -1.944 -4.892 -7.166 -8.047 -9.155 -9.055 -10.037 -10.173 -10.636 -11.165 -11.798 -12.188 -12.814 -13.151 -13.218
9.600 0.264 3.010 -1.918 -4.865 -7.139 -8.020 -9.128 -9.029 -10.011 -10.147 -10.609 -11.139 -11.771 -12.162 -12.787 -13.125 -13.192
9.700 0.290 3.036 -1.892 -4.840 -7.114 -7.995 -9.103 -9.003 -9.985 -10.121 -10.584 -11.113 -11.746 -12.136 -12.762 -13.099 -13.166
9.800 0.315 3.061 -1.867 -4.815 -7.088 -7.969 -9.077 -8.978 -9.960 -10.096 -10.559 -11.088 -11.721 -12.111 -12.736 -13.074 -13.141
9.900 0.340 3.086 -1.843 -4.790 -7.064 -7.945 -9.053 -8.954 -9.935 -10.072 -10.534 -11.063 -11.696 -12.086 -12.712 -13.050 -13.117
10.000 0.364 3.110 -1.819 -4.766 -7.040 -7.921 -9.029 -8.929 -9.911 -10.047 -10.510 -11.039 -11.672 -12.062 -12.688 -13.025 -13.092
10.100 0.387 3.133 -1.795 -4.742 -7.016 -7.897 -9.005 -8.906 -9.888 -10.024 -10.486 -11.016 -11.648 -12.039 -12.664 -13.002 -13.069
10.200 0.410 3.157 -1.772 -4.719 -6.993 -7.874 -8.982 -8.883 -9.864 -10.001 -10.463 -10.993 -11.625 -12.015 -12.641 -12.979 -13.046
10.300 0.433 3.179 -1.749 -4.697 -6.970 -7.851 -8.959 -8.860 -9.842 -9.978 -10.440 -10.970 -11.602 -11.993 -12.618 -12.956 -13.023
10.400 0.455 3.201 -1.727 -4.674 -6.948 -7.829 -8.937 -8.838 -9.820 -9.956 -10.418 -10.948 -11.580 -11.971 -12.596 -12.934 -13.001
10.500 0.477 3.223 -1.705 -4.653 -6.926 -7.807 -8.915 -8.816 -9.798 -9.934 -10.397 -10.926 -11.558 -11.949 -12.574 -12.912 -12.979
10.600 0.498 3.244 -1.684 -4.631 -6.905 -7.786 -8.894 -8.795 -9.777 -9.913 -10.375 -10.905 -11.537 -11.928 -12.553 -12.891 -12.958
10.700 0.519 3.265 -1.663 -4.610 -6.884 -7.765 -8.873 -8.774 -9.756 -9.892 -10.354 -10.884 -11.516 -11.907 -12.532 -12.870 -12.937
10.800 0.540 3.286 -1.643 -4.590 -6.864 -7.745 -8.853 -8.753 -9.735 -9.871 -10.334 -10.863 -11.496 -11.886 -12.512 -12.849 -12.916
10.900 0.560 3.306 -1.622 -4.570 -6.843 -7.725 -8.832 -8.733 -9.715 -9.851 -10.314 -10.843 -11.476 -11.866 -12.492 -12.829 -12.896
11.000 0.580 3.326 -1.603 -4.550 -6.824 -7.705 -8.813 -8.713 -9.695 -9.831 -10.294 -10.823 -11.456 -11.846 -12.472 -12.809 -12.876
11.100 0.599 3.345 -1.583 -4.530 -6.804 -7.685 -8.793 -8.694 -9.676 -9.812 -10.274 -10.804 -11.436 -11.827 -12.452 -12.790 -12.857
11.200 0.618 3.364 -1.564 -4.511 -6.785 -7.666 -8.774 -8.675 -9.657 -9.793 -10.255 -10.785 -11.417 -11.808 -12.433 -12.771 -12.838
11.300 0.637 3.383 -1.545 -4.493 -6.766 -7.647 -8.755 -8.656 -9.638 -9.774 -10.236 -10.766 -11.398 -11.789 -12.414 -12.752 -12.819
11.400 0.656 3.402 -1.527 -4.474 -6.748 -7.629 -8.737 -8.638 -9.619 -9.756 -10.218 -10.747 -11.380 -11.770 -12.396 -12.734 -12.801
11.500 0.674 3.420 -1.509 -4.456 -6.730 -7.611 -8.719 -8.619 -9.601 -9.737 -10.200 -10.729 -11.362 -11.752 -12.378 -12.715 -12.782
11.600 0.692 3.438 -1.491 -4.438 -6.712 -7.593 -8.701 -8.601 -9.583 -9.719 -10.182 -10.711 -11.344 -11.734 -12.360 -12.697 -12.764
11.700 0.709 3.456 -1.473 -4.420 -6.694 -7.575 -8.683 -8.584 -9.565 -9.702 -10.164 -10.694 -11.326 -11.716 -12.342 -12.680 -12.747
11.800 0.727 3.473 -1.455 -4.403 -6.677 -7.558 -8.666 -8.566 -9.548 -9.684 -10.147 -10.676 -11.309 -11.699 -12.325 -12.662 -12.729
11.900 0.744 3.490 -1.438 -4.386 -6.659 -7.540 -8.648 -8.549 -9.531 -9.667 -10.129 -10.659 -11.291 -11.682 -12.307 -12.645 -12.712
12.000 0.761 3.507 -1.421 -4.369 -6.642 -7.523 -8.631 -8.532 -9.514 -9.650 -10.113 -10.642 -11.274 -11.665 -12.290 -12.628 -12.695
12.100 0.778 3.524 -1.405 -4.352 -6.626 -7.507 -8.615 -8.515 -9.497 -9.633 -10.096 -10.625 -11.258 -11.648 -12.274 -12.611 -12.678
12.200 0.794 3.540 -1.388 -4.335 -6.609 -7.490 -8.598 -8.499 -9.481 -9.617 -10.079 -10.609 -11.241 -11.632 -12.257 -12.595 -12.662
12.300 0.811 3.557 -1.372 -4.319 -6.593 -7.474 -8.582 -8.483 -9.464 -9.600 -10.063 -10.592 -11.225 -11.615 -12.241 -12.578 -12.646
12.400 0.827 3.573 -1.356 -4.303 -6.577 -7.458 -8.566 -8.466 -9.448 -9.584 -10.047 -10.576 -11.209 -11.599 -12.225 -12.562 -12.629
12.500 0.843 3.589 -1.340 -4.287 -6.561 -7.442 -8.550 -8.450 -9.432 -9.568 -10.031 -10.560 -11.193 -11.583 -12.209 -12.546 -12.613
12.600 0.859 3.605 -1.324 -4.271 -6.545 -7.426 -8.534 -8.435 -9.416 -9.553 -10.015 -10.544 -11.177 -11.567 -12.193 -12.531 -12.598
12.700 0.874 3.620 -1.308 -4.255 -6.529 -7.410 -8.518 -8.419 -9.401 -9.537 -9.999 -10.529 -11.161 -11.552 -12.177 -12.515 -12.582
12.800 0.890 3.636 -1.293 -4.240 -6.514 -7.395 -8.503 -8.404 -9.385 -9.521 -9.984 -10.513 -11.146 -11.536 -12.162 -12.499 -12.567
12.900 0.905 3.651 -1.277 -4.225 -6.498 -7.380 -8.487 -8.388 -9.370 -9.506 -9.969 -10.498 -11.131 -11.521 -12.147 -12.484 -12.551
13.000 0.920 3.666 -1.262 -4.210 -6.483 -7.364 -8.472 -8.373 -9.355 -9.491 -9.953 -10.483 -11.115 -11.506 -12.131 -12.469 -12.536
13.100 0.935 3.681 -1.247 -4.195 -6.468 -7.349 -8.457 -8.358 -9.340 -9.476 -9.938 -10.468 -11.100 -11.491 -12.116 -12.454 -12.521
13.200 0.950 3.696 -1.232 -4.180 -6.453 -7.335 -8.442 -8.343 -9.325 -9.461 -9.924 -10.453 -11.086 -11.476 -12.102 -12.439 -12.506
13.300 0.965 3.711 -1.218 -4.165 -6.439 -7.320 -8.428 -8.329 -9.310 -9.446 -9.909 -10.438 -11.071 -11.461 -12.087 -12.424 -12.492
13.400 0.979 3.725 -1.203 -4.150 -6.424 -7.305 -8.413 -8.314 -9.296 -9.432 -9.894 -10.424 -11.056 -11.447 -12.072 -12.410 -12.477
13.500 0.994 3.740 -1.189 -4.136 -6.410 -7.291 -8.399 -8.299 -9.281 -9.417 -9.880 -10.409 -11.042 -11.432 -12.058 -12.395 -12.462
13.600 1.008 3.754 -1.174 -4.122 -6.395 -7.276 -8.384 -8.285 -9.267 -9.403 -9.866 -10.395 -11.027 -11.418 -12.043 -12.381 -12.448
13.700 1.022 3.768 -1.160 -4.107 -6.381 -7.262 -8.370 -8.271 -9.253 -9.389 -9.851 -10.381 -11.013 -11.404 -12.029 -12.367 -12.434
13.800 1.036 3.782 -1.146 -4.093 -6.367 -7.248 -8.356 -8.257 -9.239 -9.375 -9.837 -10.367 -10.999 -11.390 -12.015 -12.353 -12.420
13.900 1.050 3.796 -1.132 -4.079 -6.353 -7.234 -8.342 -8.243 -9.225 -9.361 -9.823 -10.353 -10.985 -11.376 -12.001 -12.339 -12.406
14.000 1.064 3.810 -1.118 -4.065 -6.339 -7.220 -8.328 -8.229 -9.211 -9.347 -9.809 -10.339 -10.971 -11.362 -11.987 -12.325 -12.392
14.100 1.078 3.824 -1.104 -4.052 -6.326 -7.207 -8.315 -8.215 -9.197 -9.333 -9.796 -10.325 -10.958 -11.348 -11.974 -12.311 -12.378
14.200 1.092 3.838 -1.091 -4.038 -6.312 -7.193 -8.301 -8.202 -9.183 -9.320 -9.782 -10.312 -10.944 -11.334 -11.960 -12.298 -12.365
14.300 1.105 3.851 -1.077 -4.025 -6.298 -7.179 -8.287 -8.188 -9.170 -9.306 -9.768 -10.298 -10.930 -11.321 -11.946 -12.284 -12.351
14.400 1.119 3.865 -1.064 -4.011 -6.285 -7.166 -8.274 -8.175 -9.156 -9.293 -9.755 -10.285 -10.917 -11.307 -11.933 -12.271 -12.338
14.500 1.132 3.878 -1.050 -3.998 -6.272 -7.153 -8.261 -8.161 -9.143 -9.279 -9.742 -10.271 -10.904 -11.294 -11.920 -12.257 -12.324
14.600 1.145 3.891 -1.037 -3.985 -6.258 -7.139 -8.247 -8.148 -9.130 -9.266 -9.728 -10.258 -10.890 -11.281 -11.906 -12.244 -12.311
14.700 1.158 3.904 -1.024 -3.971 -6.245 -7.126 -8.234 -8.135 -9.117 -9.253 -9.715 -10.245 -10.877 -11.268 -11.893 -12.231 -12.298
14.800 1.171 3.917 -1.011 -3.958 -6.232 -7.113 -8.221 -8.122 -9.104 -9.240 -9.702 -10.232 -10.864 -11.255 -11.880 -12.218 -12.285
14.900 1.184 3.930 -0.998 -3.945 -6.219 -7.100 -8.208 -8.109 -9.091 -9.227 -9.689 -10.219 -10.851 -11.242 -11.867 -12.205 -12.272
15.000 1.197 3.943 -0.985 -3.933 -6.206 -7.087 -8.195 -8.096 -9.078 -9.214 -9.676 -10.206 -10.838 -11.229 -11.854 -12.192 -12.259
