# day W2 M2 W1 u B g V c r w o i z y J H K
0.000 -7.579 -7.431 -7.258 -6.543 -6.215 -6.053 -5.768 -5.880 -5.530 -5.695 -5.398 -5.134 -4.835 -4.603 -4.129 -3.511 -2.936
0.100 -12.723 -12.890 -12.956 -13.060 -12.988 -12.933 -12.824 -12.862 -12.709 -12.762 -12.638 -12.486 -12.293 -12.130 -11.780 -11.276 -10.782
0.200 -12.891 -13.164 -13.341 -13.726 -13.748 -13.733 -13.685 -13.700 -13.614 -13.635 -13.567 -13.454 -13.298 -13.161 -12.856 -12.393 -11.926
0.300 -12.669 -13.032 -13.323 -13.957 -14.065 -14.085 -14.090 -14.086 -14.057 -14.053 -14.030 -13.949 -13.825 -13.709 -13.441 -13.011 -12.568
0.400 -12.221 -12.666 -13.087 -13.976 -14.173 -14.230 -14.289 -14.266 -14.294 -14.268 -14.288 -14.238 -14.146 -14.049 -13.817 -13.419 -12.997
0.500 -11.631 -12.146 -12.715 -13.859 -14.152 -14.248 -14.364 -14.323 -14.409 -14.362 -14.424 -14.408 -14.347 -14.271 -14.075 -13.709 -13.308
0.600 -11.035 -11.591 -12.301 -13.672 -14.058 -14.193 -14.362 -14.305 -14.448 -14.384 -14.486 -14.501 -14.472 -14.418 -14.258 -13.924 -13.544
0.700 -10.554 -11.123 -11.941 -13.476 -13.940 -14.108 -14.324 -14.255 -14.446 -14.371 -14.506 -14.549 -14.551 -14.517 -14.393 -14.090 -13.732
0.800 -10.203 -10.775 -11.666 -13.311 -13.832 -14.025 -14.278 -14.200 -14.430 -14.348 -14.507 -14.576 -14.604 -14.588 -14.497 -14.223 -13.885
0.900 -9.932 -10.503 -11.458 -13.186 -13.750 -13.962 -14.243 -14.159 -14.417 -14.332 -14.509 -14.596 -14.647 -14.646 -14.583 -14.336 -14.017
1.000 -9.683 -10.250 -11.272 -13.082 -13.685 -13.913 -14.217 -14.128 -14.409 -14.322 -14.514 -14.616 -14.685 -14.697 -14.659 -14.436 -14.134
1.100 -9.442 -10.000 -11.091 -12.984 -13.626 -13.870 -14.195 -14.101 -14.404 -14.315 -14.519 -14.635 -14.720 -14.743 -14.727 -14.524 -14.238
1.200 -9.201 -9.745 -10.909 -12.883 -13.566 -13.826 -14.172 -14.074 -14.398 -14.307 -14.524 -14.652 -14.751 -14.785 -14.788 -14.605 -14.332
1.300 -8.958 -9.482 -10.720 -12.774 -13.499 -13.776 -14.144 -14.042 -14.388 -14.295 -14.524 -14.664 -14.778 -14.821 -14.843 -14.677 -14.418
1.400 -8.712 -9.212 -10.525 -12.656 -13.424 -13.719 -14.110 -14.003 -14.371 -14.276 -14.517 -14.670 -14.798 -14.851 -14.890 -14.742 -14.496
1.500 -8.464 -8.934 -10.324 -12.530 -13.341 -13.654 -14.068 -13.957 -14.347 -14.252 -14.505 -14.670 -14.812 -14.875 -14.931 -14.799 -14.566
1.600 -8.211 -8.646 -10.115 -12.394 -13.250 -13.580 -14.017 -13.903 -14.315 -14.220 -14.485 -14.663 -14.820 -14.892 -14.966 -14.851 -14.629
1.700 -7.954 -8.348 -9.900 -12.249 -13.149 -13.498 -13.960 -13.842 -14.277 -14.182 -14.459 -14.651 -14.823 -14.905 -14.996 -14.894 -14.681
1.800 -7.695 -8.043 -9.679 -12.095 -13.041 -13.409 -13.895 -13.774 -14.231 -14.138 -14.426 -14.632 -14.820 -14.912 -15.021 -14.934 -14.729
1.900 -7.432 -7.726 -9.450 -11.932 -12.924 -13.311 -13.821 -13.698 -14.178 -14.087 -14.386 -14.605 -14.809 -14.913 -15.040 -14.968 -14.774
2.000 -7.164 -7.399 -9.214 -11.758 -12.798 -13.204 -13.739 -13.613 -14.116 -14.027 -14.337 -14.571 -14.792 -14.906 -15.053 -14.997 -14.814
2.100 -6.894 -7.064 -8.973 -11.577 -12.665 -13.091 -13.650 -13.522 -14.048 -13.963 -14.283 -14.531 -14.769 -14.894 -15.061 -15.023 -14.850
2.200 -6.619 -6.714 -8.724 -11.385 -12.522 -12.968 -13.553 -13.423 -13.972 -13.891 -14.222 -14.484 -14.739 -14.877 -15.064 -15.043 -14.883
2.300 -6.341 -6.355 -8.469 -11.184 -12.372 -12.838 -13.448 -13.316 -13.889 -13.813 -14.154 -14.430 -14.703 -14.853 -15.061 -15.059 -14.911
2.400 -6.056 -5.981 -8.205 -10.971 -12.211 -12.698 -13.334 -13.201 -13.798 -13.727 -14.077 -14.368 -14.660 -14.822 -15.052 -15.069 -14.934
2.500 -5.771 -5.598 -7.937 -10.751 -12.044 -12.553 -13.216 -13.082 -13.703 -13.639 -13.999 -14.305 -14.615 -14.790 -15.042 -15.076 -14.952
2.600 -5.483 -5.202 -7.664 -10.522 -11.870 -12.402 -13.093 -12.958 -13.603 -13.547 -13.916 -14.237 -14.567 -14.754 -15.028 -15.078 -14.963
2.700 -5.191 -4.794 -7.384 -10.282 -11.688 -12.242 -12.962 -12.827 -13.497 -13.449 -13.828 -14.164 -14.514 -14.714 -15.009 -15.076 -14.970
2.800 -4.896 -4.372 -7.099 -10.033 -11.498 -12.075 -12.824 -12.689 -13.384 -13.345 -13.733 -14.084 -14.454 -14.668 -14.985 -15.069 -14.974
2.900 -4.597 -3.935 -6.807 -9.772 -11.298 -11.900 -12.678 -12.543 -13.264 -13.235 -13.631 -13.999 -14.390 -14.617 -14.957 -15.060 -14.976
3.000 -4.298 -3.487 -6.512 -9.503 -11.092 -11.718 -12.526 -12.393 -13.138 -13.121 -13.525 -13.908 -14.320 -14.562 -14.926 -15.047 -14.975
3.100 -3.995 -3.025 -6.212 -9.223 -10.877 -11.529 -12.367 -12.235 -13.006 -13.001 -13.413 -13.812 -14.246 -14.501 -14.890 -15.031 -14.971
3.200 -3.691 -2.550 -5.908 -8.934 -10.655 -11.332 -12.201 -12.072 -12.868 -12.876 -13.295 -13.710 -14.166 -14.436 -14.850 -15.011 -14.963
3.300 -3.386 -2.063 -5.601 -8.637 -10.426 -11.130 -12.030 -11.903 -12.724 -12.746 -13.173 -13.603 -14.081 -14.366 -14.806 -14.988 -14.953
3.400 -3.078 -1.561 -5.291 -8.329 -10.190 -10.920 -11.852 -11.728 -12.574 -12.611 -13.045 -13.490 -13.991 -14.292 -14.758 -14.961 -14.940
3.500 -2.773 -1.053 -4.982 -8.017 -9.949 -10.707 -11.670 -11.549 -12.421 -12.474 -12.913 -13.374 -13.898 -14.214 -14.707 -14.932 -14.925
3.600 -2.468 -0.535 -4.672 -7.699 -9.704 -10.488 -11.483 -11.366 -12.263 -12.332 -12.777 -13.253 -13.800 -14.131 -14.651 -14.899 -14.907
3.700 -2.167 -0.014 -4.365 -7.376 -9.455 -10.267 -11.293 -11.180 -12.100 -12.187 -12.637 -13.128 -13.698 -14.045 -14.592 -14.863 -14.886
3.800 -1.870 0.503 -4.063 -7.055 -9.206 -10.043 -11.100 -10.992 -11.935 -12.039 -12.494 -12.999 -13.592 -13.954 -14.530 -14.824 -14.862
3.900 -1.581 1.006 -3.768 -6.736 -8.957 -9.819 -10.905 -10.802 -11.767 -11.889 -12.348 -12.867 -13.482 -13.860 -14.464 -14.782 -14.836
4.000 -1.346 1.400 -3.528 -6.476 -8.749 -9.630 -10.738 -10.639 -11.621 -11.757 -12.220 -12.749 -13.381 -13.772 -14.397 -14.735 -14.802
4.100 -1.291 1.455 -3.474 -6.421 -8.695 -9.576 -10.684 -10.584 -11.566 -11.702 -12.165 -12.694 -13.327 -13.717 -14.343 -14.680 -14.747
4.200 -1.236 1.510 -3.418 -6.366 -8.640 -9.521 -10.629 -10.529 -11.511 -11.647 -12.110 -12.639 -13.272 -13.662 -14.288 -14.625 -14.692
4.300 -1.180 1.566 -3.362 -6.310 -8.584 -9.465 -10.573 -10.473 -11.455 -11.591 -12.054 -12.583 -13.216 -13.606 -14.232 -14.569 -14.636
4.400 -1.123 1.623 -3.306 -6.253 -8.527 -9.408 -10.516 -10.417 -11.398 -11.535 -11.997 -12.527 -13.159 -13.549 -14.175 -14.513 -14.580
4.500 -1.067 1.679 -3.249 -6.196 -8.470 -9.351 -10.459 -10.360 -11.342 -11.478 -11.940 -12.470 -13.102 -13.493 -14.118 -14.456 -14.523
4.600 -1.009 1.737 -3.192 -6.139 -8.413 -9.294 -10.402 -10.303 -11.284 -11.420 -11.883 -12.412 -13.045 -13.435 -14.061 -14.398 -14.466
4.700 -0.952 1.794 -3.134 -6.082 -8.355 -9.237 -10.345 -10.245 -11.227 -11.363 -11.826 -12.355 -12.988 -13.378 -14.004 -14.341 -14.408
4.800 -0.895 1.851 -3.078 -6.025 -8.299 -9.180 -10.288 -10.188 -11.170 -11.306 -11.769 -12.298 -12.931 -13.321 -13.947 -14.284 -14.351
4.900 -0.838 1.908 -3.021 -5.968 -8.242 -9.123 -10.231 -10.132 -11.113 -11.250 -11.712 -12.242 -12.874 -13.264 -13.890 -14.228 -14.295
5.000 -0.782 1.964 -2.964 -5.912 -8.185 -9.067 -10.174 -10.075 -11.057 -11.193 -11.656 -12.185 -12.818 -13.208 -13.834 -14.171 -14.238
5.100 -0.726 2.020 -2.908 -5.855 -8.129 -9.010 -10.118 -10.019 -11.001 -11.137 -11.599 -12.129 -12.761 -13.152 -13.777 -14.115 -14.182
5.200 -0.670 2.077 -2.852 -5.799 -8.073 -8.954 -10.062 -9.963 -10.944 -11.081 -11.543 -12.073 -12.705 -13.095 -13.721 -14.059 -14.126
5.300 -0.614 2.132 -2.796 -5.744 -8.017 -8.898 -10.006 -9.907 -10.889 -11.025 -11.487 -12.017 -12.649 -13.040 -13.665 -14.003 -14.070
5.400 -0.559 2.187 -2.741 -5.688 -7.962 -8.843 -9.951 -9.852 -10.834 -10.970 -11.432 -11.962 -12.594 -12.985 -13.610 -13.948 -14.015
5.500 -0.504 2.242 -2.686 -5.634 -7.907 -8.788 -9.896 -9.797 -10.779 -10.915 -11.377 -11.907 -12.539 -12.930 -13.555 -13.893 -13.960
5.600 -0.450 2.296 -2.633 -5.580 -7.854 -8.735 -9.843 -9.743 -10.725 -10.861 -11.324 -11.853 -12.486 -12.876 -13.502 -13.839 -13.906
5.700 -0.397 2.349 -2.580 -5.527 -7.801 -8.682 -9.790 -9.691 -10.672 -10.809 -11.271 -11.800 -12.433 -12.823 -13.449 -13.787 -13.854
5.800 -0.345 2.401 -2.528 -5.475 -7.749 -8.630 -9.738 -9.638 -10.620 -10.756 -11.219 -11.748 -12.381 -12.771 -13.397 -13.734 -13.801
5.900 -0.294 2.452 -2.476 -5.424 -7.697 -8.579 -9.686 -9.587 -10.569 -10.705 -11.168 -11.697 -12.330 -12.720 -13.346 -13.683 -13.750
6.000 -0.243 2.503 -2.426 -5.373 -7.647 -8.528 -9.636 -9.537 -10.518 -10.655 -11.117 -11.647 -12.279 -12.669 -13.295 -13.633 -13.700
6.100 -0.194 2.552 -2.376 -5.323 -7.597 -8.478 -9.586 -9.487 -10.469 -10.605 -11.067 -11.597 -12.229 -12.620 -13.245 -13.583 -13.650
6.200 -0.145 2.601 -2.327 -5.274 -7.548 -8.429 -9.537 -9.438 -10.420 -10.556 -11.018 -11.548 -12.180 -12.571 -13.196 -13.534 -13.601
6.300 -0.097 2.649 -2.279 -5.226 -7.500 -8.381 -9.489 -9.390 -10.372 -10.508 -10.970 -11.500 -12.132 -12.523 -13.148 -13.486 -13.553
6.400 -0.050 2.697 -2.232 -5.179 -7.453 -8.334 -9.442 -9.343 -10.324 -10.461 -10.923 -11.453 -12.085 -12.475 -13.101 -13.439 -13.506
6.500 -0.003 2.743 -2.186 -5.133 -7.407 -8.288 -9.396 -9.296 -10.278 -10.414 -10.877 -11.406 -12.039 -12.429 -13.055 -13.392 -13.459
6.600 0.042 2.788 -2.140 -5.088 -7.361 -8.243 -9.351 -9.251 -10.233 -10.369 -10.832 -11.361 -11.994 -12.384 -13.010 -13.347 -13.414
6.700 0.086 2.832 -2.096 -5.044 -7.317 -8.198 -9.306 -9.207 -10.189 -10.325 -10.788 -11.317 -11.950 -12.340 -12.966 -13.303 -13.370
6.800 0.129 2.875 -2.053 -5.000 -7.274 -8.155 -9.263 -9.164 -10.146 -10.282 -10.744 -11.274 -11.906 -12.297 -12.922 -13.260 -13.327
6.900 0.172 2.918 -2.011 -4.958 -7.232 -8.113 -9.221 -9.122 -10.103 -10.240 -10.702 -11.231 -11.864 -12.254 -12.880 -13.218 -13.285
7.000 0.213 2.959 -1.969 -4.917 -7.190 -8.071 -9.179 -9.080 -10.062 -10.198 -10.661 -11.190 -11.822 -12.213 -12.838 -13.176 -13.243
7.100 0.254 3.000 -1.929 -4.876 -7.150 -8.031 -9.139 -9.039 -10.021 -10.157 -10.620 -11.149 -11.782 -12.172 -12.798 -13.135 -13.202
7.200 0.294 3.040 -1.889 -4.836 -7.110 -7.991 -9.099 -9.000 -9.981 -10.118 -10.580 -11.109 -11.742 -12.132 -12.758 -13.096 -13.163
7.300 0.333 3.079 -1.850 -4.797 -7.071 -7.952 -9.060 -8.961 -9.942 -10.079 -10.541 -11.070 -11.703 -12.093 -12.719 -13.057 -13.124
7.400 0.371 3.117 -1.812 -4.759 -7.033 -7.914 -9.022 -8.922 -9.904 -10.040 -10.503 -11.032 -11.665 -12.055 -12.681 -13.018 -13.085
7.500 0.408 3.154 -1.774 -4.721 -6.995 -7.876 -8.984 -8.885 -9.867 -10.003 -10.465 -10.995 -11.627 -12.018 -12.643 -12.981 -13.048
7.600 0.445 3.191 -1.737 -4.685 -6.958 -7.840 -8.947 -8.848 -9.830 -9.966 -10.429 -10.958 -11.591 -11.981 -12.607 -12.944 -13.011
7.700 0.481 3.227 -1.701 -4.649 -6.922 -7.804 -8.911 -8.812 -9.794 -9.930 -10.393 -10.922 -11.555 -11.945 -12.571 -12.908 -12.975
7.800 0.516 3.262 -1.666 -4.614 -6.887 -7.769 -8.876 -8.777 -9.759 -9.895 -10.358 -10.887 -11.520 -11.910 -12.536 -12.873 -12.940
7.900 0.550 3.296 -1.632 -4.579 -6.853 -7.734 -8.842 -8.743 -9.725 -9.861 -10.323 -10.853 -11.485 -11.876 -12.501 -12.839 -12.906
8.000 0.584 3.330 -1.598 -4.546 -6.820 -7.701 -8.809 -8.709 -9.691 -9.827 -10.290 -10.819 -11.452 -11.842 -12.468 -12.805 -12.872
8.100 0.617 3.363 -1.565 -4.513 -6.787 -7.668 -8.776 -8.676 -9.658 -9.794 -10.257 -10.786 -11.419 -11.809 -12.435 -12.772 -12.839
8.200 0.649 3.395 -1.533 -4.480 -6.754 -7.635 -8.743 -8.644 -9.626 -9.762 -10.224 -10.754 -11.386 -11.777 -12.402 -12.740 -12.807
8.300 0.681 3.427 -1.502 -4.449 -6.723 -7.604 -8.712 -8.612 -9.594 -9.730 -10.193 -10.722 -11.355 -11.745 -12.371 -12.708 -12.775
8.400 0.712 3.458 -1.470 -4.418 -6.691 -7.573 -8.681 -8.581 -9.563 -9.699 -10.162 -10.691 -11.324 -11.714 -12.340 -12.677 -12.744
8.500 0.742 3.489 -1.440 -4.387 -6.661 -7.542 -8.650 -8.551 -9.532 -9.669 -10.131 -10.661 -11.293 -11.683 -12.309 -12.647 -12.714
8.600 0.772 3.518 -1.410 -4.357 -6.631 -7.512 -8.620 -8.521 -9.503 -9.639 -10.101 -10.631 -11.263 -11.654 -12.279 -12.617 -12.684
8.700 0.802 3.548 -1.381 -4.328 -6.602 -7.483 -8.591 -8.492 -9.473 -9.609 -10.072 -10.601 -11.234 -11.624 -12.250 -12.587 -12.655
8.800 0.831 3.577 -1.352 -4.299 -6.573 -7.454 -8.562 -8.463 -9.444 -9.581 -10.043 -10.573 -11.205 -11.595 -12.221 -12.559 -12.626
8.900 0.859 3.605 -1.324 -4.271 -6.545 -7.426 -8.534 -8.434 -9.416 -9.552 -10.015 -10.544 -11.177 -11.567 -12.193 -12.530 -12.597
9.000 0.887 3.633 -1.296 -4.243 -6.517 -7.398 -8.506 -8.407 -9.388 -9.525 -9.987 -10.517 -11.149 -11.539 -12.165 -12.503 -12.570
9.100 0.914 3.660 -1.269 -4.216 -6.490 -7.371 -8.479 -8.379 -9.361 -9.497 -9.960 -10.489 -11.122 -11.512 -12.138 -12.475 -12.542
9.200 0.940 3.687 -1.242 -4.189 -6.463 -7.344 -8.452 -8.353 -9.334 -9.471 -9.933 -10.463 -11.095 -11.485 -12.111 -12.449 -12.516
9.300 0.967 3.713 -1.216 -4.163 -6.437 -7.318 -8.426 -8.327 -9.308 -9.444 -9.907 -10.436 -11.069 -11.459 -12.085 -12.422 -12.490
9.400 0.992 3.738 -1.190 -4.137 -6.411 -7.292 -8.400 -8.301 -9.282 -9.419 -9.881 -10.411 -11.043 -11.433 -12.059 -12.397 -12.464
9.500 1.018 3.764 -1.165 -4.112 -6.386 -7.267 -8.375 -8.275 -9.257 -9.393 -9.856 -10.385 -11.018 -11.408 -12.034 -12.371 -12.438
9.600 1.043 3.789 -1.140 -4.087 -6.361 -7.242 -8.350 -8.251 -9.232 -9.369 -9.831 -10.360 -10.993 -11.383 -12.009 -12.347 -12.414
9.700 1.067 3.813 -1.115 -4.063 -6.336 -7.217 -8.325 -8.226 -9.208 -9.344 -9.807 -10.336 -10.968 -11.359 -11.984 -12.322 -12.389
9.800 1.091 3.837 -1.091 -4.039 -6.312 -7.193 -8.301 -8.202 -9.184 -9.320 -9.782 -10.312 -10.944 -11.335 -11.960 -12.298 -12.365
9.900 1.115 3.861 -1.068 -4.015 -6.289 -7.170 -8.278 -8.178 -9.160 -9.296 -9.759 -10.288 -10.921 -11.311 -11.937 -12.274 -12.341
10.000 1.138 3.884 -1.044 -3.992 -6.265 -7.146 -8.254 -8.155 -9.137 -9.273 -9.736 -10.265 -10.898 -11.288 -11.913 -12.251 -12.318
10.100 1.161 3.907 -1.021 -3.969 -6.242 -7.124 -8.232 -8.132 -9.114 -9.250 -9.713 -10.242 -10.875 -11.265 -11.891 -12.228 -12.295
10.200 1.183 3.930 -0.999 -3.946 -6.220 -7.101 -8.209 -8.110 -9.091 -9.228 -9.690 -10.220 -10.852 -11.242 -11.868 -12.206 -12.273
10.300 1.206 3.952 -0.977 -3.924 -6.198 -7.079 -8.187 -8.088 -9.069 -9.205 -9.668 -10.197 -10.830 -11.220 -11.846 -12.183 -12.251
10.400 1.228 3.974 -0.955 -3.902 -6.176 -7.057 -8.165 -8.066 -9.047 -9.184 -9.646 -10.176 -10.808 -11.198 -11.824 -12.162 -12.229
10.500 1.249 3.995 -0.933 -3.881 -6.154 -7.035 -8.143 -8.044 -9.026 -9.162 -9.625 -10.154 -10.786 -11.177 -11.802 -12.140 -12.207
10.600 1.270 4.016 -0.912 -3.859 -6.133 -7.014 -8.122 -8.023 -9.005 -9.141 -9.603 -10.133 -10.765 -11.156 -11.781 -12.119 -12.186
10.700 1.291 4.037 -0.891 -3.838 -6.112 -6.993 -8.101 -8.002 -8.984 -9.120 -9.582 -10.112 -10.744 -11.135 -11.760 -12.098 -12.165
10.800 1.312 4.058 -0.871 -3.818 -6.092 -6.973 -8.081 -7.981 -8.963 -9.099 -9.562 -10.091 -10.724 -11.114 -11.740 -12.077 -12.144
10.900 1.332 4.078 -0.850 -3.798 -6.071 -6.952 -8.060 -7.961 -8.943 -9.079 -9.541 -10.071 -10.703 -11.094 -11.719 -12.057 -12.124
11.000 1.352 4.098 -0.830 -3.778 -6.051 -6.932 -8.040 -7.941 -8.923 -9.059 -9.521 -10.051 -10.683 -11.074 -11.699 -12.037 -12.104
11.100 1.372 4.118 -0.810 -3.758 -6.032 -6.913 -8.021 -7.921 -8.903 -9.039 -9.502 -10.031 -10.664 -11.054 -11.680 -12.017 -12.084
11.200 1.391 4.137 -0.791 -3.738 -6.012 -6.893 -8.001 -7.902 -8.884 -9.020 -9.482 -10.012 -10.644 -11.034 -11.660 -11.998 -12.065
11.300 1.411 4.157 -0.772 -3.719 -5.993 -6.874 -7.982 -7.883 -8.864 -9.000 -9.463 -9.992 -10.625 -11.015 -11.641 -11.978 -12.046
11.400 1.430 4.176 -0.753 -3.700 -5.974 -6.855 -7.963 -7.864 -8.845 -8.981 -9.444 -9.973 -10.606 -10.996 -11.622 -11.959 -12.027
11.500 1.448 4.195 -0.734 -3.681 -5.955 -6.836 -7.944 -7.845 -8.826 -8.963 -9.425 -9.955 -10.587 -10.977 -11.603 -11.941 -12.008
11.600 1.467 4.213 -0.715 -3.663 -5.936 -6.817 -7.925 -7.826 -8.808 -8.944 -9.407 -9.936 -10.569 -10.959 -11.585 -11.922 -11.989
11.700 1.485 4.231 -0.697 -3.644 -5.918 -6.799 -7.907 -7.808 -8.790 -8.926 -9.388 -9.918 -10.550 -10.941 -11.566 -11.904 -11.971
11.800 1.503 4.250 -0.679 -3.626 -5.900 -6.781 -7.889 -7.790 -8.771 -8.908 -9.370 -9.900 -10.532 -10.922 -11.548 -11.886 -11.953
11.900 1.521 4.267 -0.661 -3.608 -5.882 -6.763 -7.871 -7.772 -8.754 -8.890 -9.352 -9.882 -10.514 -10.904 -11.530 -11.868 -11.935
12.000 1.539 4.285 -0.643 -3.591 -5.864 -6.745 -7.853 -7.754 -8.736 -8.872 -9.334 -9.864 -10.496 -10.887 -11.512 -11.850 -11.917
12.100 1.557 4.303 -0.626 -3.573 -5.847 -6.728 -7.836 -7.737 -8.718 -8.855 -9.317 -9.846 -10.479 -10.869 -11.495 -11.833 -11.900
12.200 1.574 4.320 -0.608 -3.556 -5.829 -6.711 -7.818 -7.719 -8.701 -8.837 -9.300 -9.829 -10.462 -10.852 -11.478 -11.815 -11.882
12.300 1.591 4.337 -0.591 -3.539 -5.812 -6.693 -7.801 -7.702 -8.684 -8.820 -9.282 -9.812 -10.444 -10.835 -11.460 -11.798 -11.865
12.400 1.608 4.354 -0.574 -3.522 -5.795 -6.676 -7.784 -7.685 -8.667 -8.803 -9.265 -9.795 -10.427 -10.818 -11.443 -11.781 -11.848
12.500 1.625 4.371 -0.557 -3.505 -5.779 -6.660 -7.768 -7.668 -8.650 -8.786 -9.249 -9.778 -10.411 -10.801 -11.427 -11.764 -11.831
12.600 1.642 4.388 -0.541 -3.488 -5.762 -6.643 -7.751 -7.652 -8.633 -8.770 -9.232 -9.762 -10.394 -10.784 -11.410 -11.748 -11.815
12.700 1.658 4.404 -0.524 -3.472 -5.745 -6.627 -7.734 -7.635 -8.617 -8.753 -9.216 -9.745 -10.378 -10.768 -11.394 -11.731 -11.798
12.800 1.674 4.420 -0.508 -3.455 -5.729 -6.610 -7.718 -7.619 -8.601 -8.737 -9.199 -9.729 -10.361 -10.752 -11.377 -11.715 -11.782
12.900 1.690 4.437 -0.492 -3.439 -5.713 -6.594 -7.702 -7.603 -8.584 -8.721 -9.183 -9.713 -10.345 -10.735 -11.361 -11.699 -11.766
13.000 1.706 4.453 -0.476 -3.423 -5.697 -6.578 -7.686 -7.587 -8.568 -8.705 -9.167 -9.697 -10.329 -10.719 -11.345 -11.683 -11.750
13.100 1.722 4.468 -0.460 -3.407 -5.681 -6.562 -7.670 -7.571 -8.553 -8.689 -9.151 -9.681 -10.313 -10.704 -11.329 -11.667 -11.734
13.200 1.738 4.484 -0.444 -3.392 -5.665 -6.546 -7.654 -7.555 -8.537 -8.673 -9.136 -9.665 -10.297 -10.688 -11.313 -11.651 -11.718
13.300 1.754 4.500 -0.429 -3.376 -5.650 -6.531 -7.639 -7.540 -8.521 -8.658 -9.120 -9.649 -10.282 -10.672 -11.298 -11.636 -11.703
13.400 1.769 4.515 -0.413 -3.361 -5.634 -6.515 -7.623 -7.524 -8.506 -8.642 -9.105 -9.634 -10.266 -10.657 -11.282 -11.620 -11.687
13.500 1.784 4.530 -0.398 -3.345 -5.619 -6.500 -7.608 -7.509 -8.491 -8.627 -9.089 -9.619 -10.251 -10.642 -11.267 -11.605 -11.672
13.600 1.800 4.546 -0.383 -3.330 -5.604 -6.485 -7.593 -7.494 -8.475 -8.612 -9.074 -9.604 -10.236 -10.626 -11.252 -11.590 -11.657
13.700 1.815 4.561 -0.368 -3.315 -5.589 -6.470 -7.578 -7.479 -8.460 -8.597 -9.059 -9.588 -10.221 -10.611 -11.237 -11.575 -11.642
13.800 1.830 4.576 -0.353 -3.300 -5.574 -6.455 -7.563 -7.464 -8.445 -8.582 -9.044 -9.574 -10.206 -10.596 -11.222 -11.560 -11.627
13.900 1.844 4.590 -0.338 -3.285 -5.559 -6.440 -7.548 -7.449 -8.431 -8.567 -9.029 -9.559 -10.191 -10.582 -11.207 -11.545 -11.612
14.000 1.859 4.605 -0.323 -3.271 -5.544 -6.425 -7.533 -7.434 -8.416 -8.552 -9.015 -9.544 -10.176 -10.567 -11.192 -11.530 -11.597
14.100 1.874 4.620 -0.309 -3.256 -5.530 -6.411 -7.519 -7.420 -8.401 -8.538 -9.000 -9.529 -10.162 -10.552 -11.178 -11.516 -11.583
14.200 1.888 4.634 -0.294 -3.242 -5.515 -6.396 -7.504 -7.405 -8.387 -8.523 -8.985 -9.515 -10.147 -10.538 -11.163 -11.501 -11.568
14.300 1.902 4.649 -0.280 -3.227 -5.501 -6.382 -7.490 -7.391 -8.372 -8.509 -8.971 -9.501 -10.133 -10.523 -11.149 -11.487 -11.554
14.400 1.917 4.663 -0.266 -3.213 -5.487 -6.368 -7.476 -7.377 -8.358 -8.494 -8.957 -9.486 -10.119 -10.509 -11.135 -11.472 -11.540
14.500 1.931 4.677 -0.252 -3.199 -5.473 -6.354 -7.462 -7.362 -8.344 -8.480 -8.943 -9.472 -10.105 -10.495 -11.121 -11.458 -11.525
14.600 1.945 4.691 -0.238 -3.185 -5.459 -6.340 -7.448 -7.348 -8.330 -8.466 -8.929 -9.458 -10.091 -10.481 -11.107 -11.444 -11.511
14.700 1.959 4.705 -0.224 -3.171 -5.445 -6.326 -7.434 -7.334 -8.316 -8.452 -8.915 -9.444 -10.077 -10.467 -11.093 -11.430 -11.497
14.800 1.973 4.719 -0.210 -3.157 -5.431 -6.312 -7.420 -7.321 -8.302 -8.439 -8.901 -9.430 -10.063 -10.453 -11.079 -11.417 -11.484
14.900 1.986 4.732 -0.196 -3.143 -5.417 -6.298 -7.406 -7.307 -8.289 -8.425 -8.887 -9.417 -10.049 -10.440 -11.065 -11.403 -11.470
15.000 2.000 4.746 -0.182 -3.130 -5.403 -6.285 -7.393 -7.293 -8.275 -8.411 -8.874 -9.403 -10.036 -10.426 -11.052 -11.389 -11.456
