# day W2 M2 W1 u B g V c r w o i z y J H K
0.000 -7.171 -7.024 -6.853 -6.145 -5.820 -5.659 -5.377 -5.488 -5.141 -5.304 -5.009 -4.747 -4.450 -4.219 -3.747 -3.131 -2.558
0.100 -12.422 -12.597 -12.659 -12.728 -12.632 -12.568 -12.443 -12.487 -12.318 -12.380 -12.243 -12.085 -11.887 -11.723 -11.375 -10.875 -10.385
0.200 -12.726 -13.005 -13.173 -13.506 -13.491 -13.459 -13.384 -13.408 -13.292 -13.328 -13.235 -13.105 -12.936 -12.792 -12.479 -12.013 -11.549
0.300 -12.779 -13.126 -13.377 -13.897 -13.944 -13.936 -13.898 -13.909 -13.831 -13.848 -13.787 -13.678 -13.529 -13.398 -13.109 -12.667 -12.221
0.400 -12.735 -13.132 -13.455 -14.128 -14.228 -14.242 -14.235 -14.234 -14.190 -14.192 -14.157 -14.066 -13.934 -13.814 -13.545 -13.122 -12.689
0.500 -12.658 -13.094 -13.481 -14.282 -14.428 -14.460 -14.481 -14.471 -14.455 -14.445 -14.432 -14.357 -14.239 -14.128 -13.876 -13.470 -13.049
0.600 -12.554 -13.022 -13.468 -14.382 -14.570 -14.620 -14.666 -14.647 -14.658 -14.637 -14.644 -14.583 -14.480 -14.377 -14.141 -13.749 -13.338
0.700 -12.435 -12.928 -13.431 -14.447 -14.675 -14.741 -14.811 -14.784 -14.820 -14.789 -14.815 -14.767 -14.676 -14.582 -14.359 -13.980 -13.580
0.800 -12.304 -12.819 -13.375 -14.485 -14.751 -14.833 -14.925 -14.891 -14.950 -14.911 -14.953 -14.918 -14.839 -14.753 -14.544 -14.177 -13.786
0.900 -12.162 -12.694 -13.302 -14.501 -14.803 -14.900 -15.014 -14.973 -15.054 -15.007 -15.066 -15.043 -14.976 -14.897 -14.702 -14.347 -13.964
1.000 -12.027 -12.573 -13.230 -14.509 -14.846 -14.956 -15.090 -15.043 -15.145 -15.091 -15.164 -15.153 -15.097 -15.026 -14.842 -14.498 -14.123
1.100 -11.876 -12.434 -13.140 -14.498 -14.868 -14.993 -15.146 -15.093 -15.215 -15.156 -15.243 -15.243 -15.199 -15.134 -14.963 -14.631 -14.264
1.200 -11.726 -12.292 -13.047 -14.478 -14.881 -15.019 -15.192 -15.133 -15.275 -15.210 -15.311 -15.322 -15.288 -15.231 -15.072 -14.750 -14.390
1.300 -11.568 -12.140 -12.943 -14.446 -14.881 -15.033 -15.224 -15.161 -15.322 -15.251 -15.365 -15.387 -15.364 -15.314 -15.167 -14.856 -14.504
1.400 -11.410 -11.985 -12.836 -14.408 -14.874 -15.039 -15.249 -15.180 -15.360 -15.285 -15.411 -15.444 -15.432 -15.389 -15.254 -14.952 -14.607
1.500 -11.239 -11.816 -12.716 -14.356 -14.854 -15.033 -15.261 -15.188 -15.386 -15.307 -15.446 -15.490 -15.489 -15.453 -15.330 -15.038 -14.698
1.600 -11.078 -11.655 -12.602 -14.305 -14.834 -15.025 -15.271 -15.193 -15.410 -15.327 -15.477 -15.531 -15.542 -15.513 -15.401 -15.118 -14.783
1.700 -10.903 -11.476 -12.472 -14.239 -14.800 -15.004 -15.268 -15.186 -15.422 -15.335 -15.497 -15.562 -15.584 -15.562 -15.463 -15.189 -14.860
1.800 -10.726 -11.294 -12.339 -14.169 -14.761 -14.978 -15.260 -15.174 -15.428 -15.338 -15.511 -15.587 -15.620 -15.605 -15.518 -15.254 -14.931
1.900 -10.552 -11.112 -12.207 -14.096 -14.719 -14.949 -15.249 -15.159 -15.430 -15.338 -15.522 -15.608 -15.652 -15.644 -15.569 -15.315 -14.997
2.000 -10.366 -10.915 -12.062 -14.011 -14.666 -14.910 -15.227 -15.133 -15.422 -15.328 -15.523 -15.620 -15.675 -15.675 -15.613 -15.369 -15.057
2.100 -10.175 -10.711 -11.911 -13.920 -14.607 -14.864 -15.199 -15.102 -15.409 -15.312 -15.518 -15.626 -15.693 -15.701 -15.651 -15.418 -15.113
2.200 -9.991 -10.513 -11.764 -13.829 -14.548 -14.818 -15.171 -15.070 -15.394 -15.296 -15.512 -15.630 -15.708 -15.724 -15.687 -15.464 -15.165
2.300 -9.797 -10.301 -11.607 -13.728 -14.479 -14.763 -15.134 -15.030 -15.372 -15.273 -15.499 -15.627 -15.718 -15.741 -15.717 -15.505 -15.213
2.400 -9.594 -10.076 -11.439 -13.618 -14.402 -14.700 -15.090 -14.982 -15.342 -15.242 -15.478 -15.618 -15.720 -15.751 -15.742 -15.541 -15.256
2.500 -9.393 -9.851 -11.272 -13.505 -14.323 -14.634 -15.043 -14.932 -15.310 -15.209 -15.455 -15.606 -15.720 -15.759 -15.763 -15.574 -15.296
2.600 -9.194 -9.625 -11.104 -13.390 -14.241 -14.566 -14.993 -14.879 -15.275 -15.174 -15.430 -15.591 -15.718 -15.765 -15.782 -15.604 -15.333
2.700 -8.986 -9.387 -10.927 -13.266 -14.151 -14.491 -14.936 -14.819 -15.234 -15.133 -15.398 -15.570 -15.709 -15.765 -15.797 -15.630 -15.367
2.800 -8.771 -9.137 -10.742 -13.133 -14.054 -14.408 -14.872 -14.753 -15.186 -15.085 -15.360 -15.543 -15.696 -15.760 -15.807 -15.653 -15.397
2.900 -8.552 -8.880 -10.551 -12.994 -13.951 -14.320 -14.803 -14.682 -15.133 -15.034 -15.318 -15.512 -15.678 -15.751 -15.813 -15.672 -15.425
3.000 -8.339 -8.625 -10.363 -12.855 -13.848 -14.232 -14.734 -14.610 -15.079 -14.981 -15.275 -15.480 -15.659 -15.741 -15.818 -15.689 -15.450
3.100 -8.121 -8.361 -10.170 -12.710 -13.739 -14.138 -14.660 -14.534 -15.021 -14.925 -15.227 -15.444 -15.636 -15.727 -15.820 -15.704 -15.473
3.200 -7.896 -8.086 -9.968 -12.555 -13.622 -14.037 -14.578 -14.450 -14.956 -14.863 -15.174 -15.402 -15.608 -15.708 -15.817 -15.715 -15.493
3.300 -7.666 -7.800 -9.759 -12.393 -13.499 -13.929 -14.491 -14.362 -14.887 -14.796 -15.115 -15.356 -15.576 -15.686 -15.811 -15.723 -15.510
3.400 -7.432 -7.504 -9.545 -12.223 -13.369 -13.816 -14.399 -14.267 -14.811 -14.724 -15.052 -15.304 -15.540 -15.659 -15.802 -15.728 -15.524
3.500 -7.201 -7.209 -9.332 -12.052 -13.238 -13.701 -14.305 -14.172 -14.735 -14.651 -14.988 -15.252 -15.502 -15.631 -15.791 -15.732 -15.537
3.600 -6.969 -6.908 -9.116 -11.877 -13.103 -13.583 -14.207 -14.073 -14.655 -14.576 -14.920 -15.196 -15.461 -15.600 -15.778 -15.733 -15.548
3.700 -6.733 -6.595 -8.894 -11.693 -12.962 -13.458 -14.104 -13.969 -14.570 -14.495 -14.848 -15.136 -15.416 -15.566 -15.761 -15.732 -15.556
3.800 -6.492 -6.272 -8.666 -11.501 -12.813 -13.327 -13.994 -13.859 -14.479 -14.410 -14.770 -15.071 -15.367 -15.527 -15.741 -15.727 -15.562
3.900 -6.247 -5.939 -8.431 -11.301 -12.658 -13.190 -13.879 -13.743 -14.384 -14.320 -14.688 -15.001 -15.314 -15.485 -15.718 -15.720 -15.565
4.000 -5.998 -5.594 -8.192 -11.094 -12.496 -13.046 -13.758 -13.622 -14.283 -14.226 -14.601 -14.927 -15.256 -15.438 -15.692 -15.711 -15.567
4.100 -5.751 -5.248 -7.953 -10.884 -12.332 -12.901 -13.636 -13.499 -14.180 -14.131 -14.513 -14.851 -15.197 -15.391 -15.664 -15.700 -15.567
4.200 -5.505 -4.897 -7.713 -10.669 -12.165 -12.752 -13.510 -13.374 -14.074 -14.033 -14.422 -14.773 -15.136 -15.341 -15.634 -15.687 -15.565
4.300 -5.257 -4.535 -7.469 -10.448 -11.991 -12.598 -13.379 -13.243 -13.964 -13.930 -14.327 -14.690 -15.070 -15.287 -15.601 -15.672 -15.561
4.400 -5.004 -4.164 -7.220 -10.218 -11.812 -12.438 -13.242 -13.108 -13.848 -13.824 -14.227 -14.603 -15.001 -15.230 -15.565 -15.654 -15.556
4.500 -4.749 -3.781 -6.966 -9.980 -11.625 -12.271 -13.100 -12.967 -13.727 -13.713 -14.122 -14.512 -14.928 -15.169 -15.527 -15.634 -15.548
4.600 -4.491 -3.389 -6.709 -9.736 -11.433 -12.099 -12.953 -12.821 -13.602 -13.599 -14.014 -14.416 -14.851 -15.105 -15.485 -15.612 -15.538
4.700 -4.230 -2.986 -6.447 -9.483 -11.234 -11.922 -12.800 -12.670 -13.472 -13.480 -13.901 -14.317 -14.770 -15.037 -15.441 -15.587 -15.526
4.800 -3.969 -2.577 -6.185 -9.226 -11.032 -11.741 -12.644 -12.517 -13.339 -13.359 -13.786 -14.214 -14.687 -14.967 -15.394 -15.560 -15.513
4.900 -3.710 -2.165 -5.923 -8.965 -10.828 -11.557 -12.486 -12.361 -13.204 -13.236 -13.668 -14.110 -14.602 -14.896 -15.346 -15.533 -15.498
5.000 -3.450 -1.746 -5.660 -8.700 -10.619 -11.370 -12.324 -12.202 -13.065 -13.110 -13.548 -14.002 -14.514 -14.821 -15.295 -15.503 -15.482
5.100 -3.188 -1.318 -5.394 -8.427 -10.404 -11.177 -12.157 -12.038 -12.922 -12.981 -13.423 -13.891 -14.423 -14.743 -15.242 -15.470 -15.464
5.200 -2.924 -0.882 -5.126 -8.148 -10.185 -10.980 -11.986 -11.870 -12.774 -12.848 -13.295 -13.776 -14.328 -14.662 -15.186 -15.436 -15.444
5.300 -2.659 -0.438 -4.855 -7.863 -9.961 -10.778 -11.810 -11.698 -12.623 -12.712 -13.163 -13.657 -14.229 -14.578 -15.128 -15.400 -15.422
5.400 -2.393 0.009 -4.585 -7.575 -9.733 -10.573 -11.632 -11.524 -12.468 -12.573 -13.029 -13.535 -14.128 -14.491 -15.067 -15.361 -15.399
5.500 -2.126 0.459 -4.313 -7.282 -9.502 -10.364 -11.449 -11.345 -12.310 -12.431 -12.891 -13.409 -14.023 -14.401 -15.003 -15.320 -15.374
5.600 -1.888 0.857 -4.070 -7.018 -9.291 -10.172 -11.280 -11.181 -12.163 -12.299 -12.761 -13.291 -13.923 -14.313 -14.939 -15.277 -15.344
5.700 -1.837 0.909 -4.019 -6.967 -9.240 -10.121 -11.229 -11.130 -12.111 -12.248 -12.710 -13.240 -13.872 -14.262 -14.888 -15.225 -15.292
5.800 -1.786 0.960 -3.968 -6.915 -9.189 -10.070 -11.178 -11.079 -12.060 -12.196 -12.659 -13.188 -13.821 -14.211 -14.837 -15.174 -15.241
5.900 -1.734 1.011 -3.916 -6.864 -9.137 -10.018 -11.126 -11.027 -12.009 -12.145 -12.607 -13.137 -13.769 -14.159 -14.785 -15.123 -15.190
6.000 -1.682 1.063 -3.865 -6.812 -9.086 -9.967 -11.075 -10.975 -11.957 -12.093 -12.556 -13.085 -13.718 -14.108 -14.733 -15.071 -15.138
6.100 -1.630 1.115 -3.813 -6.760 -9.034 -9.915 -11.023 -10.923 -11.905 -12.041 -12.504 -13.033 -13.666 -14.056 -14.681 -15.019 -15.086
6.200 -1.578 1.167 -3.761 -6.708 -8.982 -9.863 -10.971 -10.871 -11.853 -11.989 -12.452 -12.981 -13.613 -14.004 -14.629 -14.967 -15.034
6.300 -1.526 1.220 -3.708 -6.656 -8.929 -9.810 -10.918 -10.819 -11.801 -11.937 -12.399 -12.929 -13.561 -13.951 -14.577 -14.914 -14.982
6.400 -1.474 1.272 -3.656 -6.604 -8.877 -9.758 -10.866 -10.767 -11.748 -11.885 -12.347 -12.876 -13.509 -13.899 -14.525 -14.862 -14.929
6.500 -1.421 1.324 -3.604 -6.551 -8.825 -9.706 -10.814 -10.714 -11.696 -11.832 -12.295 -12.824 -13.456 -13.847 -14.472 -14.810 -14.877
6.600 -1.369 1.376 -3.552 -6.499 -8.773 -9.654 -10.761 -10.662 -11.644 -11.780 -12.242 -12.772 -13.404 -13.795 -14.420 -14.758 -14.825
6.700 -1.317 1.428 -3.500 -6.447 -8.721 -9.602 -10.710 -10.610 -11.592 -11.728 -12.191 -12.720 -13.352 -13.743 -14.368 -14.706 -14.773
6.800 -1.266 1.479 -3.448 -6.396 -8.669 -9.550 -10.658 -10.559 -11.541 -11.677 -12.139 -12.669 -13.301 -13.691 -14.317 -14.655 -14.722
6.900 -1.215 1.530 -3.398 -6.345 -8.618 -9.499 -10.607 -10.508 -11.490 -11.626 -12.088 -12.618 -13.250 -13.640 -14.266 -14.604 -14.671
7.000 -1.164 1.581 -3.347 -6.294 -8.568 -9.449 -10.557 -10.457 -11.439 -11.575 -12.038 -12.567 -13.199 -13.590 -14.215 -14.553 -14.620
7.100 -1.114 1.632 -3.296 -6.244 -8.517 -9.398 -10.506 -10.407 -11.389 -11.525 -11.987 -12.517 -13.149 -13.539 -14.165 -14.502 -14.570
7.200 -1.064 1.682 -3.246 -6.194 -8.467 -9.348 -10.456 -10.357 -11.339 -11.475 -11.937 -12.467 -13.099 -13.489 -14.115 -14.452 -14.519
7.300 -1.014 1.731 -3.197 -6.144 -8.418 -9.299 -10.406 -10.307 -11.289 -11.425 -11.887 -12.417 -13.049 -13.440 -14.065 -14.403 -14.470
7.400 -0.965 1.781 -3.147 -6.095 -8.368 -9.249 -10.357 -10.258 -11.240 -11.376 -11.838 -12.368 -13.000 -13.390 -14.016 -14.354 -14.421
7.500 -0.916 1.829 -3.099 -6.046 -8.320 -9.201 -10.309 -10.209 -11.191 -11.327 -11.790 -12.319 -12.951 -13.342 -13.967 -14.305 -14.372
7.600 -0.868 1.877 -3.051 -5.998 -8.271 -9.152 -10.260 -10.161 -11.143 -11.279 -11.741 -12.271 -12.903 -13.293 -13.919 -14.257 -14.324
7.700 -0.820 1.925 -3.003 -5.950 -8.224 -9.105 -10.213 -10.113 -11.095 -11.231 -11.694 -12.223 -12.855 -13.246 -13.871 -14.209 -14.276
7.800 -0.773 1.972 -2.956 -5.903 -8.177 -9.058 -10.166 -10.066 -11.048 -11.184 -11.647 -12.176 -12.808 -13.199 -13.824 -14.162 -14.229
7.900 -0.727 2.019 -2.909 -5.857 -8.130 -9.011 -10.119 -10.020 -11.002 -11.138 -11.600 -12.130 -12.762 -13.152 -13.778 -14.115 -14.183
8.000 -0.681 2.064 -2.864 -5.811 -8.085 -8.966 -10.074 -9.974 -10.956 -11.092 -11.555 -12.084 -12.716 -13.107 -13.732 -14.070 -14.137
8.100 -0.637 2.109 -2.819 -5.766 -8.040 -8.921 -10.029 -9.929 -10.911 -11.047 -11.510 -12.039 -12.672 -13.062 -13.687 -14.025 -14.092
8.200 -0.592 2.153 -2.775 -5.722 -7.996 -8.877 -9.985 -9.885 -10.867 -11.003 -11.466 -11.995 -12.627 -13.018 -13.643 -13.981 -14.048
8.300 -0.549 2.197 -2.731 -5.679 -7.952 -8.833 -9.941 -9.842 -10.824 -10.960 -11.422 -11.952 -12.584 -12.974 -13.600 -13.937 -14.004
8.400 -0.506 2.239 -2.689 -5.636 -7.910 -8.791 -9.898 -9.799 -10.781 -10.917 -11.379 -11.909 -12.541 -12.932 -13.557 -13.895 -13.962
8.500 -0.464 2.281 -2.647 -5.594 -7.867 -8.748 -9.856 -9.757 -10.739 -10.875 -11.337 -11.867 -12.499 -12.889 -13.515 -13.853 -13.920
8.600 -0.423 2.323 -2.605 -5.553 -7.826 -8.707 -9.815 -9.716 -10.697 -10.834 -11.296 -11.826 -12.458 -12.848 -13.474 -13.811 -13.878
8.700 -0.382 2.363 -2.565 -5.512 -7.786 -8.667 -9.775 -9.675 -10.657 -10.793 -11.256 -11.785 -12.417 -12.808 -13.433 -13.771 -13.838
8.800 -0.343 2.403 -2.525 -5.472 -7.746 -8.627 -9.735 -9.636 -10.617 -10.753 -11.216 -11.745 -12.378 -12.768 -13.394 -13.731 -13.798
8.900 -0.304 2.442 -2.486 -5.433 -7.707 -8.588 -9.696 -9.597 -10.578 -10.714 -11.177 -11.706 -12.339 -12.729 -13.355 -13.692 -13.759
9.000 -0.265 2.480 -2.448 -5.395 -7.669 -8.550 -9.658 -9.558 -10.540 -10.676 -11.139 -11.668 -12.300 -12.691 -13.316 -13.654 -13.721
9.100 -0.228 2.518 -2.410 -5.358 -7.631 -8.512 -9.620 -9.521 -10.503 -10.639 -11.101 -11.631 -12.263 -12.653 -13.279 -13.616 -13.683
9.200 -0.191 2.554 -2.374 -5.321 -7.595 -8.476 -9.583 -9.484 -10.466 -10.602 -11.064 -11.594 -12.226 -12.617 -13.242 -13.580 -13.647
9.300 -0.155 2.590 -2.338 -5.285 -7.559 -8.440 -9.548 -9.448 -10.430 -10.566 -11.029 -11.558 -12.190 -12.581 -13.206 -13.544 -13.611
9.400 -0.120 2.625 -2.303 -5.250 -7.524 -8.405 -9.512 -9.413 -10.395 -10.531 -10.993 -11.523 -12.155 -12.546 -13.171 -13.509 -13.576
9.500 -0.086 2.660 -2.268 -5.216 -7.489 -8.370 -9.478 -9.379 -10.360 -10.497 -10.959 -11.488 -12.121 -12.511 -13.137 -13.474 -13.541
9.600 -0.052 2.693 -2.234 -5.182 -7.455 -8.336 -9.444 -9.345 -10.327 -10.463 -10.925 -11.455 -12.087 -12.477 -13.103 -13.441 -13.508
9.700 -0.019 2.726 -2.202 -5.149 -7.423 -8.304 -9.411 -9.312 -10.294 -10.430 -10.892 -11.422 -12.054 -12.445 -13.070 -13.408 -13.475
9.800 0.013 2.759 -2.169 -5.117 -7.390 -8.271 -9.379 -9.280 -10.262 -10.398 -10.860 -11.390 -12.022 -12.412 -13.038 -13.375 -13.442
9.900 0.045 2.790 -2.138 -5.085 -7.359 -8.240 -9.348 -9.248 -10.230 -10.366 -10.829 -11.358 -11.991 -12.381 -13.006 -13.344 -13.411
10.000 0.075 2.821 -2.107 -5.054 -7.328 -8.209 -9.317 -9.218 -10.199 -10.335 -10.798 -11.327 -11.960 -12.350 -12.975 -13.313 -13.380
10.100 0.106 2.851 -2.077 -5.024 -7.298 -8.179 -9.287 -9.187 -10.169 -10.305 -10.768 -11.297 -11.929 -12.320 -12.945 -13.283 -13.350
10.200 0.135 2.881 -2.047 -4.995 -7.268 -8.149 -9.257 -9.158 -10.139 -10.276 -10.738 -11.268 -11.900 -12.290 -12.916 -13.253 -13.320
10.300 0.164 2.910 -2.018 -4.966 -7.239 -8.120 -9.228 -9.129 -10.111 -10.247 -10.709 -11.239 -11.871 -12.261 -12.887 -13.224 -13.291
10.400 0.192 2.938 -1.990 -4.937 -7.211 -8.092 -9.200 -9.101 -10.082 -10.218 -10.681 -11.210 -11.843 -12.233 -12.859 -13.196 -13.263
10.500 0.220 2.966 -1.962 -4.910 -7.183 -8.064 -9.172 -9.073 -10.055 -10.191 -10.653 -11.183 -11.815 -12.205 -12.831 -13.168 -13.235
10.600 0.247 2.993 -1.935 -4.883 -7.156 -8.037 -9.145 -9.046 -10.027 -10.164 -10.626 -11.156 -11.788 -12.178 -12.804 -13.141 -13.208
10.700 0.274 3.019 -1.909 -4.856 -7.130 -8.011 -9.118 -9.019 -10.001 -10.137 -10.599 -11.129 -11.761 -12.152 -12.777 -13.115 -13.182
10.800 0.300 3.045 -1.883 -4.830 -7.104 -7.985 -9.092 -8.993 -9.975 -10.111 -10.573 -11.103 -11.735 -12.126 -12.751 -13.089 -13.156
10.900 0.325 3.071 -1.857 -4.804 -7.078 -7.959 -9.067 -8.968 -9.949 -10.086 -10.548 -11.077 -11.710 -12.100 -12.726 -13.063 -13.130
11.000 0.350 3.096 -1.832 -4.780 -7.053 -7.934 -9.042 -8.943 -9.924 -10.061 -10.523 -11.052 -11.685 -12.075 -12.701 -13.038 -13.105
11.100 0.375 3.120 -1.808 -4.755 -7.029 -7.910 -9.018 -8.918 -9.900 -10.036 -10.499 -11.028 -11.660 -12.051 -12.676 -13.014 -13.081
11.200 0.399 3.144 -1.784 -4.731 -7.005 -7.886 -8.994 -8.894 -9.876 -10.012 -10.475 -11.004 -11.636 -12.027 -12.652 -12.990 -13.057
11.300 0.422 3.168 -1.760 -4.707 -6.981 -7.862 -8.970 -8.871 -9.852 -9.989 -10.451 -10.980 -11.613 -12.003 -12.629 -12.966 -13.033
11.400 0.445 3.191 -1.737 -4.684 -6.958 -7.839 -8.947 -8.848 -9.829 -9.965 -10.428 -10.957 -11.590 -11.980 -12.606 -12.943 -13.010
11.500 0.468 3.214 -1.714 -4.662 -6.935 -7.816 -8.924 -8.825 -9.807 -9.943 -10.405 -10.935 -11.567 -11.957 -12.583 -12.920 -12.988
11.600 0.490 3.236 -1.692 -4.639 -6.913 -7.794 -8.902 -8.803 -9.784 -9.921 -10.383 -10.912 -11.545 -11.935 -12.561 -12.898 -12.965
11.700 0.512 3.258 -1.670 -4.618 -6.891 -7.772 -8.880 -8.781 -9.763 -9.899 -10.361 -10.891 -11.523 -11.913 -12.539 -12.876 -12.943
11.800 0.534 3.279 -1.649 -4.596 -6.870 -7.751 -8.859 -8.759 -9.741 -9.877 -10.340 -10.869 -11.502 -11.892 -12.517 -12.855 -12.922
11.900 0.555 3.300 -1.628 -4.575 -6.849 -7.730 -8.838 -8.738 -9.720 -9.856 -10.319 -10.848 -11.480 -11.871 -12.496 -12.834 -12.901
12.000 0.575 3.321 -1.607 -4.554 -6.828 -7.709 -8.817 -8.718 -9.699 -9.835 -10.298 -10.827 -11.460 -11.850 -12.476 -12.813 -12.880
12.100 0.596 3.341 -1.587 -4.534 -6.808 -7.689 -8.796 -8.697 -9.679 -9.815 -10.277 -10.807 -11.439 -11.830 -12.455 -12.793 -12.860
12.200 0.616 3.361 -1.567 -4.514 -6.788 -7.669 -8.776 -8.677 -9.659 -9.795 -10.257 -10.787 -11.419 -11.810 -12.435 -12.773 -12.840
12.300 0.636 3.381 -1.547 -4.494 -6.768 -7.649 -8.757 -8.657 -9.639 -9.775 -10.238 -10.767 -11.400 -11.790 -12.415 -12.753 -12.820
12.400 0.655 3.401 -1.527 -4.475 -6.748 -7.629 -8.737 -8.638 -9.620 -9.756 -10.218 -10.748 -11.380 -11.770 -12.396 -12.734 -12.801
12.500 0.674 3.420 -1.508 -4.456 -6.729 -7.610 -8.718 -8.619 -9.601 -9.737 -10.199 -10.729 -11.361 -11.751 -12.377 -12.714 -12.781
12.600 0.693 3.438 -1.490 -4.437 -6.711 -7.592 -8.699 -8.600 -9.582 -9.718 -10.180 -10.710 -11.342 -11.733 -12.358 -12.696 -12.763
12.700 0.711 3.457 -1.471 -4.418 -6.692 -7.573 -8.681 -8.582 -9.563 -9.699 -10.162 -10.691 -11.324 -11.714 -12.340 -12.677 -12.744
12.800 0.730 3.475 -1.453 -4.400 -6.674 -7.555 -8.663 -8.563 -9.545 -9.681 -10.144 -10.673 -11.305 -11.696 -12.321 -12.659 -12.726
12.900 0.748 3.493 -1.435 -4.382 -6.656 -7.537 -8.645 -8.545 -9.527 -9.663 -10.126 -10.655 -11.287 -11.678 -12.303 -12.641 -12.708
13.000 0.765 3.511 -1.417 -4.364 -6.638 -7.519 -8.627 -8.528 -9.509 -9.645 -10.108 -10.637 -11.270 -11.660 -12.285 -12.623 -12.690
13.100 0.783 3.529 -1.399 -4.347 -6.620 -7.501 -8.609 -8.510 -9.492 -9.628 -10.090 -10.620 -11.252 -11.642 -12.268 -12.606 -12.673
13.200 0.800 3.546 -1.382 -4.329 -6.603 -7.484 -8.592 -8.493 -9.474 -9.611 -10.073 -10.602 -11.235 -11.625 -12.251 -12.588 -12.655
13.300 0.817 3.563 -1.365 -4.312 -6.586 -7.467 -8.575 -8.476 -9.457 -9.594 -10.056 -10.585 -11.218 -11.608 -12.234 -12.571 -12.638
13.400 0.834 3.580 -1.348 -4.296 -6.569 -7.450 -8.558 -8.459 -9.440 -9.577 -10.039 -10.569 -11.201 -11.591 -12.217 -12.554 -12.621
13.500 0.851 3.596 -1.332 -4.279 -6.553 -7.434 -8.541 -8.442 -9.424 -9.560 -10.022 -10.552 -11.184 -11.575 -12.200 -12.538 -12.605
13.600 0.867 3.613 -1.315 -4.263 -6.536 -7.417 -8.525 -8.426 -9.407 -9.544 -10.006 -10.536 -11.168 -11.558 -12.184 -12.521 -12.588
13.700 0.883 3.629 -1.299 -4.246 -6.520 -7.401 -8.509 -8.410 -9.391 -9.527 -9.990 -10.519 -11.152 -11.542 -12.168 -12.505 -12.572
13.800 0.899 3.645 -1.283 -4.230 -6.504 -7.385 -8.493 -8.394 -9.375 -9.511 -9.974 -10.503 -11.136 -11.526 -12.152 -12.489 -12.556
13.900 0.915 3.661 -1.267 -4.215 -6.488 -7.369 -8.477 -8.378 -9.359 -9.496 -9.958 -10.487 -11.120 -11.510 -12.136 -12.473 -12.540
14.000 0.931 3.676 -1.252 -4.199 -6.473 -7.354 -8.461 -8.362 -9.344 -9.480 -9.942 -10.472 -11.104 -11.495 -12.120 -12.458 -12.525
14.100 0.946 3.692 -1.236 -4.183 -6.457 -7.338 -8.446 -8.347 -9.328 -9.465 -9.927 -10.456 -11.089 -11.479 -12.105 -12.442 -12.509
14.200 0.962 3.707 -1.221 -4.168 -6.442 -7.323 -8.431 -8.331 -9.313 -9.449 -9.912 -10.441 -11.073 -11.464 -12.089 -12.427 -12.494
14.300 0.977 3.722 -1.206 -4.153 -6.427 -7.308 -8.416 -8.316 -9.298 -9.434 -9.897 -10.426 -11.058 -11.449 -12.074 -12.412 -12.479
14.400 0.992 3.737 -1.191 -4.138 -6.412 -7.293 -8.401 -8.301 -9.283 -9.419 -9.882 -10.411 -11.043 -11.434 -12.059 -12.397 -12.464
14.500 1.006 3.752 -1.176 -4.123 -6.397 -7.278 -8.386 -8.286 -9.268 -9.404 -9.867 -10.396 -11.029 -11.419 -12.044 -12.382 -12.449
14.600 1.021 3.767 -1.161 -4.109 -6.382 -7.263 -8.371 -8.272 -9.253 -9.390 -9.852 -10.382 -11.014 -11.404 -12.030 -12.367 -12.434
14.700 1.036 3.781 -1.147 -4.094 -6.368 -7.249 -8.357 -8.257 -9.239 -9.375 -9.838 -10.367 -10.999 -11.390 -12.015 -12.353 -12.420
14.800 1.050 3.796 -1.132 -4.080 -6.353 -7.234 -8.342 -8.243 -9.225 -9.361 -9.823 -10.353 -10.985 -11.375 -12.001 -12.339 -12.406
14.900 1.064 3.810 -1.118 -4.066 -6.339 -7.220 -8.328 -8.229 -9.210 -9.347 -9.809 -10.338 -10.971 -11.361 -11.987 -12.324 -12.391
15.000 1.078 3.824 -1.104 -4.051 -6.325 -7.206 -8.314 -8.215 -9.196 -9.333 -9.795 -10.324 -10.957 -11.347 -11.973 -12.310 -12.377
