# day W2 M2 W1 u B g V c r w o i z y J H K
0.000 -7.169 -7.024 -6.854 -6.151 -5.826 -5.666 -5.384 -5.495 -5.148 -5.311 -5.017 -4.755 -4.457 -4.226 -3.754 -3.139 -2.565
0.100 -12.270 -12.460 -12.537 -12.652 -12.575 -12.519 -12.407 -12.446 -12.290 -12.345 -12.220 -12.069 -11.879 -11.719 -11.375 -10.880 -10.392
0.200 -12.538 -12.834 -13.021 -13.404 -13.410 -13.387 -13.327 -13.346 -13.246 -13.274 -13.196 -13.076 -12.917 -12.778 -12.474 -12.015 -11.554
0.300 -12.568 -12.931 -13.205 -13.778 -13.847 -13.849 -13.827 -13.832 -13.773 -13.782 -13.735 -13.638 -13.501 -13.377 -13.100 -12.666 -12.224
0.400 -12.505 -12.919 -13.268 -13.996 -14.119 -14.143 -14.153 -14.147 -14.121 -14.116 -14.096 -14.017 -13.898 -13.786 -13.531 -13.118 -12.691
0.500 -12.413 -12.865 -13.281 -14.139 -14.310 -14.353 -14.391 -14.375 -14.378 -14.361 -14.363 -14.301 -14.197 -14.095 -13.858 -13.464 -13.049
0.600 -12.296 -12.778 -13.257 -14.230 -14.444 -14.505 -14.569 -14.544 -14.575 -14.547 -14.569 -14.521 -14.431 -14.339 -14.119 -13.740 -13.337
0.700 -12.166 -12.673 -13.210 -14.287 -14.542 -14.620 -14.707 -14.674 -14.730 -14.693 -14.734 -14.699 -14.622 -14.539 -14.334 -13.970 -13.578
0.800 -12.025 -12.552 -13.145 -14.318 -14.611 -14.705 -14.815 -14.775 -14.854 -14.810 -14.867 -14.845 -14.781 -14.705 -14.516 -14.165 -13.782
0.900 -11.873 -12.416 -13.063 -14.327 -14.658 -14.767 -14.899 -14.852 -14.954 -14.902 -14.975 -14.966 -14.914 -14.846 -14.670 -14.332 -13.959
1.000 -11.730 -12.286 -12.984 -14.329 -14.694 -14.818 -14.970 -14.918 -15.040 -14.982 -15.069 -15.071 -15.031 -14.971 -14.808 -14.481 -14.117
1.100 -11.572 -12.137 -12.887 -14.312 -14.712 -14.850 -15.022 -14.964 -15.107 -15.043 -15.144 -15.158 -15.129 -15.076 -14.926 -14.612 -14.256
1.200 -11.416 -11.988 -12.788 -14.287 -14.720 -14.872 -15.064 -15.000 -15.163 -15.093 -15.208 -15.233 -15.215 -15.170 -15.032 -14.729 -14.381
1.300 -11.251 -11.827 -12.677 -14.249 -14.716 -14.881 -15.092 -15.024 -15.206 -15.131 -15.259 -15.295 -15.289 -15.250 -15.125 -14.833 -14.494
1.400 -11.088 -11.665 -12.565 -14.205 -14.705 -14.883 -15.113 -15.040 -15.241 -15.162 -15.302 -15.349 -15.353 -15.322 -15.209 -14.928 -14.597
1.500 -10.912 -11.488 -12.440 -14.148 -14.680 -14.873 -15.121 -15.043 -15.264 -15.181 -15.333 -15.391 -15.407 -15.382 -15.282 -15.013 -14.689
1.600 -10.747 -11.320 -12.320 -14.093 -14.656 -14.862 -15.128 -15.046 -15.284 -15.198 -15.361 -15.429 -15.456 -15.439 -15.350 -15.092 -14.775
1.700 -10.567 -11.134 -12.186 -14.023 -14.618 -14.838 -15.122 -15.036 -15.292 -15.203 -15.378 -15.457 -15.495 -15.485 -15.409 -15.161 -14.853
1.800 -10.387 -10.945 -12.049 -13.948 -14.576 -14.808 -15.111 -15.021 -15.295 -15.203 -15.390 -15.479 -15.528 -15.526 -15.463 -15.225 -14.924
1.900 -10.210 -10.758 -11.912 -13.871 -14.530 -14.776 -15.097 -15.003 -15.295 -15.201 -15.398 -15.498 -15.558 -15.563 -15.512 -15.284 -14.987
2.000 -10.021 -10.555 -11.763 -13.782 -14.474 -14.734 -15.073 -14.975 -15.286 -15.189 -15.397 -15.508 -15.580 -15.592 -15.554 -15.336 -15.045
2.100 -9.827 -10.345 -11.609 -13.686 -14.412 -14.685 -15.043 -14.941 -15.270 -15.172 -15.391 -15.512 -15.596 -15.616 -15.591 -15.383 -15.098
2.200 -9.642 -10.141 -11.459 -13.592 -14.349 -14.636 -15.012 -14.907 -15.253 -15.154 -15.383 -15.515 -15.611 -15.638 -15.625 -15.427 -15.148
2.300 -9.446 -9.924 -11.298 -13.487 -14.278 -14.579 -14.973 -14.864 -15.229 -15.129 -15.368 -15.511 -15.618 -15.654 -15.654 -15.466 -15.194
2.400 -9.242 -9.694 -11.128 -13.373 -14.198 -14.513 -14.926 -14.814 -15.197 -15.097 -15.346 -15.500 -15.620 -15.663 -15.678 -15.501 -15.235
2.500 -9.040 -9.464 -10.958 -13.257 -14.116 -14.445 -14.876 -14.762 -15.163 -15.062 -15.321 -15.486 -15.618 -15.670 -15.698 -15.533 -15.273
2.600 -8.840 -9.233 -10.788 -13.138 -14.032 -14.374 -14.824 -14.707 -15.126 -15.026 -15.294 -15.470 -15.614 -15.674 -15.716 -15.562 -15.309
2.700 -8.632 -8.991 -10.609 -13.011 -13.939 -14.297 -14.765 -14.646 -15.083 -14.983 -15.260 -15.447 -15.605 -15.673 -15.729 -15.587 -15.341
2.800 -8.418 -8.736 -10.421 -12.875 -13.839 -14.211 -14.700 -14.577 -15.033 -14.935 -15.221 -15.419 -15.590 -15.667 -15.738 -15.608 -15.370
2.900 -8.199 -8.474 -10.229 -12.732 -13.734 -14.121 -14.629 -14.504 -14.979 -14.882 -15.177 -15.387 -15.571 -15.657 -15.744 -15.626 -15.396
3.000 -7.986 -8.216 -10.040 -12.591 -13.628 -14.031 -14.558 -14.431 -14.924 -14.829 -15.133 -15.354 -15.551 -15.646 -15.748 -15.643 -15.421
3.100 -7.770 -7.949 -9.846 -12.442 -13.517 -13.935 -14.481 -14.353 -14.864 -14.771 -15.084 -15.316 -15.527 -15.631 -15.749 -15.656 -15.442
3.200 -7.546 -7.669 -9.643 -12.285 -13.398 -13.832 -14.398 -14.268 -14.798 -14.708 -15.029 -15.273 -15.499 -15.612 -15.745 -15.667 -15.461
3.300 -7.318 -7.380 -9.434 -12.120 -13.273 -13.723 -14.310 -14.178 -14.726 -14.640 -14.970 -15.226 -15.465 -15.588 -15.739 -15.674 -15.477
3.400 -7.085 -7.081 -9.219 -11.947 -13.141 -13.607 -14.215 -14.082 -14.650 -14.567 -14.906 -15.173 -15.428 -15.561 -15.729 -15.678 -15.490
3.500 -6.857 -6.782 -9.006 -11.774 -13.008 -13.491 -14.120 -13.986 -14.572 -14.494 -14.840 -15.120 -15.389 -15.532 -15.717 -15.681 -15.502
3.600 -6.628 -6.478 -8.791 -11.596 -12.872 -13.371 -14.021 -13.886 -14.491 -14.418 -14.772 -15.063 -15.348 -15.501 -15.703 -15.682 -15.512
3.700 -6.394 -6.163 -8.570 -11.410 -12.728 -13.245 -13.916 -13.781 -14.405 -14.337 -14.699 -15.002 -15.302 -15.465 -15.686 -15.680 -15.520
3.800 -6.156 -5.837 -8.342 -11.216 -12.578 -13.113 -13.805 -13.669 -14.313 -14.252 -14.621 -14.936 -15.252 -15.426 -15.666 -15.675 -15.525
3.900 -5.914 -5.501 -8.110 -11.014 -12.422 -12.974 -13.689 -13.553 -14.217 -14.162 -14.538 -14.866 -15.198 -15.383 -15.642 -15.668 -15.528
4.000 -5.669 -5.155 -7.872 -10.804 -12.258 -12.830 -13.567 -13.431 -14.115 -14.067 -14.451 -14.791 -15.140 -15.337 -15.615 -15.657 -15.529
4.100 -5.426 -4.806 -7.635 -10.593 -12.094 -12.683 -13.444 -13.308 -14.011 -13.971 -14.362 -14.715 -15.081 -15.288 -15.587 -15.646 -15.528
4.200 -5.184 -4.453 -7.397 -10.377 -11.925 -12.534 -13.317 -13.182 -13.905 -13.873 -14.270 -14.636 -15.019 -15.238 -15.557 -15.633 -15.526
4.300 -4.939 -4.090 -7.155 -10.154 -11.751 -12.379 -13.186 -13.051 -13.794 -13.771 -14.175 -14.553 -14.953 -15.184 -15.524 -15.617 -15.522
4.400 -4.691 -3.717 -6.909 -9.923 -11.571 -12.218 -13.049 -12.916 -13.678 -13.665 -14.075 -14.466 -14.884 -15.127 -15.488 -15.599 -15.516
4.500 -4.440 -3.334 -6.658 -9.685 -11.384 -12.051 -12.906 -12.775 -13.557 -13.555 -13.970 -14.374 -14.810 -15.066 -15.449 -15.579 -15.507
4.600 -4.186 -2.941 -6.403 -9.439 -11.192 -11.880 -12.759 -12.629 -13.432 -13.441 -13.862 -14.279 -14.734 -15.002 -15.407 -15.556 -15.497
4.700 -3.930 -2.537 -6.145 -9.186 -10.993 -11.702 -12.606 -12.479 -13.302 -13.323 -13.750 -14.179 -14.653 -14.934 -15.363 -15.531 -15.485
4.800 -3.674 -2.129 -5.887 -8.929 -10.792 -11.522 -12.451 -12.326 -13.170 -13.202 -13.635 -14.077 -14.570 -14.864 -15.316 -15.505 -15.471
4.900 -3.420 -1.718 -5.630 -8.669 -10.588 -11.339 -12.294 -12.171 -13.035 -13.081 -13.518 -13.973 -14.485 -14.793 -15.268 -15.476 -15.457
5.000 -3.165 -1.300 -5.371 -8.404 -10.380 -11.153 -12.132 -12.013 -12.897 -12.956 -13.398 -13.866 -14.398 -14.718 -15.218 -15.446 -15.440
5.100 -2.909 -0.875 -5.110 -8.133 -10.168 -10.962 -11.967 -11.851 -12.755 -12.828 -13.275 -13.755 -14.307 -14.641 -15.164 -15.414 -15.422
5.200 -2.651 -0.443 -4.848 -7.857 -9.951 -10.767 -11.797 -11.685 -12.609 -12.697 -13.148 -13.641 -14.212 -14.560 -15.109 -15.380 -15.402
5.300 -2.392 -0.006 -4.584 -7.576 -9.730 -10.567 -11.624 -11.516 -12.459 -12.563 -13.018 -13.523 -14.115 -14.477 -15.050 -15.343 -15.380
5.400 -2.134 0.432 -4.321 -7.292 -9.506 -10.365 -11.448 -11.344 -12.306 -12.426 -12.885 -13.402 -14.014 -14.390 -14.990 -15.305 -15.356
5.500 -1.876 0.869 -4.059 -7.006 -9.280 -10.160 -11.268 -11.169 -12.151 -12.287 -12.749 -13.278 -13.911 -14.301 -14.927 -15.264 -15.331
5.600 -1.825 0.921 -4.007 -6.955 -9.228 -10.109 -11.217 -11.118 -12.100 -12.236 -12.699 -13.228 -13.861 -14.251 -14.876 -15.214 -15.281
5.700 -1.775 0.971 -3.958 -6.905 -9.179 -10.060 -11.168 -11.069 -12.050 -12.186 -12.649 -13.178 -13.811 -14.201 -14.827 -15.164 -15.232
5.800 -1.726 1.020 -3.908 -6.855 -9.129 -10.010 -11.118 -11.019 -12.001 -12.137 -12.599 -13.129 -13.761 -14.152 -14.777 -15.115 -15.182
5.900 -1.676 1.070 -3.858 -6.805 -9.079 -9.960 -11.068 -10.969 -11.951 -12.087 -12.549 -13.079 -13.711 -14.102 -14.727 -15.065 -15.132
6.000 -1.626 1.120 -3.808 -6.755 -9.029 -9.910 -11.018 -10.919 -11.901 -12.037 -12.499 -13.029 -13.661 -14.052 -14.677 -15.015 -15.082
6.100 -1.575 1.171 -3.758 -6.705 -8.979 -9.860 -10.968 -10.868 -11.850 -11.986 -12.449 -12.978 -13.611 -14.001 -14.627 -14.964 -15.031
6.200 -1.525 1.222 -3.707 -6.654 -8.928 -9.809 -10.917 -10.818 -11.799 -11.936 -12.398 -12.928 -13.560 -13.950 -14.576 -14.914 -14.981
6.300 -1.474 1.272 -3.656 -6.603 -8.877 -9.758 -10.866 -10.767 -11.749 -11.885 -12.347 -12.877 -13.509 -13.900 -14.525 -14.863 -14.930
6.400 -1.423 1.323 -3.605 -6.553 -8.826 -9.708 -10.815 -10.716 -11.698 -11.834 -12.297 -12.826 -13.459 -13.849 -14.475 -14.812 -14.879
6.500 -1.372 1.374 -3.554 -6.502 -8.776 -9.657 -10.765 -10.665 -11.647 -11.783 -12.246 -12.775 -13.408 -13.798 -14.424 -14.761 -14.828
6.600 -1.321 1.425 -3.504 -6.451 -8.725 -9.606 -10.714 -10.614 -11.596 -11.732 -12.195 -12.724 -13.357 -13.747 -14.373 -14.710 -14.778
6.700 -1.271 1.475 -3.453 -6.401 -8.674 -9.555 -10.663 -10.564 -11.546 -11.682 -12.144 -12.674 -13.306 -13.697 -14.322 -14.660 -14.727
6.800 -1.221 1.525 -3.403 -6.351 -8.624 -9.505 -10.613 -10.514 -11.496 -11.632 -12.095 -12.624 -13.257 -13.647 -14.272 -14.610 -14.677
6.900 -1.171 1.575 -3.354 -6.301 -8.575 -9.456 -10.564 -10.465 -11.446 -11.582 -12.045 -12.574 -13.207 -13.597 -14.223 -14.560 -14.628
7.000 -1.122 1.624 -3.304 -6.252 -8.525 -9.406 -10.514 -10.415 -11.397 -11.533 -11.995 -12.525 -13.157 -13.548 -14.173 -14.511 -14.578
7.100 -1.073 1.673 -3.255 -6.202 -8.476 -9.357 -10.465 -10.366 -11.348 -11.484 -11.946 -12.476 -13.108 -13.499 -14.124 -14.462 -14.529
7.200 -1.024 1.722 -3.206 -6.154 -8.427 -9.308 -10.416 -10.317 -11.299 -11.435 -11.898 -12.427 -13.059 -13.450 -14.075 -14.413 -14.480
7.300 -0.975 1.771 -3.158 -6.105 -8.379 -9.260 -10.368 -10.269 -11.250 -11.387 -11.849 -12.379 -13.011 -13.401 -14.027 -14.365 -14.432
7.400 -0.927 1.819 -3.110 -6.057 -8.331 -9.212 -10.320 -10.221 -11.202 -11.339 -11.801 -12.330 -12.963 -13.353 -13.979 -14.317 -14.384
7.500 -0.880 1.866 -3.062 -6.010 -8.283 -9.164 -10.272 -10.173 -11.155 -11.291 -11.753 -12.283 -12.915 -13.306 -13.931 -14.269 -14.336
7.600 -0.833 1.913 -3.015 -5.962 -8.236 -9.117 -10.225 -10.126 -11.108 -11.244 -11.706 -12.236 -12.868 -13.259 -13.884 -14.222 -14.289
7.700 -0.786 1.960 -2.969 -5.916 -8.190 -9.071 -10.179 -10.079 -11.061 -11.197 -11.660 -12.189 -12.822 -13.212 -13.838 -14.175 -14.242
7.800 -0.740 2.006 -2.922 -5.870 -8.144 -9.025 -10.133 -10.033 -11.015 -11.151 -11.614 -12.143 -12.776 -13.166 -13.792 -14.129 -14.196
7.900 -0.695 2.051 -2.877 -5.824 -8.098 -8.979 -10.087 -9.988 -10.970 -11.106 -11.568 -12.098 -12.730 -13.121 -13.746 -14.084 -14.151
8.000 -0.650 2.096 -2.833 -5.780 -8.054 -8.935 -10.043 -9.943 -10.925 -11.061 -11.524 -12.053 -12.686 -13.076 -13.702 -14.039 -14.106
8.100 -0.606 2.140 -2.789 -5.736 -8.010 -8.891 -9.999 -9.899 -10.881 -11.017 -11.480 -12.009 -12.642 -13.032 -13.658 -13.995 -14.062
8.200 -0.563 2.183 -2.745 -5.693 -7.966 -8.848 -9.956 -9.856 -10.838 -10.974 -11.437 -11.966 -12.599 -12.989 -13.615 -13.952 -14.019
8.300 -0.520 2.226 -2.703 -5.650 -7.924 -8.805 -9.913 -9.814 -10.795 -10.932 -11.394 -11.924 -12.556 -12.946 -13.572 -13.910 -13.977
8.400 -0.479 2.267 -2.661 -5.608 -7.882 -8.763 -9.871 -9.772 -10.753 -10.890 -11.352 -11.882 -12.514 -12.904 -13.530 -13.868 -13.935
8.500 -0.437 2.309 -2.620 -5.567 -7.841 -8.722 -9.830 -9.731 -10.712 -10.849 -11.311 -11.840 -12.473 -12.863 -13.489 -13.827 -13.894
8.600 -0.397 2.349 -2.579 -5.527 -7.800 -8.681 -9.789 -9.690 -10.672 -10.808 -11.271 -11.800 -12.432 -12.823 -13.448 -13.786 -13.853
8.700 -0.357 2.389 -2.540 -5.487 -7.761 -8.642 -9.750 -9.650 -10.632 -10.768 -11.231 -11.760 -12.393 -12.783 -13.409 -13.746 -13.813
8.800 -0.318 2.428 -2.501 -5.448 -7.722 -8.603 -9.711 -9.611 -10.593 -10.729 -11.192 -11.721 -12.354 -12.744 -13.370 -13.707 -13.774
8.900 -0.280 2.466 -2.462 -5.410 -7.683 -8.565 -9.672 -9.573 -10.555 -10.691 -11.154 -11.683 -12.316 -12.706 -13.332 -13.669 -13.736
9.000 -0.242 2.504 -2.425 -5.372 -7.646 -8.527 -9.635 -9.536 -10.517 -10.654 -11.116 -11.646 -12.278 -12.668 -13.294 -13.632 -13.699
9.100 -0.206 2.540 -2.388 -5.335 -7.609 -8.490 -9.598 -9.499 -10.481 -10.617 -11.079 -11.609 -12.241 -12.632 -13.257 -13.595 -13.662
9.200 -0.170 2.576 -2.352 -5.299 -7.573 -8.454 -9.562 -9.463 -10.445 -10.581 -11.043 -11.573 -12.205 -12.596 -13.221 -13.559 -13.626
9.300 -0.134 2.612 -2.317 -5.264 -7.538 -8.419 -9.527 -9.428 -10.409 -10.546 -11.008 -11.537 -12.170 -12.560 -13.186 -13.524 -13.591
9.400 -0.100 2.646 -2.282 -5.230 -7.503 -8.384 -9.492 -9.393 -10.375 -10.511 -10.973 -11.503 -12.135 -12.526 -13.151 -13.489 -13.556
9.500 -0.066 2.680 -2.248 -5.196 -7.470 -8.351 -9.459 -9.359 -10.341 -10.477 -10.940 -11.469 -12.102 -12.492 -13.118 -13.455 -13.522
9.600 -0.033 2.713 -2.215 -5.163 -7.436 -8.318 -9.425 -9.326 -10.308 -10.444 -10.907 -11.436 -12.069 -12.459 -13.085 -13.422 -13.489
9.700 -0.001 2.745 -2.183 -5.130 -7.404 -8.285 -9.393 -9.294 -10.276 -10.412 -10.874 -11.404 -12.036 -12.427 -13.052 -13.390 -13.457
9.800 0.031 2.777 -2.151 -5.099 -7.372 -8.254 -9.361 -9.262 -10.244 -10.380 -10.843 -11.372 -12.005 -12.395 -13.021 -13.358 -13.425
9.900 0.062 2.808 -2.120 -5.068 -7.341 -8.223 -9.330 -9.231 -10.213 -10.349 -10.812 -11.341 -11.974 -12.364 -12.990 -13.327 -13.394
10.000 0.092 2.838 -2.090 -5.037 -7.311 -8.192 -9.300 -9.201 -10.183 -10.319 -10.781 -11.311 -11.943 -12.334 -12.959 -13.297 -13.364
10.100 0.122 2.868 -2.060 -5.008 -7.281 -8.162 -9.270 -9.171 -10.153 -10.289 -10.752 -11.281 -11.914 -12.304 -12.930 -13.267 -13.334
10.200 0.151 2.897 -2.031 -4.979 -7.252 -8.133 -9.241 -9.142 -10.124 -10.260 -10.723 -11.252 -11.884 -12.275 -12.900 -13.238 -13.305
10.300 0.180 2.926 -2.003 -4.950 -7.224 -8.105 -9.213 -9.114 -10.095 -10.232 -10.694 -11.224 -11.856 -12.246 -12.872 -13.210 -13.277
10.400 0.207 2.953 -1.975 -4.922 -7.196 -8.077 -9.185 -9.086 -10.068 -10.204 -10.666 -11.196 -11.828 -12.219 -12.844 -13.182 -13.249
10.500 0.235 2.981 -1.948 -4.895 -7.169 -8.050 -9.158 -9.059 -10.040 -10.177 -10.639 -11.168 -11.801 -12.191 -12.817 -13.155 -13.222
10.600 0.261 3.007 -1.921 -4.868 -7.142 -8.023 -9.131 -9.032 -10.014 -10.150 -10.612 -11.142 -11.774 -12.165 -12.790 -13.128 -13.195
10.700 0.287 3.033 -1.895 -4.842 -7.116 -7.997 -9.105 -9.006 -9.988 -10.124 -10.586 -11.116 -11.748 -12.138 -12.764 -13.102 -13.169
10.800 0.313 3.059 -1.869 -4.817 -7.090 -7.971 -9.079 -8.980 -9.962 -10.098 -10.561 -11.090 -11.723 -12.113 -12.739 -13.076 -13.143
10.900 0.338 3.084 -1.844 -4.792 -7.065 -7.946 -9.054 -8.955 -9.937 -10.073 -10.535 -11.065 -11.697 -12.088 -12.713 -13.051 -13.118
11.000 0.363 3.109 -1.820 -4.767 -7.041 -7.922 -9.030 -8.931 -9.912 -10.048 -10.511 -11.040 -11.673 -12.063 -12.689 -13.026 -13.094
11.100 0.387 3.133 -1.796 -4.743 -7.017 -7.898 -9.006 -8.906 -9.888 -10.024 -10.487 -11.016 -11.649 -12.039 -12.665 -13.002 -13.069
11.200 0.410 3.156 -1.772 -4.719 -6.993 -7.874 -8.982 -8.883 -9.864 -10.001 -10.463 -10.993 -11.625 -12.015 -12.641 -12.979 -13.046
11.300 0.434 3.180 -1.749 -4.696 -6.970 -7.851 -8.959 -8.860 -9.841 -9.978 -10.440 -10.969 -11.602 -11.992 -12.618 -12.956 -13.023
11.400 0.456 3.202 -1.726 -4.673 -6.947 -7.828 -8.936 -8.837 -9.819 -9.955 -10.417 -10.947 -11.579 -11.970 -12.595 -12.933 -13.000
11.500 0.479 3.225 -1.704 -4.651 -6.925 -7.806 -8.914 -8.815 -9.796 -9.932 -10.395 -10.924 -11.557 -11.947 -12.573 -12.910 -12.978
11.600 0.501 3.247 -1.682 -4.629 -6.903 -7.784 -8.892 -8.793 -9.774 -9.911 -10.373 -10.902 -11.535 -11.925 -12.551 -12.889 -12.956
11.700 0.522 3.268 -1.660 -4.608 -6.881 -7.762 -8.870 -8.771 -9.753 -9.889 -10.351 -10.881 -11.513 -11.904 -12.529 -12.867 -12.934
11.800 0.543 3.289 -1.639 -4.586 -6.860 -7.741 -8.849 -8.750 -9.732 -9.868 -10.330 -10.860 -11.492 -11.883 -12.508 -12.846 -12.913
11.900 0.564 3.310 -1.618 -4.566 -6.839 -7.720 -8.828 -8.729 -9.711 -9.847 -10.310 -10.839 -11.471 -11.862 -12.487 -12.825 -12.892
12.000 0.584 3.331 -1.598 -4.545 -6.819 -7.700 -8.808 -8.709 -9.690 -9.827 -10.289 -10.819 -11.451 -11.841 -12.467 -12.805 -12.872
12.100 0.605 3.351 -1.578 -4.525 -6.799 -7.680 -8.788 -8.689 -9.670 -9.807 -10.269 -10.798 -11.431 -11.821 -12.447 -12.785 -12.852
12.200 0.624 3.370 -1.558 -4.505 -6.779 -7.660 -8.768 -8.669 -9.651 -9.787 -10.249 -10.779 -11.411 -11.802 -12.427 -12.765 -12.832
12.300 0.644 3.390 -1.539 -4.486 -6.760 -7.641 -8.749 -8.649 -9.631 -9.767 -10.230 -10.759 -11.392 -11.782 -12.408 -12.745 -12.812
12.400 0.663 3.409 -1.519 -4.467 -6.740 -7.622 -8.729 -8.630 -9.612 -9.748 -10.211 -10.740 -11.373 -11.763 -12.389 -12.726 -12.793
12.500 0.682 3.428 -1.501 -4.448 -6.722 -7.603 -8.711 -8.611 -9.593 -9.729 -10.192 -10.721 -11.354 -11.744 -12.370 -12.707 -12.774
12.600 0.700 3.446 -1.482 -4.429 -6.703 -7.584 -8.692 -8.593 -9.575 -9.711 -10.173 -10.703 -11.335 -11.725 -12.351 -12.689 -12.756
12.700 0.719 3.465 -1.464 -4.411 -6.685 -7.566 -8.674 -8.575 -9.556 -9.692 -10.155 -10.684 -11.317 -11.707 -12.333 -12.670 -12.738
12.800 0.737 3.483 -1.446 -4.393 -6.667 -7.548 -8.656 -8.556 -9.538 -9.674 -10.137 -10.666 -11.299 -11.689 -12.315 -12.652 -12.719
12.900 0.755 3.501 -1.428 -4.375 -6.649 -7.530 -8.638 -8.539 -9.520 -9.657 -10.119 -10.649 -11.281 -11.671 -12.297 -12.635 -12.702
13.000 0.772 3.518 -1.410 -4.358 -6.631 -7.512 -8.620 -8.521 -9.503 -9.639 -10.102 -10.631 -11.263 -11.654 -12.279 -12.617 -12.684
13.100 0.789 3.535 -1.393 -4.340 -6.614 -7.495 -8.603 -8.504 -9.486 -9.622 -10.084 -10.614 -11.246 -11.637 -12.262 -12.600 -12.667
13.200 0.806 3.553 -1.376 -4.323 -6.597 -7.478 -8.586 -8.487 -9.468 -9.605 -10.067 -10.597 -11.229 -11.619 -12.245 -12.583 -12.650
13.300 0.823 3.569 -1.359 -4.306 -6.580 -7.461 -8.569 -8.470 -9.452 -9.588 -10.050 -10.580 -11.212 -11.603 -12.228 -12.566 -12.633
13.400 0.840 3.586 -1.342 -4.290 -6.563 -7.445 -8.553 -8.453 -9.435 -9.571 -10.034 -10.563 -11.196 -11.586 -12.212 -12.549 -12.616
13.500 0.856 3.602 -1.326 -4.273 -6.547 -7.428 -8.536 -8.437 -9.419 -9.555 -10.017 -10.547 -11.179 -11.570 -12.195 -12.533 -12.600
13.600 0.873 3.619 -1.310 -4.257 -6.531 -7.412 -8.520 -8.421 -9.402 -9.539 -10.001 -10.530 -11.163 -11.553 -12.179 -12.517 -12.584
13.700 0.889 3.635 -1.294 -4.241 -6.515 -7.396 -8.504 -8.405 -9.386 -9.523 -9.985 -10.514 -11.147 -11.537 -12.163 -12.501 -12.568
13.800 0.905 3.651 -1.278 -4.225 -6.499 -7.380 -8.488 -8.389 -9.370 -9.507 -9.969 -10.499 -11.131 -11.521 -12.147 -12.485 -12.552
13.900 0.920 3.666 -1.262 -4.210 -6.483 -7.364 -8.472 -8.373 -9.355 -9.491 -9.953 -10.483 -11.115 -11.506 -12.131 -12.469 -12.536
14.000 0.936 3.682 -1.247 -4.194 -6.468 -7.349 -8.457 -8.358 -9.339 -9.476 -9.938 -10.467 -11.100 -11.490 -12.116 -12.454 -12.521
14.100 0.951 3.697 -1.231 -4.179 -6.452 -7.334 -8.441 -8.342 -9.324 -9.460 -9.923 -10.452 -11.085 -11.475 -12.101 -12.438 -12.505
14.200 0.966 3.712 -1.216 -4.164 -6.437 -7.318 -8.426 -8.327 -9.309 -9.445 -9.907 -10.437 -11.069 -11.460 -12.085 -12.423 -12.490
14.300 0.981 3.727 -1.201 -4.149 -6.422 -7.303 -8.411 -8.312 -9.294 -9.430 -9.892 -10.422 -11.054 -11.445 -12.070 -12.408 -12.475
14.400 0.996 3.742 -1.186 -4.134 -6.408 -7.289 -8.397 -8.297 -9.279 -9.415 -9.878 -10.407 -11.040 -11.430 -12.056 -12.393 -12.460
14.500 1.011 3.757 -1.172 -4.119 -6.393 -7.274 -8.382 -8.283 -9.264 -9.401 -9.863 -10.392 -11.025 -11.415 -12.041 -12.379 -12.446
14.600 1.025 3.771 -1.157 -4.105 -6.378 -7.259 -8.367 -8.268 -9.250 -9.386 -9.848 -10.378 -11.010 -11.401 -12.026 -12.364 -12.431
14.700 1.040 3.786 -1.143 -4.090 -6.364 -7.245 -8.353 -8.254 -9.235 -9.372 -9.834 -10.364 -10.996 -11.386 -12.012 -12.350 -12.417
14.800 1.054 3.800 -1.129 -4.076 -6.350 -7.231 -8.339 -8.239 -9.221 -9.357 -9.820 -10.349 -10.982 -11.372 -11.998 -12.335 -12.402
14.900 1.068 3.814 -1.115 -4.062 -6.336 -7.217 -8.325 -8.225 -9.207 -9.343 -9.806 -10.335 -10.968 -11.358 -11.984 -12.321 -12.388
15.000 1.082 3.828 -1.101 -4.048 -6.322 -7.203 -8.311 -8.211 -9.193 -9.329 -9.792 -10.321 -10.954 -11.344 -11.970 -12.307 -12.374
