# day W2 M2 W1 u B g V c r w o i z y J H K
0.000 -6.804 -6.684 -6.526 -5.876 -5.565 -5.410 -5.136 -5.243 -4.906 -5.063 -4.778 -4.521 -4.228 -4.000 -3.534 -2.923 -2.353
0.100 -9.955 -10.379 -10.752 -11.528 -11.667 -11.696 -11.711 -11.702 -11.678 -11.669 -11.649 -11.565 -11.433 -11.309 -11.024 -10.575 -10.116
0.200 -9.592 -10.118 -10.716 -11.906 -12.209 -12.307 -12.421 -12.379 -12.461 -12.413 -12.471 -12.446 -12.373 -12.287 -12.067 -11.676 -11.255
0.300 -9.212 -9.776 -10.544 -12.004 -12.426 -12.573 -12.758 -12.696 -12.851 -12.782 -12.891 -12.909 -12.878 -12.820 -12.649 -12.300 -11.908
0.400 -8.849 -9.422 -10.334 -12.001 -12.520 -12.708 -12.950 -12.873 -13.087 -13.005 -13.153 -13.204 -13.209 -13.175 -13.044 -12.730 -12.361
0.500 -8.523 -9.088 -10.126 -11.957 -12.558 -12.781 -13.071 -12.983 -13.245 -13.154 -13.333 -13.413 -13.449 -13.434 -13.340 -13.056 -12.707
0.600 -8.221 -8.764 -9.918 -11.886 -12.561 -12.814 -13.146 -13.050 -13.354 -13.258 -13.462 -13.567 -13.631 -13.635 -13.571 -13.315 -12.985
0.700 -7.941 -8.455 -9.717 -11.802 -12.543 -12.824 -13.193 -13.090 -13.431 -13.332 -13.557 -13.686 -13.774 -13.794 -13.760 -13.529 -13.216
0.800 -7.680 -8.158 -9.521 -11.708 -12.510 -12.816 -13.220 -13.110 -13.485 -13.385 -13.629 -13.778 -13.889 -13.925 -13.918 -13.710 -13.413
0.900 -7.431 -7.867 -9.328 -11.606 -12.465 -12.795 -13.231 -13.116 -13.521 -13.421 -13.682 -13.849 -13.983 -14.033 -14.052 -13.866 -13.583
1.000 -7.213 -7.604 -9.155 -11.510 -12.420 -12.772 -13.235 -13.116 -13.549 -13.450 -13.725 -13.910 -14.063 -14.127 -14.169 -14.004 -13.735
1.100 -6.996 -7.338 -8.978 -11.404 -12.364 -12.737 -13.227 -13.105 -13.564 -13.466 -13.755 -13.955 -14.128 -14.205 -14.270 -14.124 -13.869
1.200 -6.797 -7.087 -8.813 -11.302 -12.308 -12.700 -13.215 -13.090 -13.573 -13.478 -13.777 -13.993 -14.184 -14.272 -14.359 -14.233 -13.990
1.300 -6.602 -6.838 -8.648 -11.194 -12.245 -12.655 -13.195 -13.068 -13.573 -13.481 -13.791 -14.021 -14.229 -14.330 -14.437 -14.329 -14.099
1.400 -6.421 -6.601 -8.492 -11.089 -12.182 -12.610 -13.172 -13.043 -13.569 -13.480 -13.800 -14.044 -14.268 -14.380 -14.508 -14.417 -14.198
1.500 -6.239 -6.358 -8.332 -10.978 -12.112 -12.558 -13.142 -13.011 -13.558 -13.473 -13.802 -14.058 -14.299 -14.422 -14.569 -14.496 -14.289
1.600 -6.076 -6.137 -8.188 -10.875 -12.048 -12.509 -13.113 -12.981 -13.546 -13.465 -13.803 -14.071 -14.327 -14.460 -14.626 -14.569 -14.373
1.700 -5.908 -5.905 -8.037 -10.764 -11.976 -12.453 -13.077 -12.944 -13.528 -13.451 -13.796 -14.076 -14.347 -14.491 -14.676 -14.635 -14.450
1.800 -5.747 -5.679 -7.890 -10.653 -11.902 -12.395 -13.038 -12.904 -13.506 -13.434 -13.786 -14.077 -14.363 -14.517 -14.719 -14.695 -14.521
1.900 -5.596 -5.465 -7.752 -10.547 -11.832 -12.338 -13.000 -12.865 -13.483 -13.416 -13.775 -14.077 -14.377 -14.540 -14.760 -14.751 -14.587
2.000 -5.439 -5.240 -7.607 -10.432 -11.754 -12.275 -12.955 -12.820 -13.455 -13.393 -13.758 -14.071 -14.384 -14.557 -14.795 -14.802 -14.648
2.100 -5.284 -5.013 -7.461 -10.315 -11.672 -12.208 -12.906 -12.771 -13.422 -13.365 -13.737 -14.060 -14.387 -14.570 -14.825 -14.847 -14.704
2.200 -5.142 -4.803 -7.327 -10.205 -11.596 -12.146 -12.861 -12.725 -13.391 -13.340 -13.717 -14.049 -14.390 -14.582 -14.854 -14.890 -14.758
2.300 -4.994 -4.582 -7.187 -10.088 -11.514 -12.077 -12.809 -12.674 -13.355 -13.309 -13.692 -14.034 -14.388 -14.589 -14.878 -14.929 -14.807
2.400 -4.842 -4.352 -7.041 -9.963 -11.425 -12.003 -12.752 -12.617 -13.313 -13.274 -13.662 -14.014 -14.381 -14.591 -14.897 -14.964 -14.852
2.500 -4.695 -4.128 -6.899 -9.841 -11.337 -11.928 -12.694 -12.560 -13.270 -13.237 -13.630 -13.991 -14.372 -14.591 -14.914 -14.995 -14.894
2.600 -4.554 -3.909 -6.762 -9.720 -11.250 -11.854 -12.637 -12.503 -13.227 -13.200 -13.598 -13.968 -14.362 -14.590 -14.929 -15.025 -14.933
2.700 -4.408 -3.680 -6.618 -9.593 -11.157 -11.775 -12.574 -12.441 -13.179 -13.159 -13.562 -13.941 -14.347 -14.585 -14.940 -15.051 -14.969
2.800 -4.257 -3.443 -6.470 -9.459 -11.058 -11.690 -12.506 -12.374 -13.127 -13.114 -13.520 -13.909 -14.329 -14.575 -14.948 -15.073 -15.002
2.900 -4.104 -3.200 -6.319 -9.320 -10.955 -11.601 -12.434 -12.303 -13.070 -13.064 -13.476 -13.873 -14.307 -14.562 -14.952 -15.093 -15.032
3.000 -3.958 -2.967 -6.174 -9.185 -10.856 -11.515 -12.364 -12.234 -13.015 -13.017 -13.432 -13.838 -14.285 -14.549 -14.955 -15.111 -15.061
3.100 -3.811 -2.727 -6.027 -9.046 -10.752 -11.425 -12.291 -12.161 -12.956 -12.965 -13.385 -13.800 -14.259 -14.533 -14.956 -15.127 -15.086
3.200 -3.662 -2.479 -5.878 -8.904 -10.647 -11.335 -12.218 -12.090 -12.899 -12.916 -13.339 -13.763 -14.235 -14.517 -14.955 -15.138 -15.106
3.300 -3.514 -2.224 -5.729 -8.761 -10.544 -11.247 -12.148 -12.021 -12.844 -12.869 -13.296 -13.728 -14.212 -14.502 -14.953 -15.146 -15.120
3.400 -3.363 -1.962 -5.577 -8.612 -10.436 -11.155 -12.073 -11.948 -12.785 -12.818 -13.249 -13.690 -14.186 -14.483 -14.947 -15.151 -15.131
3.500 -3.218 -1.706 -5.431 -8.467 -10.331 -11.064 -12.000 -11.876 -12.727 -12.768 -13.202 -13.651 -14.159 -14.465 -14.942 -15.156 -15.142
3.600 -3.074 -1.448 -5.284 -8.320 -10.224 -10.971 -11.924 -11.803 -12.667 -12.716 -13.154 -13.611 -14.130 -14.444 -14.934 -15.158 -15.152
3.700 -2.926 -1.183 -5.134 -8.167 -10.112 -10.874 -11.845 -11.725 -12.603 -12.661 -13.101 -13.567 -14.098 -14.420 -14.924 -15.159 -15.159
3.800 -2.776 -0.910 -4.981 -8.009 -9.995 -10.773 -11.761 -11.644 -12.535 -12.602 -13.046 -13.519 -14.063 -14.393 -14.911 -15.157 -15.165
3.900 -2.623 -0.631 -4.825 -7.847 -9.875 -10.668 -11.674 -11.558 -12.463 -12.539 -12.986 -13.468 -14.024 -14.362 -14.895 -15.154 -15.169
4.000 -2.469 -0.348 -4.668 -7.681 -9.751 -10.560 -11.583 -11.470 -12.388 -12.474 -12.924 -13.414 -13.983 -14.329 -14.876 -15.147 -15.170
4.100 -2.319 -0.072 -4.514 -7.517 -9.629 -10.452 -11.493 -11.382 -12.313 -12.408 -12.861 -13.359 -13.940 -14.295 -14.857 -15.140 -15.171
4.200 -2.171 0.200 -4.364 -7.355 -9.507 -10.344 -11.401 -11.294 -12.237 -12.342 -12.797 -13.303 -13.896 -14.259 -14.836 -15.132 -15.170
4.300 -2.024 0.470 -4.213 -7.192 -9.383 -10.234 -11.308 -11.203 -12.158 -12.273 -12.730 -13.244 -13.849 -14.221 -14.813 -15.121 -15.168
4.400 -1.876 0.737 -4.062 -7.027 -9.257 -10.122 -11.212 -11.109 -12.077 -12.201 -12.661 -13.182 -13.800 -14.180 -14.787 -15.108 -15.165
4.500 -1.729 0.996 -3.912 -6.862 -9.129 -10.008 -11.113 -11.013 -11.993 -12.127 -12.589 -13.117 -13.747 -14.136 -14.759 -15.094 -15.159
4.600 -1.685 1.061 -3.867 -6.815 -9.088 -9.969 -11.077 -10.978 -11.959 -12.096 -12.558 -13.087 -13.720 -14.110 -14.736 -15.073 -15.140
4.700 -1.662 1.084 -3.844 -6.792 -9.065 -9.946 -11.054 -10.955 -11.936 -12.073 -12.535 -13.064 -13.697 -14.087 -14.713 -15.050 -15.117
4.800 -1.638 1.107 -3.821 -6.768 -9.042 -9.923 -11.031 -10.931 -11.913 -12.049 -12.512 -13.041 -13.673 -14.064 -14.689 -15.027 -15.094
4.900 -1.614 1.131 -3.797 -6.744 -9.018 -9.899 -11.007 -10.907 -11.889 -12.025 -12.487 -13.017 -13.649 -14.040 -14.665 -15.003 -15.070
5.000 -1.589 1.156 -3.772 -6.719 -8.993 -9.874 -10.982 -10.882 -11.864 -12.000 -12.463 -12.992 -13.624 -14.015 -14.640 -14.978 -15.045
5.100 -1.563 1.182 -3.746 -6.693 -8.967 -9.848 -10.956 -10.856 -11.838 -11.974 -12.437 -12.966 -13.598 -13.989 -14.614 -14.952 -15.019
5.200 -1.536 1.209 -3.719 -6.666 -8.940 -9.821 -10.928 -10.829 -11.811 -11.947 -12.409 -12.939 -13.571 -13.962 -14.587 -14.925 -14.992
5.300 -1.508 1.238 -3.690 -6.638 -8.911 -9.792 -10.900 -10.801 -11.783 -11.919 -12.381 -12.911 -13.543 -13.933 -14.559 -14.896 -14.963
5.400 -1.479 1.267 -3.661 -6.609 -8.882 -9.763 -10.871 -10.772 -11.753 -11.890 -12.352 -12.882 -13.514 -13.904 -14.530 -14.867 -14.934
5.500 -1.449 1.297 -3.631 -6.578 -8.852 -9.733 -10.841 -10.742 -11.723 -11.859 -12.322 -12.851 -13.484 -13.874 -14.499 -14.837 -14.904
5.600 -1.417 1.328 -3.600 -6.547 -8.821 -9.702 -10.810 -10.710 -11.692 -11.828 -12.291 -12.820 -13.453 -13.843 -14.468 -14.806 -14.873
5.700 -1.386 1.359 -3.569 -6.516 -8.790 -9.671 -10.778 -10.679 -11.661 -11.797 -12.259 -12.789 -13.421 -13.812 -14.437 -14.775 -14.842
5.800 -1.354 1.391 -3.537 -6.484 -8.758 -9.639 -10.747 -10.647 -11.629 -11.765 -12.228 -12.757 -13.390 -13.780 -14.405 -14.743 -14.810
5.900 -1.322 1.423 -3.505 -6.452 -8.726 -9.607 -10.714 -10.615 -11.597 -11.733 -12.195 -12.725 -13.357 -13.748 -14.373 -14.711 -14.778
6.000 -1.289 1.456 -3.472 -6.419 -8.693 -9.574 -10.682 -10.582 -11.564 -11.700 -12.163 -12.692 -13.324 -13.715 -14.340 -14.678 -14.745
6.100 -1.256 1.490 -3.438 -6.386 -8.659 -9.540 -10.648 -10.549 -11.530 -11.667 -12.129 -12.658 -13.291 -13.681 -14.307 -14.644 -14.711
6.200 -1.222 1.524 -3.404 -6.351 -8.625 -9.506 -10.614 -10.515 -11.496 -11.632 -12.095 -12.624 -13.257 -13.647 -14.273 -14.610 -14.677
6.300 -1.187 1.559 -3.369 -6.317 -8.590 -9.471 -10.579 -10.480 -11.462 -11.598 -12.060 -12.590 -13.222 -13.612 -14.238 -14.575 -14.642
6.400 -1.152 1.594 -3.334 -6.282 -8.555 -9.436 -10.544 -10.445 -11.426 -11.563 -12.025 -12.554 -13.187 -13.577 -14.203 -14.540 -14.607
6.500 -1.116 1.630 -3.298 -6.246 -8.519 -9.400 -10.508 -10.409 -11.391 -11.527 -11.989 -12.519 -13.151 -13.541 -14.167 -14.505 -14.572
6.600 -1.080 1.665 -3.262 -6.210 -8.483 -9.364 -10.472 -10.373 -11.355 -11.491 -11.953 -12.483 -13.115 -13.505 -14.131 -14.469 -14.536
6.700 -1.044 1.701 -3.226 -6.174 -8.447 -9.328 -10.436 -10.337 -11.319 -11.455 -11.917 -12.447 -13.079 -13.469 -14.095 -14.433 -14.500
6.800 -1.008 1.738 -3.190 -6.138 -8.411 -9.292 -10.400 -10.301 -11.283 -11.419 -11.881 -12.411 -13.043 -13.433 -14.059 -14.397 -14.464
6.900 -0.972 1.774 -3.154 -6.102 -8.375 -9.256 -10.364 -10.265 -11.247 -11.383 -11.845 -12.375 -13.007 -13.397 -14.023 -14.360 -14.427
7.000 -0.936 1.810 -3.118 -6.065 -8.339 -9.220 -10.328 -10.229 -11.210 -11.346 -11.809 -12.338 -12.971 -13.361 -13.987 -14.324 -14.391
7.100 -0.899 1.846 -3.082 -6.029 -8.303 -9.184 -10.291 -10.192 -11.174 -11.310 -11.772 -12.302 -12.934 -13.325 -13.950 -14.288 -14.355
7.200 -0.863 1.883 -3.045 -5.993 -8.266 -9.147 -10.255 -10.156 -11.137 -11.274 -11.736 -12.265 -12.898 -13.288 -13.914 -14.251 -14.318
7.300 -0.826 1.919 -3.009 -5.956 -8.230 -9.111 -10.218 -10.119 -11.101 -11.237 -11.699 -12.229 -12.861 -13.252 -13.877 -14.215 -14.282
7.400 -0.790 1.956 -2.972 -5.919 -8.193 -9.074 -10.182 -10.083 -11.064 -11.200 -11.663 -12.192 -12.825 -13.215 -13.841 -14.178 -14.245
7.500 -0.753 1.992 -2.936 -5.883 -8.157 -9.038 -10.145 -10.046 -11.028 -11.164 -11.626 -12.156 -12.788 -13.179 -13.804 -14.142 -14.209
7.600 -0.717 2.029 -2.899 -5.846 -8.120 -9.001 -10.109 -10.010 -10.991 -11.127 -11.590 -12.119 -12.752 -13.142 -13.768 -14.105 -14.172
7.700 -0.680 2.065 -2.863 -5.810 -8.084 -8.965 -10.072 -9.973 -10.955 -11.091 -11.553 -12.083 -12.715 -13.106 -13.731 -14.069 -14.136
7.800 -0.644 2.102 -2.826 -5.774 -8.047 -8.928 -10.036 -9.937 -10.919 -11.055 -11.517 -12.047 -12.679 -13.069 -13.695 -14.033 -14.100
7.900 -0.608 2.137 -2.790 -5.738 -8.011 -8.892 -10.000 -9.901 -10.883 -11.019 -11.481 -12.011 -12.643 -13.033 -13.659 -13.997 -14.064
8.000 -0.572 2.173 -2.755 -5.702 -7.976 -8.857 -9.965 -9.865 -10.847 -10.983 -11.446 -11.975 -12.608 -12.998 -13.623 -13.961 -14.028
8.100 -0.537 2.208 -2.720 -5.667 -7.941 -8.822 -9.929 -9.830 -10.812 -10.948 -11.410 -11.940 -12.572 -12.963 -13.588 -13.926 -13.993
8.200 -0.502 2.243 -2.685 -5.632 -7.906 -8.787 -9.894 -9.795 -10.777 -10.913 -11.375 -11.905 -12.537 -12.928 -13.553 -13.891 -13.958
8.300 -0.468 2.278 -2.650 -5.597 -7.871 -8.752 -9.860 -9.761 -10.742 -10.878 -11.341 -11.870 -12.503 -12.893 -13.518 -13.856 -13.923
8.400 -0.433 2.312 -2.616 -5.563 -7.837 -8.718 -9.825 -9.726 -10.708 -10.844 -11.306 -11.836 -12.468 -12.859 -13.484 -13.822 -13.889
8.500 -0.399 2.346 -2.582 -5.529 -7.803 -8.684 -9.791 -9.692 -10.674 -10.810 -11.272 -11.802 -12.434 -12.825 -13.450 -13.788 -13.855
8.600 -0.365 2.380 -2.548 -5.495 -7.769 -8.650 -9.758 -9.658 -10.640 -10.776 -11.239 -11.768 -12.401 -12.791 -13.416 -13.754 -13.821
8.700 -0.332 2.413 -2.515 -5.462 -7.736 -8.617 -9.724 -9.625 -10.607 -10.743 -11.205 -11.735 -12.367 -12.758 -13.383 -13.721 -13.788
8.800 -0.299 2.446 -2.482 -5.429 -7.703 -8.584 -9.691 -9.592 -10.574 -10.710 -11.172 -11.702 -12.334 -12.725 -13.350 -13.688 -13.755
8.900 -0.267 2.479 -2.449 -5.396 -7.670 -8.551 -9.659 -9.560 -10.541 -10.677 -11.140 -11.669 -12.302 -12.692 -13.318 -13.655 -13.722
9.000 -0.234 2.511 -2.417 -5.364 -7.638 -8.519 -9.627 -9.527 -10.509 -10.645 -11.108 -11.637 -12.270 -12.660 -13.285 -13.623 -13.690
9.100 -0.203 2.543 -2.385 -5.333 -7.606 -8.487 -9.595 -9.496 -10.477 -10.614 -11.076 -11.605 -12.238 -12.628 -13.254 -13.591 -13.658
9.200 -0.172 2.574 -2.354 -5.301 -7.575 -8.456 -9.564 -9.465 -10.446 -10.582 -11.045 -11.574 -12.207 -12.597 -13.222 -13.560 -13.627
9.300 -0.141 2.605 -2.323 -5.271 -7.544 -8.425 -9.533 -9.434 -10.415 -10.552 -11.014 -11.543 -12.176 -12.566 -13.192 -13.529 -13.596
9.400 -0.110 2.635 -2.293 -5.240 -7.514 -8.395 -9.503 -9.403 -10.385 -10.521 -10.984 -11.513 -12.146 -12.536 -13.161 -13.499 -13.566
9.500 -0.081 2.665 -2.263 -5.210 -7.484 -8.365 -9.473 -9.374 -10.355 -10.491 -10.954 -11.483 -12.116 -12.506 -13.132 -13.469 -13.536
9.600 -0.051 2.694 -2.234 -5.181 -7.455 -8.336 -9.443 -9.344 -10.326 -10.462 -10.924 -11.454 -12.086 -12.477 -13.102 -13.440 -13.507
9.700 -0.022 2.723 -2.205 -5.152 -7.426 -8.307 -9.415 -9.315 -10.297 -10.433 -10.896 -11.425 -12.057 -12.448 -13.073 -13.411 -13.478
9.800 0.006 2.752 -2.176 -5.124 -7.397 -8.278 -9.386 -9.287 -10.268 -10.405 -10.867 -11.397 -12.029 -12.419 -13.045 -13.382 -13.449
9.900 0.034 2.780 -2.148 -5.096 -7.369 -8.250 -9.358 -9.259 -10.240 -10.377 -10.839 -11.369 -12.001 -12.391 -13.017 -13.354 -13.421
10.000 0.062 2.807 -2.121 -5.068 -7.342 -8.223 -9.331 -9.231 -10.213 -10.349 -10.812 -11.341 -11.973 -12.364 -12.989 -13.327 -13.394
10.100 0.089 2.834 -2.094 -5.041 -7.315 -8.196 -9.303 -9.204 -10.186 -10.322 -10.784 -11.314 -11.946 -12.337 -12.962 -13.300 -13.367
10.200 0.116 2.861 -2.067 -5.014 -7.288 -8.169 -9.277 -9.177 -10.159 -10.295 -10.758 -11.287 -11.920 -12.310 -12.935 -13.273 -13.340
10.300 0.142 2.887 -2.041 -4.988 -7.262 -8.143 -9.250 -9.151 -10.133 -10.269 -10.731 -11.261 -11.893 -12.284 -12.909 -13.247 -13.314
10.400 0.168 2.913 -2.015 -4.962 -7.236 -8.117 -9.225 -9.125 -10.107 -10.243 -10.706 -11.235 -11.867 -12.258 -12.883 -13.221 -13.288
10.500 0.193 2.939 -1.989 -4.937 -7.210 -8.091 -9.199 -9.100 -10.082 -10.218 -10.680 -11.210 -11.842 -12.232 -12.858 -13.195 -13.262
10.600 0.218 2.964 -1.964 -4.912 -7.185 -8.066 -9.174 -9.075 -10.057 -10.193 -10.655 -11.185 -11.817 -12.207 -12.833 -13.170 -13.237
10.700 0.243 2.988 -1.940 -4.887 -7.161 -8.042 -9.150 -9.050 -10.032 -10.168 -10.631 -11.160 -11.792 -12.183 -12.808 -13.146 -13.213
10.800 0.267 3.012 -1.915 -4.863 -7.136 -8.017 -9.125 -9.026 -10.008 -10.144 -10.606 -11.136 -11.768 -12.158 -12.784 -13.122 -13.189
10.900 0.291 3.036 -1.892 -4.839 -7.113 -7.994 -9.102 -9.002 -9.984 -10.120 -10.583 -11.112 -11.744 -12.135 -12.760 -13.098 -13.165
11.000 0.314 3.060 -1.868 -4.816 -7.089 -7.970 -9.078 -8.979 -9.961 -10.097 -10.559 -11.089 -11.721 -12.111 -12.737 -13.074 -13.141
11.100 0.337 3.083 -1.845 -4.793 -7.066 -7.947 -9.055 -8.956 -9.937 -10.074 -10.536 -11.066 -11.698 -12.088 -12.714 -13.051 -13.118
11.200 0.360 3.105 -1.823 -4.770 -7.044 -7.925 -9.032 -8.933 -9.915 -10.051 -10.513 -11.043 -11.675 -12.066 -12.691 -13.029 -13.096
11.300 0.382 3.128 -1.800 -4.748 -7.021 -7.902 -9.010 -8.911 -9.893 -10.029 -10.491 -11.021 -11.653 -12.043 -12.669 -13.006 -13.073
11.400 0.404 3.150 -1.778 -4.726 -6.999 -7.880 -8.988 -8.889 -9.871 -10.007 -10.469 -10.999 -11.631 -12.021 -12.647 -12.984 -13.051
11.500 0.426 3.171 -1.757 -4.704 -6.978 -7.859 -8.967 -8.867 -9.849 -9.985 -10.448 -10.977 -11.609 -12.000 -12.625 -12.963 -13.030
11.600 0.447 3.192 -1.735 -4.683 -6.956 -7.837 -8.945 -8.846 -9.828 -9.964 -10.426 -10.956 -11.588 -11.978 -12.604 -12.942 -13.009
11.700 0.468 3.213 -1.715 -4.662 -6.936 -7.817 -8.924 -8.825 -9.807 -9.943 -10.405 -10.935 -11.567 -11.958 -12.583 -12.921 -12.988
11.800 0.488 3.234 -1.694 -4.641 -6.915 -7.796 -8.904 -8.805 -9.786 -9.922 -10.385 -10.914 -11.547 -11.937 -12.562 -12.900 -12.967
11.900 0.509 3.254 -1.674 -4.621 -6.895 -7.776 -8.884 -8.784 -9.766 -9.902 -10.364 -10.894 -11.526 -11.917 -12.542 -12.880 -12.947
12.000 0.529 3.274 -1.654 -4.601 -6.875 -7.756 -8.863 -8.764 -9.746 -9.882 -10.344 -10.874 -11.506 -11.897 -12.522 -12.860 -12.927
12.100 0.548 3.294 -1.634 -4.581 -6.855 -7.736 -8.844 -8.745 -9.726 -9.862 -10.325 -10.854 -11.487 -11.877 -12.502 -12.840 -12.907
12.200 0.568 3.313 -1.614 -4.562 -6.835 -7.716 -8.824 -8.725 -9.707 -9.843 -10.305 -10.835 -11.467 -11.857 -12.483 -12.821 -12.888
12.300 0.587 3.333 -1.595 -4.543 -6.816 -7.697 -8.805 -8.706 -9.688 -9.824 -10.286 -10.816 -11.448 -11.838 -12.464 -12.801 -12.868
12.400 0.606 3.351 -1.576 -4.524 -6.797 -7.678 -8.786 -8.687 -9.669 -9.805 -10.267 -10.797 -11.429 -11.819 -12.445 -12.783 -12.850
12.500 0.625 3.370 -1.558 -4.505 -6.779 -7.660 -8.768 -8.668 -9.650 -9.786 -10.249 -10.778 -11.411 -11.801 -12.426 -12.764 -12.831
12.600 0.643 3.388 -1.540 -4.487 -6.760 -7.641 -8.749 -8.650 -9.632 -9.768 -10.230 -10.760 -11.392 -11.783 -12.408 -12.746 -12.813
12.700 0.661 3.407 -1.521 -4.469 -6.742 -7.623 -8.731 -8.632 -9.614 -9.750 -10.212 -10.742 -11.374 -11.764 -12.390 -12.728 -12.795
12.800 0.679 3.424 -1.504 -4.451 -6.725 -7.606 -8.713 -8.614 -9.596 -9.732 -10.194 -10.724 -11.356 -11.747 -12.372 -12.710 -12.777
12.900 0.696 3.442 -1.486 -4.433 -6.707 -7.588 -8.696 -8.597 -9.578 -9.714 -10.177 -10.706 -11.339 -11.729 -12.354 -12.692 -12.759
13.000 0.714 3.459 -1.469 -4.416 -6.690 -7.571 -8.678 -8.579 -9.561 -9.697 -10.159 -10.689 -11.321 -11.712 -12.337 -12.675 -12.742
13.100 0.731 3.477 -1.451 -4.399 -6.672 -7.553 -8.661 -8.562 -9.544 -9.680 -10.142 -10.672 -11.304 -11.694 -12.320 -12.657 -12.725
13.200 0.748 3.494 -1.434 -4.382 -6.655 -7.536 -8.644 -8.545 -9.527 -9.663 -10.125 -10.655 -11.287 -11.677 -12.303 -12.641 -12.708
13.300 0.765 3.510 -1.418 -4.365 -6.639 -7.520 -8.628 -8.528 -9.510 -9.646 -10.109 -10.638 -11.270 -11.661 -12.286 -12.624 -12.691
13.400 0.781 3.527 -1.401 -4.349 -6.622 -7.503 -8.611 -8.512 -9.493 -9.630 -10.092 -10.621 -11.254 -11.644 -12.270 -12.607 -12.674
13.500 0.798 3.543 -1.385 -4.332 -6.606 -7.487 -8.595 -8.495 -9.477 -9.613 -10.076 -10.605 -11.238 -11.628 -12.253 -12.591 -12.658
13.600 0.814 3.559 -1.369 -4.316 -6.590 -7.471 -8.579 -8.479 -9.461 -9.597 -10.060 -10.589 -11.221 -11.612 -12.237 -12.575 -12.642
13.700 0.830 3.575 -1.353 -4.300 -6.574 -7.455 -8.563 -8.463 -9.445 -9.581 -10.044 -10.573 -11.205 -11.596 -12.221 -12.559 -12.626
13.800 0.845 3.591 -1.337 -4.284 -6.558 -7.439 -8.547 -8.448 -9.429 -9.565 -10.028 -10.557 -11.190 -11.580 -12.206 -12.543 -12.610
13.900 0.861 3.606 -1.321 -4.269 -6.542 -7.423 -8.531 -8.432 -9.414 -9.550 -10.012 -10.542 -11.174 -11.564 -12.190 -12.528 -12.595
14.000 0.876 3.622 -1.306 -4.253 -6.527 -7.408 -8.516 -8.417 -9.398 -9.535 -9.997 -10.526 -11.159 -11.549 -12.175 -12.512 -12.579
14.100 0.892 3.637 -1.291 -4.238 -6.512 -7.393 -8.501 -8.401 -9.383 -9.519 -9.982 -10.511 -11.144 -11.534 -12.159 -12.497 -12.564
14.200 0.907 3.652 -1.276 -4.223 -6.497 -7.378 -8.486 -8.386 -9.368 -9.504 -9.967 -10.496 -11.128 -11.519 -12.144 -12.482 -12.549
14.300 0.921 3.667 -1.261 -4.208 -6.482 -7.363 -8.471 -8.371 -9.353 -9.489 -9.952 -10.481 -11.114 -11.504 -12.129 -12.467 -12.534
14.400 0.936 3.682 -1.246 -4.194 -6.467 -7.348 -8.456 -8.357 -9.338 -9.475 -9.937 -10.466 -11.099 -11.489 -12.115 -12.452 -12.519
14.500 0.951 3.696 -1.232 -4.179 -6.453 -7.334 -8.441 -8.342 -9.324 -9.460 -9.922 -10.452 -11.084 -11.475 -12.100 -12.438 -12.505
14.600 0.965 3.711 -1.217 -4.164 -6.438 -7.319 -8.427 -8.328 -9.309 -9.446 -9.908 -10.437 -11.070 -11.460 -12.086 -12.423 -12.490
14.700 0.980 3.725 -1.203 -4.150 -6.424 -7.305 -8.413 -8.313 -9.295 -9.431 -9.894 -10.423 -11.056 -11.446 -12.071 -12.409 -12.476
14.800 0.994 3.739 -1.189 -4.136 -6.410 -7.291 -8.399 -8.299 -9.281 -9.417 -9.880 -10.409 -11.041 -11.432 -12.057 -12.395 -12.462
14.900 1.008 3.753 -1.175 -4.122 -6.396 -7.277 -8.385 -8.285 -9.267 -9.403 -9.866 -10.395 -11.027 -11.418 -12.043 -12.381 -12.448
15.000 1.022 3.767 -1.161 -4.108 -6.382 -7.263 -8.371 -8.271 -9.253 -9.389 -9.852 -10.381 -11.013 -11.404 -12.029 -12.367 -12.434
