# day W2 M2 W1 u B g V c r w o i z y J H K
0.000 -9.988 -9.784 -9.581 -8.725 -8.358 -8.179 -7.868 -7.992 -7.611 -7.796 -7.470 -7.189 -6.874 -6.631 -6.138 -5.503 -4.916
0.100 -14.851 -14.848 -14.771 -14.436 -14.223 -14.109 -13.905 -13.982 -13.724 -13.834 -13.621 -13.412 -13.165 -12.968 -12.559 -12.004 -11.475
0.200 -14.843 -14.983 -15.017 -15.016 -14.898 -14.823 -14.681 -14.732 -14.541 -14.613 -14.458 -14.284 -14.071 -13.896 -13.527 -13.009 -12.507
0.300 -14.608 -14.850 -14.983 -15.241 -15.203 -15.161 -15.068 -15.099 -14.962 -15.007 -14.897 -14.752 -14.566 -14.409 -14.072 -13.582 -13.100
0.400 -14.337 -14.649 -14.867 -15.328 -15.360 -15.346 -15.297 -15.311 -15.221 -15.243 -15.171 -15.052 -14.890 -14.749 -14.438 -13.974 -13.510
0.500 -14.043 -14.411 -14.706 -15.338 -15.433 -15.445 -15.435 -15.435 -15.387 -15.390 -15.351 -15.256 -15.116 -14.990 -14.705 -14.264 -13.816
0.600 -13.707 -14.126 -14.499 -15.292 -15.446 -15.483 -15.511 -15.498 -15.489 -15.476 -15.468 -15.395 -15.277 -15.164 -14.905 -14.486 -14.055
0.700 -13.328 -13.794 -14.251 -15.201 -15.414 -15.476 -15.539 -15.514 -15.544 -15.516 -15.537 -15.486 -15.390 -15.291 -15.056 -14.660 -14.244
0.800 -12.921 -13.427 -13.973 -15.076 -15.348 -15.433 -15.532 -15.496 -15.563 -15.522 -15.570 -15.540 -15.466 -15.381 -15.171 -14.798 -14.398
0.900 -12.514 -13.051 -13.683 -14.927 -15.256 -15.366 -15.499 -15.452 -15.555 -15.502 -15.576 -15.567 -15.513 -15.443 -15.258 -14.907 -14.524
1.000 -12.137 -12.692 -13.400 -14.768 -15.150 -15.282 -15.446 -15.391 -15.527 -15.465 -15.562 -15.572 -15.539 -15.482 -15.322 -14.994 -14.627
1.100 -11.803 -12.368 -13.141 -14.609 -15.038 -15.189 -15.383 -15.319 -15.485 -15.416 -15.533 -15.562 -15.548 -15.505 -15.368 -15.063 -14.712
1.200 -11.515 -12.085 -12.911 -14.460 -14.929 -15.098 -15.316 -15.247 -15.439 -15.364 -15.499 -15.543 -15.547 -15.516 -15.402 -15.118 -14.782
1.300 -11.254 -11.827 -12.704 -14.324 -14.828 -15.012 -15.251 -15.176 -15.390 -15.311 -15.461 -15.519 -15.539 -15.519 -15.426 -15.162 -14.839
1.400 -11.007 -11.581 -12.510 -14.199 -14.734 -14.931 -15.190 -15.110 -15.344 -15.262 -15.424 -15.495 -15.528 -15.518 -15.444 -15.197 -14.888
1.500 -10.764 -11.336 -12.320 -14.078 -14.646 -14.856 -15.132 -15.049 -15.300 -15.215 -15.389 -15.470 -15.516 -15.515 -15.457 -15.227 -14.930
1.600 -10.515 -11.081 -12.125 -13.956 -14.557 -14.782 -15.076 -14.988 -15.258 -15.170 -15.355 -15.447 -15.504 -15.510 -15.467 -15.252 -14.967
1.700 -10.260 -10.817 -11.923 -13.829 -14.466 -14.705 -15.019 -14.927 -15.216 -15.125 -15.321 -15.424 -15.493 -15.506 -15.477 -15.274 -14.997
1.800 -9.998 -10.541 -11.714 -13.695 -14.371 -14.625 -14.960 -14.863 -15.172 -15.079 -15.286 -15.400 -15.481 -15.502 -15.486 -15.293 -15.023
1.900 -9.728 -10.252 -11.494 -13.550 -14.267 -14.538 -14.894 -14.793 -15.123 -15.028 -15.247 -15.373 -15.467 -15.496 -15.493 -15.311 -15.048
2.000 -9.449 -9.949 -11.264 -13.396 -14.154 -14.442 -14.821 -14.716 -15.068 -14.971 -15.203 -15.341 -15.448 -15.486 -15.497 -15.328 -15.072
2.100 -9.164 -9.635 -11.026 -13.232 -14.034 -14.340 -14.742 -14.633 -15.007 -14.909 -15.153 -15.304 -15.425 -15.472 -15.499 -15.342 -15.094
2.200 -8.869 -9.304 -10.776 -13.055 -13.903 -14.227 -14.654 -14.541 -14.938 -14.839 -15.096 -15.261 -15.397 -15.453 -15.496 -15.353 -15.114
2.300 -8.568 -8.960 -10.516 -12.868 -13.763 -14.107 -14.559 -14.441 -14.863 -14.764 -15.034 -15.213 -15.365 -15.431 -15.491 -15.361 -15.130
2.400 -8.258 -8.600 -10.245 -12.669 -13.612 -13.976 -14.454 -14.334 -14.780 -14.682 -14.965 -15.159 -15.328 -15.405 -15.482 -15.364 -15.140
2.500 -7.942 -8.227 -9.966 -12.459 -13.453 -13.838 -14.342 -14.218 -14.690 -14.594 -14.889 -15.098 -15.285 -15.373 -15.469 -15.365 -15.149
2.600 -7.619 -7.839 -9.678 -12.237 -13.283 -13.689 -14.221 -14.094 -14.592 -14.499 -14.806 -15.031 -15.236 -15.336 -15.452 -15.363 -15.155
2.700 -7.290 -7.435 -9.379 -12.004 -13.103 -13.531 -14.091 -13.962 -14.486 -14.396 -14.715 -14.956 -15.180 -15.293 -15.430 -15.358 -15.160
2.800 -6.956 -7.016 -9.072 -11.759 -12.913 -13.364 -13.953 -13.821 -14.371 -14.286 -14.617 -14.874 -15.118 -15.244 -15.403 -15.349 -15.161
2.900 -6.614 -6.579 -8.755 -11.500 -12.712 -13.186 -13.804 -13.671 -14.248 -14.169 -14.511 -14.785 -15.050 -15.190 -15.372 -15.336 -15.160
3.000 -6.269 -6.128 -8.431 -11.231 -12.502 -13.000 -13.648 -13.514 -14.118 -14.045 -14.399 -14.690 -14.975 -15.129 -15.336 -15.320 -15.156
3.100 -5.919 -5.660 -8.098 -10.949 -12.281 -12.804 -13.483 -13.347 -13.979 -13.914 -14.278 -14.587 -14.895 -15.063 -15.295 -15.300 -15.149
3.200 -5.565 -5.177 -7.758 -10.654 -12.051 -12.599 -13.309 -13.173 -13.832 -13.776 -14.151 -14.477 -14.808 -14.992 -15.250 -15.276 -15.139
3.300 -5.207 -4.677 -7.411 -10.348 -11.810 -12.384 -13.127 -12.991 -13.678 -13.632 -14.017 -14.361 -14.715 -14.914 -15.200 -15.249 -15.126
3.400 -4.845 -4.158 -7.056 -10.027 -11.558 -12.159 -12.934 -12.799 -13.515 -13.481 -13.875 -14.237 -14.615 -14.831 -15.145 -15.218 -15.110
3.500 -4.481 -3.626 -6.697 -9.697 -11.297 -11.926 -12.735 -12.601 -13.345 -13.324 -13.727 -14.107 -14.510 -14.742 -15.086 -15.183 -15.091
3.600 -4.114 -3.077 -6.332 -9.353 -11.026 -11.683 -12.526 -12.394 -13.167 -13.160 -13.572 -13.970 -14.398 -14.648 -15.022 -15.145 -15.069
3.700 -3.745 -2.511 -5.962 -8.997 -10.745 -11.432 -12.309 -12.180 -12.981 -12.989 -13.410 -13.826 -14.281 -14.548 -14.954 -15.103 -15.044
3.800 -3.374 -1.931 -5.589 -8.630 -10.456 -11.172 -12.085 -11.958 -12.789 -12.814 -13.243 -13.677 -14.158 -14.444 -14.881 -15.057 -15.017
3.900 -3.001 -1.337 -5.212 -8.252 -10.158 -10.904 -11.853 -11.730 -12.589 -12.632 -13.068 -13.520 -14.029 -14.333 -14.804 -15.009 -14.986
4.000 -2.627 -0.729 -4.832 -7.863 -9.851 -10.628 -11.613 -11.495 -12.383 -12.445 -12.888 -13.358 -13.894 -14.218 -14.723 -14.956 -14.953
4.100 -2.253 -0.110 -4.452 -7.466 -9.538 -10.346 -11.367 -11.254 -12.170 -12.253 -12.702 -13.190 -13.755 -14.098 -14.637 -14.900 -14.917
4.200 -1.881 0.512 -4.073 -7.064 -9.220 -10.059 -11.117 -11.009 -11.953 -12.057 -12.512 -13.018 -13.610 -13.973 -14.548 -14.841 -14.879
4.300 -1.511 1.135 -3.696 -6.657 -8.898 -9.767 -10.861 -10.759 -11.730 -11.857 -12.317 -12.840 -13.461 -13.843 -14.454 -14.779 -14.838
4.400 -1.319 1.426 -3.502 -6.449 -8.723 -9.604 -10.711 -10.612 -11.594 -11.730 -12.192 -12.722 -13.354 -13.745 -14.370 -14.708 -14.775
4.500 -1.243 1.503 -3.425 -6.373 -8.646 -9.527 -10.635 -10.536 -11.518 -11.654 -12.116 -12.646 -13.278 -13.668 -14.294 -14.632 -14.699
4.600 -1.167 1.579 -3.349 -6.297 -8.570 -9.451 -10.559 -10.460 -11.442 -11.578 -12.040 -12.570 -13.202 -13.592 -14.218 -14.555 -14.622
4.700 -1.091 1.654 -3.274 -6.221 -8.495 -9.376 -10.483 -10.384 -11.366 -11.502 -11.964 -12.494 -13.126 -13.517 -14.142 -14.480 -14.547
4.800 -1.016 1.730 -3.198 -6.145 -8.419 -9.300 -10.408 -10.309 -11.290 -11.426 -11.889 -12.418 -13.051 -13.441 -14.067 -14.404 -14.471
4.900 -0.941 1.805 -3.123 -6.070 -8.344 -9.225 -10.333 -10.234 -11.215 -11.352 -11.814 -12.343 -12.976 -13.366 -13.992 -14.329 -14.396
5.000 -0.867 1.879 -3.049 -5.997 -8.270 -9.151 -10.259 -10.160 -11.141 -11.278 -11.740 -12.269 -12.902 -13.292 -13.918 -14.255 -14.322
5.100 -0.794 1.952 -2.976 -5.923 -8.197 -9.078 -10.186 -10.087 -11.068 -11.204 -11.667 -12.196 -12.829 -13.219 -13.844 -14.182 -14.249
5.200 -0.721 2.024 -2.904 -5.851 -8.125 -9.006 -10.114 -10.014 -10.996 -11.132 -11.595 -12.124 -12.756 -13.147 -13.772 -14.110 -14.177
5.300 -0.650 2.095 -2.832 -5.780 -8.053 -8.934 -10.042 -9.943 -10.925 -11.061 -11.523 -12.053 -12.685 -13.075 -13.701 -14.039 -14.106
5.400 -0.580 2.165 -2.762 -5.710 -7.983 -8.864 -9.972 -9.873 -10.855 -10.991 -11.453 -11.983 -12.615 -13.005 -13.631 -13.969 -14.036
5.500 -0.511 2.234 -2.694 -5.641 -7.915 -8.796 -9.904 -9.804 -10.786 -10.922 -11.385 -11.914 -12.547 -12.937 -13.562 -13.900 -13.967
5.600 -0.444 2.301 -2.627 -5.574 -7.848 -8.729 -9.836 -9.737 -10.719 -10.855 -11.317 -11.847 -12.479 -12.870 -13.495 -13.833 -13.900
5.700 -0.378 2.367 -2.561 -5.508 -7.782 -8.663 -9.770 -9.671 -10.653 -10.789 -11.251 -11.781 -12.413 -12.804 -13.429 -13.767 -13.834
5.800 -0.314 2.432 -2.496 -5.444 -7.717 -8.598 -9.706 -9.607 -10.589 -10.725 -11.187 -11.717 -12.349 -12.739 -13.365 -13.702 -13.769
5.900 -0.251 2.494 -2.434 -5.381 -7.655 -8.536 -9.644 -9.544 -10.526 -10.662 -11.125 -11.654 -12.286 -12.677 -13.302 -13.640 -13.707
6.000 -0.190 2.555 -2.373 -5.320 -7.594 -8.475 -9.582 -9.483 -10.465 -10.601 -11.063 -11.593 -12.225 -12.616 -13.241 -13.579 -13.646
6.100 -0.131 2.615 -2.313 -5.261 -7.534 -8.415 -9.523 -9.424 -10.405 -10.542 -11.004 -11.534 -12.166 -12.556 -13.182 -13.519 -13.586
6.200 -0.073 2.672 -2.255 -5.203 -7.476 -8.357 -9.465 -9.366 -10.348 -10.484 -10.946 -11.476 -12.108 -12.498 -13.124 -13.462 -13.529
6.300 -0.017 2.729 -2.199 -5.147 -7.420 -8.301 -9.409 -9.310 -10.292 -10.428 -10.890 -11.420 -12.052 -12.442 -13.068 -13.406 -13.473
6.400 0.037 2.783 -2.145 -5.092 -7.366 -8.247 -9.355 -9.256 -10.237 -10.374 -10.836 -11.365 -11.998 -12.388 -13.014 -13.351 -13.418
6.500 0.090 2.836 -2.092 -5.040 -7.313 -8.194 -9.302 -9.203 -10.185 -10.321 -10.783 -11.313 -11.945 -12.335 -12.961 -13.299 -13.366
6.600 0.141 2.887 -2.041 -4.989 -7.262 -8.143 -9.251 -9.152 -10.134 -10.270 -10.732 -11.262 -11.894 -12.284 -12.910 -13.247 -13.314
6.700 0.190 2.936 -1.992 -4.939 -7.213 -8.094 -9.202 -9.103 -10.084 -10.220 -10.683 -11.212 -11.845 -12.235 -12.860 -13.198 -13.265
6.800 0.238 2.984 -1.944 -4.891 -7.165 -8.046 -9.154 -9.055 -10.036 -10.172 -10.635 -11.164 -11.797 -12.187 -12.813 -13.150 -13.217
6.900 0.285 3.030 -1.898 -4.845 -7.119 -8.000 -9.108 -9.008 -9.990 -10.126 -10.589 -11.118 -11.750 -12.141 -12.766 -13.104 -13.171
7.000 0.329 3.075 -1.853 -4.800 -7.074 -7.955 -9.063 -8.964 -9.945 -10.081 -10.544 -11.073 -11.706 -12.096 -12.721 -13.059 -13.126
7.100 0.373 3.118 -1.810 -4.757 -7.031 -7.912 -9.019 -8.920 -9.902 -10.038 -10.500 -11.030 -11.662 -12.053 -12.678 -13.016 -13.083
7.200 0.415 3.160 -1.767 -4.715 -6.988 -7.869 -8.977 -8.878 -9.860 -9.996 -10.458 -10.988 -11.620 -12.010 -12.636 -12.974 -13.041
7.300 0.456 3.201 -1.727 -4.674 -6.948 -7.829 -8.937 -8.837 -9.819 -9.955 -10.418 -10.947 -11.579 -11.970 -12.595 -12.933 -13.000
7.400 0.495 3.241 -1.687 -4.635 -6.908 -7.789 -8.897 -8.798 -9.780 -9.916 -10.378 -10.908 -11.540 -11.930 -12.556 -12.893 -12.960
7.500 0.533 3.279 -1.649 -4.596 -6.870 -7.751 -8.859 -8.760 -9.741 -9.877 -10.340 -10.869 -11.502 -11.892 -12.518 -12.855 -12.922
7.600 0.570 3.316 -1.612 -4.559 -6.833 -7.714 -8.822 -8.723 -9.704 -9.840 -10.303 -10.832 -11.465 -11.855 -12.480 -12.818 -12.885
7.700 0.607 3.352 -1.576 -4.523 -6.797 -7.678 -8.786 -8.686 -9.668 -9.804 -10.267 -10.796 -11.429 -11.819 -12.444 -12.782 -12.849
7.800 0.642 3.387 -1.541 -4.488 -6.762 -7.643 -8.751 -8.651 -9.633 -9.769 -10.232 -10.761 -11.394 -11.784 -12.409 -12.747 -12.814
7.900 0.676 3.421 -1.507 -4.454 -6.728 -7.609 -8.717 -8.617 -9.599 -9.735 -10.198 -10.727 -11.359 -11.750 -12.375 -12.713 -12.780
8.000 0.709 3.454 -1.474 -4.421 -6.695 -7.576 -8.684 -8.584 -9.566 -9.702 -10.165 -10.694 -11.326 -11.717 -12.342 -12.680 -12.747
8.100 0.741 3.487 -1.441 -4.389 -6.662 -7.543 -8.651 -8.552 -9.534 -9.670 -10.132 -10.662 -11.294 -11.684 -12.310 -12.647 -12.715
8.200 0.772 3.518 -1.410 -4.357 -6.631 -7.512 -8.620 -8.521 -9.502 -9.638 -10.101 -10.630 -11.263 -11.653 -12.278 -12.616 -12.683
8.300 0.803 3.549 -1.379 -4.327 -6.600 -7.481 -8.589 -8.490 -9.471 -9.608 -10.070 -10.600 -11.232 -11.622 -12.248 -12.585 -12.652
8.400 0.833 3.579 -1.349 -4.297 -6.570 -7.451 -8.559 -8.460 -9.442 -9.578 -10.040 -10.570 -11.202 -11.592 -12.218 -12.555 -12.622
8.500 0.862 3.608 -1.320 -4.267 -6.541 -7.422 -8.530 -8.431 -9.412 -9.548 -10.011 -10.540 -11.173 -11.563 -12.189 -12.526 -12.593
8.600 0.891 3.637 -1.291 -4.239 -6.512 -7.393 -8.501 -8.402 -9.384 -9.520 -9.982 -10.512 -11.144 -11.534 -12.160 -12.498 -12.565
8.700 0.919 3.665 -1.263 -4.211 -6.484 -7.365 -8.473 -8.374 -9.356 -9.492 -9.954 -10.484 -11.116 -11.506 -12.132 -12.470 -12.537
8.800 0.946 3.692 -1.236 -4.183 -6.457 -7.338 -8.446 -8.347 -9.328 -9.464 -9.927 -10.456 -11.089 -11.479 -12.105 -12.442 -12.509
8.900 0.973 3.719 -1.209 -4.157 -6.430 -7.311 -8.419 -8.320 -9.301 -9.438 -9.900 -10.429 -11.062 -11.452 -12.078 -12.415 -12.482
9.000 1.000 3.745 -1.183 -4.130 -6.404 -7.285 -8.393 -8.293 -9.275 -9.411 -9.874 -10.403 -11.036 -11.426 -12.051 -12.389 -12.456
9.100 1.025 3.771 -1.157 -4.104 -6.378 -7.259 -8.367 -8.268 -9.249 -9.385 -9.848 -10.377 -11.010 -11.400 -12.026 -12.363 -12.430
9.200 1.051 3.796 -1.132 -4.079 -6.353 -7.234 -8.342 -8.242 -9.224 -9.360 -9.823 -10.352 -10.984 -11.375 -12.000 -12.338 -12.405
9.300 1.076 3.821 -1.107 -4.054 -6.328 -7.209 -8.317 -8.217 -9.199 -9.335 -9.798 -10.327 -10.959 -11.350 -11.975 -12.313 -12.380
9.400 1.100 3.846 -1.082 -4.030 -6.303 -7.184 -8.292 -8.193 -9.175 -9.311 -9.773 -10.303 -10.935 -11.325 -11.951 -12.288 -12.355
9.500 1.124 3.870 -1.058 -4.006 -6.279 -7.160 -8.268 -8.169 -9.151 -9.287 -9.749 -10.279 -10.911 -11.301 -11.927 -12.264 -12.331
9.600 1.148 3.893 -1.035 -3.982 -6.256 -7.137 -8.244 -8.145 -9.127 -9.263 -9.725 -10.255 -10.887 -11.278 -11.903 -12.241 -12.308
9.700 1.171 3.917 -1.011 -3.959 -6.232 -7.113 -8.221 -8.122 -9.104 -9.240 -9.702 -10.232 -10.864 -11.254 -11.880 -12.217 -12.284
9.800 1.194 3.940 -0.988 -3.936 -6.209 -7.090 -8.198 -8.099 -9.081 -9.217 -9.679 -10.209 -10.841 -11.231 -11.857 -12.195 -12.262
9.900 1.217 3.962 -0.966 -3.913 -6.187 -7.068 -8.176 -8.076 -9.058 -9.194 -9.657 -10.186 -10.819 -11.209 -11.834 -12.172 -12.239
10.000 1.239 3.984 -0.944 -3.891 -6.165 -7.046 -8.153 -8.054 -9.036 -9.172 -9.634 -10.164 -10.796 -11.187 -11.812 -12.150 -12.217
10.100 1.261 4.006 -0.922 -3.869 -6.143 -7.024 -8.132 -8.032 -9.014 -9.150 -9.613 -10.142 -10.774 -11.165 -11.790 -12.128 -12.195
10.200 1.282 4.028 -0.900 -3.847 -6.121 -7.002 -8.110 -8.011 -8.992 -9.129 -9.591 -10.120 -10.753 -11.143 -11.769 -12.106 -12.173
10.300 1.304 4.049 -0.879 -3.826 -6.100 -6.981 -8.089 -7.989 -8.971 -9.107 -9.570 -10.099 -10.732 -11.122 -11.747 -12.085 -12.152
10.400 1.325 4.070 -0.858 -3.805 -6.079 -6.960 -8.068 -7.968 -8.950 -9.086 -9.549 -10.078 -10.711 -11.101 -11.726 -12.064 -12.131
10.500 1.345 4.091 -0.837 -3.784 -6.058 -6.939 -8.047 -7.948 -8.929 -9.066 -9.528 -10.057 -10.690 -11.080 -11.706 -12.043 -12.110
10.600 1.366 4.111 -0.817 -3.764 -6.038 -6.919 -8.026 -7.927 -8.909 -9.045 -9.507 -10.037 -10.669 -11.060 -11.685 -12.023 -12.090
10.700 1.386 4.132 -0.796 -3.744 -6.017 -6.898 -8.006 -7.907 -8.889 -9.025 -9.487 -10.017 -10.649 -11.039 -11.665 -12.003 -12.070
10.800 1.406 4.151 -0.776 -3.724 -5.997 -6.878 -7.986 -7.887 -8.869 -9.005 -9.467 -9.997 -10.629 -11.019 -11.645 -11.983 -12.050
10.900 1.426 4.171 -0.757 -3.704 -5.978 -6.859 -7.967 -7.867 -8.849 -8.985 -9.448 -9.977 -10.609 -11.000 -11.625 -11.963 -12.030
11.000 1.445 4.191 -0.737 -3.685 -5.958 -6.839 -7.947 -7.848 -8.830 -8.966 -9.428 -9.958 -10.590 -10.980 -11.606 -11.943 -12.010
11.100 1.464 4.210 -0.718 -3.665 -5.939 -6.820 -7.928 -7.829 -8.810 -8.947 -9.409 -9.938 -10.571 -10.961 -11.587 -11.924 -11.991
11.200 1.483 4.229 -0.699 -3.646 -5.920 -6.801 -7.909 -7.810 -8.791 -8.927 -9.390 -9.919 -10.552 -10.942 -11.568 -11.905 -11.972
11.300 1.502 4.248 -0.680 -3.628 -5.901 -6.782 -7.890 -7.791 -8.773 -8.909 -9.371 -9.901 -10.533 -10.923 -11.549 -11.886 -11.953
11.400 1.521 4.266 -0.662 -3.609 -5.883 -6.764 -7.872 -7.772 -8.754 -8.890 -9.353 -9.882 -10.514 -10.905 -11.530 -11.868 -11.935
11.500 1.539 4.285 -0.643 -3.591 -5.864 -6.745 -7.853 -7.754 -8.736 -8.872 -9.334 -9.864 -10.496 -10.886 -11.512 -11.849 -11.916
11.600 1.557 4.303 -0.625 -3.572 -5.846 -6.727 -7.835 -7.736 -8.717 -8.854 -9.316 -9.845 -10.478 -10.868 -11.494 -11.831 -11.898
11.700 1.575 4.321 -0.607 -3.554 -5.828 -6.709 -7.817 -7.718 -8.699 -8.836 -9.298 -9.827 -10.460 -10.850 -11.476 -11.813 -11.880
11.800 1.593 4.339 -0.589 -3.537 -5.810 -6.691 -7.799 -7.700 -8.682 -8.818 -9.280 -9.810 -10.442 -10.832 -11.458 -11.795 -11.862
11.900 1.611 4.356 -0.572 -3.519 -5.793 -6.674 -7.782 -7.682 -8.664 -8.800 -9.263 -9.792 -10.424 -10.815 -11.440 -11.778 -11.845
12.000 1.628 4.374 -0.554 -3.502 -5.775 -6.656 -7.764 -7.665 -8.647 -8.783 -9.245 -9.775 -10.407 -10.797 -11.423 -11.760 -11.827
12.100 1.645 4.391 -0.537 -3.484 -5.758 -6.639 -7.747 -7.648 -8.629 -8.765 -9.228 -9.757 -10.390 -10.780 -11.406 -11.743 -11.810
12.200 1.662 4.408 -0.520 -3.467 -5.741 -6.622 -7.730 -7.631 -8.612 -8.748 -9.211 -9.740 -10.373 -10.763 -11.389 -11.726 -11.793
12.300 1.679 4.425 -0.503 -3.450 -5.724 -6.605 -7.713 -7.614 -8.595 -8.731 -9.194 -9.723 -10.356 -10.746 -11.372 -11.709 -11.776
12.400 1.696 4.442 -0.486 -3.434 -5.707 -6.588 -7.696 -7.597 -8.579 -8.715 -9.177 -9.707 -10.339 -10.729 -11.355 -11.692 -11.759
12.500 1.713 4.458 -0.470 -3.417 -5.691 -6.572 -7.680 -7.580 -8.562 -8.698 -9.161 -9.690 -10.322 -10.713 -11.338 -11.676 -11.743
12.600 1.729 4.475 -0.453 -3.401 -5.674 -6.555 -7.663 -7.564 -8.546 -8.682 -9.144 -9.674 -10.306 -10.696 -11.322 -11.659 -11.726
12.700 1.745 4.491 -0.437 -3.384 -5.658 -6.539 -7.647 -7.548 -8.529 -8.665 -9.128 -9.657 -10.290 -10.680 -11.306 -11.643 -11.710
12.800 1.762 4.507 -0.421 -3.368 -5.642 -6.523 -7.631 -7.531 -8.513 -8.649 -9.112 -9.641 -10.274 -10.664 -11.289 -11.627 -11.694
12.900 1.778 4.523 -0.405 -3.352 -5.626 -6.507 -7.615 -7.515 -8.497 -8.633 -9.096 -9.625 -10.258 -10.648 -11.273 -11.611 -11.678
13.000 1.793 4.539 -0.389 -3.336 -5.610 -6.491 -7.599 -7.500 -8.481 -8.617 -9.080 -9.609 -10.242 -10.632 -11.258 -11.595 -11.662
13.100 1.809 4.555 -0.373 -3.321 -5.594 -6.475 -7.583 -7.484 -8.466 -8.602 -9.064 -9.594 -10.226 -10.616 -11.242 -11.579 -11.646
13.200 1.825 4.570 -0.358 -3.305 -5.579 -6.460 -7.568 -7.468 -8.450 -8.586 -9.049 -9.578 -10.210 -10.601 -11.226 -11.564 -11.631
13.300 1.840 4.586 -0.342 -3.290 -5.563 -6.444 -7.552 -7.453 -8.434 -8.571 -9.033 -9.563 -10.195 -10.585 -11.211 -11.548 -11.615
13.400 1.855 4.601 -0.327 -3.274 -5.548 -6.429 -7.537 -7.438 -8.419 -8.555 -9.018 -9.547 -10.180 -10.570 -11.195 -11.533 -11.600
13.500 1.871 4.616 -0.312 -3.259 -5.533 -6.414 -7.522 -7.422 -8.404 -8.540 -9.003 -9.532 -10.164 -10.555 -11.180 -11.518 -11.585
13.600 1.886 4.631 -0.297 -3.244 -5.518 -6.399 -7.507 -7.407 -8.389 -8.525 -8.988 -9.517 -10.149 -10.540 -11.165 -11.503 -11.570
13.700 1.901 4.646 -0.282 -3.229 -5.503 -6.384 -7.492 -7.392 -8.374 -8.510 -8.973 -9.502 -10.134 -10.525 -11.150 -11.488 -11.555
13.800 1.915 4.661 -0.267 -3.214 -5.488 -6.369 -7.477 -7.378 -8.359 -8.495 -8.958 -9.487 -10.120 -10.510 -11.135 -11.473 -11.540
13.900 1.930 4.676 -0.252 -3.200 -5.473 -6.354 -7.462 -7.363 -8.344 -8.481 -8.943 -9.473 -10.105 -10.495 -11.121 -11.458 -11.525
14.000 1.945 4.690 -0.238 -3.185 -5.459 -6.340 -7.448 -7.348 -8.330 -8.466 -8.929 -9.458 -10.090 -10.481 -11.106 -11.444 -11.511
14.100 1.959 4.705 -0.223 -3.171 -5.444 -6.325 -7.433 -7.334 -8.315 -8.452 -8.914 -9.444 -10.076 -10.466 -11.092 -11.429 -11.496
14.200 1.974 4.719 -0.209 -3.156 -5.430 -6.311 -7.419 -7.319 -8.301 -8.437 -8.900 -9.429 -10.062 -10.452 -11.077 -11.415 -11.482
14.300 1.988 4.733 -0.195 -3.142 -5.416 -6.297 -7.404 -7.305 -8.287 -8.423 -8.885 -9.415 -10.047 -10.438 -11.063 -11.401 -11.468
14.400 2.002 4.748 -0.180 -3.128 -5.401 -6.282 -7.390 -7.291 -8.273 -8.409 -8.871 -9.401 -10.033 -10.423 -11.049 -11.387 -11.454
14.500 2.016 4.762 -0.166 -3.114 -5.387 -6.268 -7.376 -7.277 -8.259 -8.395 -8.857 -9.387 -10.019 -10.409 -11.035 -11.373 -11.440
14.600 2.030 4.775 -0.152 -3.100 -5.373 -6.254 -7.362 -7.263 -8.245 -8.381 -8.843 -9.373 -10.005 -10.395 -11.021 -11.359 -11.426
14.700 2.044 4.789 -0.139 -3.086 -5.360 -6.241 -7.349 -7.249 -8.231 -8.367 -8.830 -9.359 -9.991 -10.382 -11.007 -11.345 -11.412
14.800 2.057 4.803 -0.125 -3.072 -5.346 -6.227 -7.335 -7.236 -8.217 -8.353 -8.816 -9.345 -9.978 -10.368 -10.993 -11.331 -11.398
14.900 2.071 4.817 -0.111 -3.059 -5.332 -6.213 -7.321 -7.222 -8.204 -8.340 -8.802 -9.332 -9.964 -10.354 -10.980 -11.317 -11.384
15.000 2.085 4.830 -0.098 -3.045 -5.319 -6.200 -7.308 -7.208 -8.190 -8.326 -8.789 -9.318 -9.950 -10.341 -10.966 -11.304 -11.371
