# day W2 M2 W1 u B g V c r w o i z y J H K
0.000 -10.248 -10.043 -9.838 -8.978 -8.609 -8.430 -8.117 -8.242 -7.860 -8.045 -7.719 -7.437 -7.121 -6.878 -6.384 -5.748 -5.161
0.100 -15.224 -15.170 -15.062 -14.626 -14.391 -14.270 -14.056 -14.137 -13.869 -13.985 -13.763 -13.549 -13.298 -13.098 -12.685 -12.124 -11.592
0.200 -15.285 -15.352 -15.333 -15.192 -15.045 -14.960 -14.803 -14.860 -14.656 -14.737 -14.571 -14.392 -14.176 -13.999 -13.627 -13.106 -12.600
0.300 -15.041 -15.218 -15.292 -15.414 -15.345 -15.291 -15.184 -15.221 -15.070 -15.123 -15.002 -14.853 -14.664 -14.506 -14.166 -13.674 -13.190
0.400 -14.711 -14.981 -15.149 -15.500 -15.502 -15.477 -15.414 -15.434 -15.330 -15.359 -15.277 -15.154 -14.989 -14.847 -14.535 -14.069 -13.602
0.500 -14.367 -14.709 -14.966 -15.515 -15.583 -15.585 -15.561 -15.567 -15.506 -15.515 -15.467 -15.367 -15.224 -15.096 -14.809 -14.366 -13.915
0.600 -14.031 -14.429 -14.766 -15.486 -15.615 -15.642 -15.655 -15.648 -15.626 -15.618 -15.600 -15.522 -15.400 -15.285 -15.023 -14.601 -14.165
0.700 -13.704 -14.144 -14.557 -15.427 -15.612 -15.663 -15.711 -15.691 -15.706 -15.684 -15.694 -15.636 -15.534 -15.433 -15.193 -14.791 -14.369
0.800 -13.378 -13.852 -14.336 -15.342 -15.582 -15.655 -15.737 -15.706 -15.756 -15.722 -15.758 -15.719 -15.637 -15.548 -15.330 -14.948 -14.540
0.900 -13.045 -13.546 -14.101 -15.236 -15.529 -15.625 -15.739 -15.698 -15.782 -15.736 -15.796 -15.777 -15.714 -15.637 -15.441 -15.079 -14.685
1.000 -12.695 -13.221 -13.849 -15.108 -15.455 -15.573 -15.719 -15.668 -15.786 -15.729 -15.813 -15.813 -15.769 -15.705 -15.530 -15.188 -14.807
1.100 -12.327 -12.872 -13.578 -14.960 -15.361 -15.501 -15.679 -15.620 -15.770 -15.704 -15.811 -15.830 -15.805 -15.754 -15.602 -15.279 -14.912
1.200 -11.938 -12.497 -13.286 -14.793 -15.248 -15.412 -15.622 -15.554 -15.737 -15.663 -15.792 -15.830 -15.825 -15.787 -15.657 -15.355 -15.002
1.300 -11.530 -12.097 -12.976 -14.607 -15.119 -15.306 -15.548 -15.472 -15.689 -15.608 -15.758 -15.815 -15.830 -15.805 -15.699 -15.417 -15.078
1.400 -11.107 -11.675 -12.649 -14.403 -14.973 -15.184 -15.460 -15.376 -15.625 -15.538 -15.710 -15.786 -15.822 -15.810 -15.728 -15.466 -15.142
1.500 -10.677 -11.236 -12.309 -14.185 -14.814 -15.049 -15.358 -15.267 -15.549 -15.457 -15.649 -15.745 -15.801 -15.803 -15.745 -15.505 -15.196
1.600 -10.245 -10.784 -11.961 -13.953 -14.642 -14.902 -15.243 -15.145 -15.460 -15.365 -15.576 -15.691 -15.769 -15.785 -15.752 -15.534 -15.240
1.700 -9.820 -10.330 -11.611 -13.712 -14.460 -14.744 -15.119 -15.014 -15.362 -15.264 -15.494 -15.628 -15.728 -15.758 -15.750 -15.553 -15.273
1.800 -9.409 -9.882 -11.265 -13.465 -14.271 -14.580 -14.986 -14.876 -15.255 -15.156 -15.403 -15.557 -15.678 -15.723 -15.740 -15.565 -15.298
1.900 -9.015 -9.444 -10.925 -13.215 -14.077 -14.409 -14.846 -14.732 -15.141 -15.042 -15.305 -15.477 -15.620 -15.680 -15.722 -15.568 -15.315
2.000 -8.639 -9.020 -10.595 -12.965 -13.881 -14.235 -14.702 -14.583 -15.021 -14.924 -15.201 -15.391 -15.555 -15.629 -15.697 -15.566 -15.327
2.100 -8.283 -8.611 -10.276 -12.718 -13.685 -14.060 -14.555 -14.433 -14.898 -14.803 -15.094 -15.301 -15.486 -15.573 -15.666 -15.557 -15.333
2.200 -7.937 -8.210 -9.965 -12.471 -13.488 -13.884 -14.406 -14.281 -14.771 -14.679 -14.983 -15.206 -15.411 -15.512 -15.630 -15.543 -15.334
2.300 -7.602 -7.815 -9.660 -12.227 -13.291 -13.708 -14.256 -14.128 -14.643 -14.555 -14.870 -15.109 -15.333 -15.447 -15.590 -15.524 -15.331
2.400 -7.272 -7.417 -9.357 -11.981 -13.094 -13.531 -14.104 -13.974 -14.513 -14.429 -14.755 -15.009 -15.252 -15.379 -15.545 -15.501 -15.323
2.500 -6.946 -7.017 -9.056 -11.735 -12.898 -13.354 -13.954 -13.822 -14.385 -14.306 -14.642 -14.911 -15.173 -15.313 -15.500 -15.474 -15.307
2.600 -6.621 -6.609 -8.754 -11.485 -12.698 -13.176 -13.801 -13.669 -14.255 -14.181 -14.528 -14.812 -15.092 -15.245 -15.454 -15.445 -15.288
2.700 -6.295 -6.190 -8.448 -11.229 -12.495 -12.993 -13.645 -13.511 -14.122 -14.054 -14.410 -14.709 -15.009 -15.175 -15.406 -15.415 -15.269
2.800 -5.967 -5.759 -8.137 -10.966 -12.285 -12.806 -13.484 -13.350 -13.984 -13.924 -14.289 -14.603 -14.922 -15.101 -15.355 -15.383 -15.250
2.900 -5.635 -5.312 -7.820 -10.693 -12.069 -12.611 -13.318 -13.183 -13.841 -13.789 -14.164 -14.493 -14.832 -15.024 -15.302 -15.350 -15.230
3.000 -5.303 -4.855 -7.500 -10.412 -11.846 -12.412 -13.146 -13.011 -13.694 -13.651 -14.034 -14.379 -14.738 -14.944 -15.247 -15.316 -15.210
3.100 -4.966 -4.381 -7.172 -10.120 -11.615 -12.204 -12.968 -12.833 -13.541 -13.508 -13.900 -14.260 -14.640 -14.861 -15.189 -15.281 -15.189
3.200 -4.628 -3.893 -6.840 -9.819 -11.376 -11.991 -12.784 -12.650 -13.384 -13.361 -13.761 -14.137 -14.540 -14.775 -15.129 -15.243 -15.166
3.300 -4.292 -3.393 -6.508 -9.511 -11.136 -11.777 -12.602 -12.469 -13.229 -13.218 -13.627 -14.019 -14.443 -14.692 -15.069 -15.201 -15.135
3.400 -3.952 -2.875 -6.169 -9.191 -10.887 -11.554 -12.411 -12.281 -13.067 -13.069 -13.486 -13.894 -14.340 -14.604 -15.007 -15.158 -15.104
3.500 -3.613 -2.346 -5.829 -8.863 -10.630 -11.325 -12.215 -12.087 -12.900 -12.916 -13.340 -13.765 -14.234 -14.513 -14.942 -15.114 -15.072
3.600 -3.271 -1.802 -5.485 -8.524 -10.366 -11.089 -12.011 -11.886 -12.725 -12.757 -13.189 -13.629 -14.122 -14.417 -14.873 -15.068 -15.040
3.700 -2.929 -1.245 -5.139 -8.176 -10.094 -10.845 -11.801 -11.680 -12.545 -12.594 -13.032 -13.489 -14.006 -14.317 -14.802 -15.019 -15.007
3.800 -2.588 -0.680 -4.793 -7.821 -9.816 -10.596 -11.586 -11.468 -12.360 -12.426 -12.870 -13.344 -13.885 -14.213 -14.727 -14.969 -14.972
3.900 -2.248 -0.109 -4.447 -7.460 -9.534 -10.342 -11.365 -11.252 -12.170 -12.255 -12.704 -13.194 -13.760 -14.105 -14.649 -14.916 -14.936
4.000 -1.912 0.464 -4.104 -7.096 -9.247 -10.085 -11.141 -11.033 -11.975 -12.079 -12.534 -13.039 -13.631 -13.993 -14.568 -14.861 -14.898
4.100 -1.580 1.027 -3.767 -6.732 -8.960 -9.825 -10.913 -10.810 -11.777 -11.901 -12.361 -12.881 -13.498 -13.877 -14.483 -14.804 -14.859
4.200 -1.352 1.394 -3.534 -6.482 -8.755 -9.636 -10.744 -10.645 -11.627 -11.763 -12.225 -12.755 -13.387 -13.777 -14.403 -14.740 -14.807
4.300 -1.282 1.463 -3.465 -6.412 -8.686 -9.567 -10.674 -10.575 -11.557 -11.693 -12.155 -12.685 -13.317 -13.708 -14.333 -14.671 -14.738
4.400 -1.212 1.533 -3.395 -6.342 -8.616 -9.497 -10.605 -10.505 -11.487 -11.623 -12.086 -12.615 -13.248 -13.638 -14.263 -14.601 -14.668
4.500 -1.143 1.602 -3.326 -6.273 -8.547 -9.428 -10.536 -10.436 -11.418 -11.554 -12.017 -12.546 -13.178 -13.569 -14.194 -14.532 -14.599
4.600 -1.075 1.671 -3.257 -6.204 -8.478 -9.359 -10.467 -10.368 -11.349 -11.485 -11.948 -12.477 -13.110 -13.500 -14.125 -14.463 -14.530
4.700 -1.006 1.739 -3.189 -6.136 -8.410 -9.291 -10.399 -10.299 -11.281 -11.417 -11.880 -12.409 -13.041 -13.432 -14.057 -14.395 -14.462
4.800 -0.939 1.807 -3.121 -6.068 -8.342 -9.223 -10.331 -10.232 -11.213 -11.349 -11.812 -12.341 -12.974 -13.364 -13.990 -14.327 -14.394
4.900 -0.872 1.874 -3.054 -6.001 -8.275 -9.156 -10.264 -10.165 -11.146 -11.283 -11.745 -12.274 -12.907 -13.297 -13.923 -14.260 -14.327
5.000 -0.806 1.940 -2.988 -5.936 -8.209 -9.090 -10.198 -10.099 -11.081 -11.217 -11.679 -12.209 -12.841 -13.231 -13.857 -14.194 -14.261
5.100 -0.741 2.005 -2.923 -5.871 -8.144 -9.025 -10.133 -10.034 -11.016 -11.152 -11.614 -12.144 -12.776 -13.166 -13.792 -14.130 -14.197
5.200 -0.677 2.068 -2.860 -5.807 -8.081 -8.962 -10.069 -9.970 -10.952 -11.088 -11.550 -12.080 -12.712 -13.103 -13.728 -14.066 -14.133
5.300 -0.615 2.131 -2.797 -5.744 -8.018 -8.899 -10.007 -9.908 -10.889 -11.025 -11.488 -12.017 -12.650 -13.040 -13.665 -14.003 -14.070
5.400 -0.553 2.192 -2.736 -5.683 -7.957 -8.838 -9.945 -9.846 -10.828 -10.964 -11.426 -11.956 -12.588 -12.979 -13.604 -13.942 -14.009
5.500 -0.493 2.252 -2.675 -5.623 -7.896 -8.777 -9.885 -9.786 -10.768 -10.904 -11.366 -11.896 -12.528 -12.918 -13.544 -13.882 -13.949
5.600 -0.434 2.311 -2.617 -5.564 -7.838 -8.719 -9.827 -9.727 -10.709 -10.845 -11.308 -11.837 -12.469 -12.860 -13.485 -13.823 -13.890
5.700 -0.377 2.369 -2.559 -5.507 -7.780 -8.661 -9.769 -9.670 -10.652 -10.788 -11.250 -11.780 -12.412 -12.802 -13.428 -13.766 -13.833
5.800 -0.321 2.424 -2.504 -5.451 -7.725 -8.606 -9.713 -9.614 -10.596 -10.732 -11.194 -11.724 -12.356 -12.747 -13.372 -13.710 -13.777
5.900 -0.267 2.479 -2.449 -5.397 -7.670 -8.551 -9.659 -9.560 -10.542 -10.678 -11.140 -11.670 -12.302 -12.692 -13.318 -13.655 -13.723
6.000 -0.214 2.531 -2.397 -5.344 -7.618 -8.499 -9.606 -9.507 -10.489 -10.625 -11.087 -11.617 -12.249 -12.640 -13.265 -13.603 -13.670
6.100 -0.163 2.583 -2.345 -5.293 -7.566 -8.447 -9.555 -9.456 -10.438 -10.574 -11.036 -11.566 -12.198 -12.588 -13.214 -13.551 -13.618
6.200 -0.113 2.632 -2.296 -5.243 -7.517 -8.398 -9.505 -9.406 -10.388 -10.524 -10.986 -11.516 -12.148 -12.539 -13.164 -13.502 -13.569
6.300 -0.065 2.681 -2.247 -5.195 -7.468 -8.349 -9.457 -9.358 -10.339 -10.476 -10.938 -11.468 -12.100 -12.490 -13.116 -13.453 -13.520
6.400 -0.018 2.727 -2.200 -5.148 -7.421 -8.302 -9.410 -9.311 -10.293 -10.429 -10.891 -11.421 -12.053 -12.443 -13.069 -13.407 -13.474
6.500 0.027 2.773 -2.155 -5.103 -7.376 -8.257 -9.365 -9.266 -10.247 -10.384 -10.846 -11.375 -12.008 -12.398 -13.024 -13.361 -13.428
6.600 0.071 2.817 -2.111 -5.059 -7.332 -8.213 -9.321 -9.222 -10.203 -10.340 -10.802 -11.332 -11.964 -12.354 -12.980 -13.317 -13.384
6.700 0.114 2.859 -2.069 -5.016 -7.290 -8.171 -9.279 -9.179 -10.161 -10.297 -10.760 -11.289 -11.921 -12.312 -12.937 -13.275 -13.342
6.800 0.155 2.900 -2.027 -4.975 -7.248 -8.129 -9.237 -9.138 -10.120 -10.256 -10.718 -11.248 -11.880 -12.270 -12.896 -13.234 -13.301
6.900 0.195 2.940 -1.988 -4.935 -7.209 -8.090 -9.197 -9.098 -10.080 -10.216 -10.678 -11.208 -11.840 -12.231 -12.856 -13.194 -13.261
7.000 0.234 2.979 -1.949 -4.896 -7.170 -8.051 -9.159 -9.059 -10.041 -10.177 -10.640 -11.169 -11.802 -12.192 -12.817 -13.155 -13.222
7.100 0.271 3.017 -1.911 -4.859 -7.132 -8.013 -9.121 -9.022 -10.004 -10.140 -10.602 -11.132 -11.764 -12.154 -12.780 -13.117 -13.185
7.200 0.307 3.053 -1.875 -4.822 -7.096 -7.977 -9.085 -8.986 -9.967 -10.103 -10.566 -11.095 -11.728 -12.118 -12.744 -13.081 -13.148
7.300 0.343 3.088 -1.840 -4.787 -7.061 -7.942 -9.050 -8.950 -9.932 -10.068 -10.531 -11.060 -11.692 -12.083 -12.708 -13.046 -13.113
7.400 0.377 3.123 -1.805 -4.753 -7.026 -7.907 -9.015 -8.916 -9.898 -10.034 -10.496 -11.026 -11.658 -12.048 -12.674 -13.011 -13.079
7.500 0.410 3.156 -1.772 -4.719 -6.993 -7.874 -8.982 -8.883 -9.864 -10.000 -10.463 -10.992 -11.625 -12.015 -12.641 -12.978 -13.045
7.600 0.443 3.188 -1.740 -4.687 -6.961 -7.842 -8.949 -8.850 -9.832 -9.968 -10.430 -10.960 -11.592 -11.983 -12.608 -12.946 -13.013
7.700 0.474 3.220 -1.708 -4.655 -6.929 -7.810 -8.918 -8.819 -9.800 -9.936 -10.399 -10.928 -11.561 -11.951 -12.577 -12.914 -12.981
7.800 0.505 3.251 -1.677 -4.625 -6.898 -7.779 -8.887 -8.788 -9.770 -9.906 -10.368 -10.898 -11.530 -11.920 -12.546 -12.883 -12.950
7.900 0.535 3.281 -1.647 -4.595 -6.868 -7.749 -8.857 -8.758 -9.740 -9.876 -10.338 -10.868 -11.500 -11.890 -12.516 -12.853 -12.920
8.000 0.564 3.310 -1.618 -4.565 -6.839 -7.720 -8.828 -8.729 -9.710 -9.846 -10.309 -10.838 -11.471 -11.861 -12.487 -12.824 -12.891
8.100 0.593 3.339 -1.589 -4.537 -6.810 -7.691 -8.799 -8.700 -9.682 -9.818 -10.280 -10.810 -11.442 -11.832 -12.458 -12.796 -12.863
8.200 0.621 3.366 -1.561 -4.509 -6.782 -7.663 -8.771 -8.672 -9.654 -9.790 -10.252 -10.782 -11.414 -11.804 -12.430 -12.768 -12.835
8.300 0.648 3.394 -1.534 -4.482 -6.755 -7.636 -8.744 -8.645 -9.626 -9.763 -10.225 -10.754 -11.387 -11.777 -12.403 -12.740 -12.807
8.400 0.675 3.421 -1.507 -4.455 -6.728 -7.609 -8.717 -8.618 -9.600 -9.736 -10.198 -10.728 -11.360 -11.750 -12.376 -12.714 -12.781
8.500 0.701 3.447 -1.481 -4.429 -6.702 -7.583 -8.691 -8.592 -9.573 -9.710 -10.172 -10.702 -11.334 -11.724 -12.350 -12.687 -12.754
8.600 0.727 3.472 -1.456 -4.403 -6.676 -7.557 -8.665 -8.566 -9.548 -9.684 -10.146 -10.676 -11.308 -11.698 -12.324 -12.662 -12.729
8.700 0.752 3.498 -1.430 -4.378 -6.651 -7.532 -8.640 -8.541 -9.523 -9.659 -10.121 -10.651 -11.283 -11.673 -12.299 -12.636 -12.703
8.800 0.777 3.522 -1.406 -4.353 -6.627 -7.508 -8.615 -8.516 -9.498 -9.634 -10.096 -10.626 -11.258 -11.649 -12.274 -12.612 -12.679
8.900 0.801 3.547 -1.381 -4.329 -6.602 -7.483 -8.591 -8.492 -9.473 -9.610 -10.072 -10.602 -11.234 -11.624 -12.250 -12.587 -12.654
9.000 0.825 3.571 -1.357 -4.305 -6.578 -7.459 -8.567 -8.468 -9.450 -9.586 -10.048 -10.578 -11.210 -11.600 -12.226 -12.563 -12.630
9.100 0.849 3.594 -1.334 -4.281 -6.555 -7.436 -8.544 -8.444 -9.426 -9.562 -10.025 -10.554 -11.187 -11.577 -12.202 -12.540 -12.607
9.200 0.872 3.617 -1.311 -4.258 -6.532 -7.413 -8.521 -8.421 -9.403 -9.539 -10.002 -10.531 -11.163 -11.554 -12.179 -12.517 -12.584
9.300 0.894 3.640 -1.288 -4.235 -6.509 -7.390 -8.498 -8.399 -9.380 -9.516 -9.979 -10.508 -11.141 -11.531 -12.156 -12.494 -12.561
9.400 0.917 3.662 -1.265 -4.213 -6.486 -7.367 -8.475 -8.376 -9.358 -9.494 -9.956 -10.486 -11.118 -11.508 -12.134 -12.472 -12.539
9.500 0.939 3.685 -1.243 -4.191 -6.464 -7.345 -8.453 -8.354 -9.336 -9.472 -9.934 -10.464 -11.096 -11.486 -12.112 -12.450 -12.517
9.600 0.961 3.706 -1.222 -4.169 -6.443 -7.324 -8.431 -8.332 -9.314 -9.450 -9.912 -10.442 -11.074 -11.465 -12.090 -12.428 -12.495
9.700 0.982 3.728 -1.200 -4.148 -6.421 -7.302 -8.410 -8.311 -9.292 -9.429 -9.891 -10.420 -11.053 -11.443 -12.069 -12.406 -12.473
9.800 1.003 3.749 -1.179 -4.126 -6.400 -7.281 -8.389 -8.290 -9.271 -9.407 -9.870 -10.399 -11.032 -11.422 -12.048 -12.385 -12.452
9.900 1.024 3.770 -1.158 -4.105 -6.379 -7.260 -8.368 -8.269 -9.250 -9.387 -9.849 -10.378 -11.011 -11.401 -12.027 -12.364 -12.431
10.000 1.045 3.791 -1.137 -4.085 -6.358 -7.239 -8.347 -8.248 -9.230 -9.366 -9.828 -10.358 -10.990 -11.380 -12.006 -12.344 -12.411
10.100 1.065 3.811 -1.117 -4.064 -6.338 -7.219 -8.327 -8.228 -9.209 -9.346 -9.808 -10.337 -10.970 -11.360 -11.986 -12.323 -12.390
10.200 1.085 3.831 -1.097 -4.044 -6.318 -7.199 -8.307 -8.208 -9.189 -9.325 -9.788 -10.317 -10.950 -11.340 -11.966 -12.303 -12.370
10.300 1.105 3.851 -1.077 -4.024 -6.298 -7.179 -8.287 -8.188 -9.169 -9.306 -9.768 -10.297 -10.930 -11.320 -11.946 -12.283 -12.350
10.400 1.125 3.870 -1.058 -4.005 -6.279 -7.160 -8.267 -8.168 -9.150 -9.286 -9.748 -10.278 -10.910 -11.301 -11.926 -12.264 -12.331
10.500 1.144 3.890 -1.038 -3.985 -6.259 -7.140 -8.248 -8.149 -9.130 -9.267 -9.729 -10.258 -10.891 -11.281 -11.907 -12.244 -12.311
10.600 1.163 3.909 -1.019 -3.966 -6.240 -7.121 -8.229 -8.130 -9.111 -9.247 -9.710 -10.239 -10.872 -11.262 -11.888 -12.225 -12.292
10.700 1.182 3.928 -1.000 -3.947 -6.221 -7.102 -8.210 -8.111 -9.092 -9.228 -9.691 -10.220 -10.853 -11.243 -11.869 -12.206 -12.273
10.800 1.201 3.947 -0.981 -3.929 -6.202 -7.083 -8.191 -8.092 -9.073 -9.210 -9.672 -10.202 -10.834 -11.224 -11.850 -12.187 -12.254
10.900 1.220 3.965 -0.963 -3.910 -6.184 -7.065 -8.173 -8.073 -9.055 -9.191 -9.654 -10.183 -10.815 -11.206 -11.831 -12.169 -12.236
11.000 1.238 3.984 -0.944 -3.892 -6.165 -7.046 -8.154 -8.055 -9.037 -9.173 -9.635 -10.165 -10.797 -11.187 -11.813 -12.151 -12.218
11.100 1.256 4.002 -0.926 -3.874 -6.147 -7.028 -8.136 -8.037 -9.018 -9.155 -9.617 -10.147 -10.779 -11.169 -11.795 -12.132 -12.199
11.200 1.274 4.020 -0.908 -3.856 -6.129 -7.010 -8.118 -8.019 -9.001 -9.137 -9.599 -10.129 -10.761 -11.151 -11.777 -12.114 -12.181
11.300 1.292 4.037 -0.891 -3.838 -6.112 -6.993 -8.100 -8.001 -8.983 -9.119 -9.581 -10.111 -10.743 -11.134 -11.759 -12.097 -12.164
11.400 1.309 4.055 -0.873 -3.820 -6.094 -6.975 -8.083 -7.984 -8.965 -9.101 -9.564 -10.093 -10.726 -11.116 -11.741 -12.079 -12.146
11.500 1.327 4.072 -0.856 -3.803 -6.077 -6.958 -8.065 -7.966 -8.948 -9.084 -9.546 -10.076 -10.708 -11.099 -11.724 -12.062 -12.129
11.600 1.344 4.090 -0.838 -3.786 -6.059 -6.940 -8.048 -7.949 -8.931 -9.067 -9.529 -10.059 -10.691 -11.081 -11.707 -12.044 -12.111
11.700 1.361 4.107 -0.821 -3.769 -6.042 -6.923 -8.031 -7.932 -8.913 -9.050 -9.512 -10.042 -10.674 -11.064 -11.690 -12.027 -12.094
11.800 1.378 4.124 -0.804 -3.752 -6.025 -6.906 -8.014 -7.915 -8.897 -9.033 -9.495 -10.025 -10.657 -11.047 -11.673 -12.010 -12.077
11.900 1.395 4.140 -0.788 -3.735 -6.009 -6.890 -7.997 -7.898 -8.880 -9.016 -9.478 -10.008 -10.640 -11.031 -11.656 -11.994 -12.061
12.000 1.411 4.157 -0.771 -3.718 -5.992 -6.873 -7.981 -7.882 -8.863 -8.999 -9.462 -9.991 -10.624 -11.014 -11.640 -11.977 -12.044
12.100 1.428 4.173 -0.755 -3.702 -5.976 -6.857 -7.964 -7.865 -8.847 -8.983 -9.445 -9.975 -10.607 -10.998 -11.623 -11.961 -12.028
12.200 1.444 4.190 -0.738 -3.686 -5.959 -6.840 -7.948 -7.849 -8.830 -8.967 -9.429 -9.959 -10.591 -10.981 -11.607 -11.944 -12.011
12.300 1.460 4.206 -0.722 -3.669 -5.943 -6.824 -7.932 -7.833 -8.814 -8.951 -9.413 -9.942 -10.575 -10.965 -11.591 -11.928 -11.995
12.400 1.476 4.222 -0.706 -3.653 -5.927 -6.808 -7.916 -7.817 -8.798 -8.935 -9.397 -9.926 -10.559 -10.949 -11.575 -11.912 -11.979
12.500 1.492 4.238 -0.690 -3.638 -5.911 -6.792 -7.900 -7.801 -8.782 -8.919 -9.381 -9.911 -10.543 -10.933 -11.559 -11.896 -11.963
12.600 1.508 4.253 -0.674 -3.622 -5.895 -6.776 -7.884 -7.785 -8.767 -8.903 -9.365 -9.895 -10.527 -10.917 -11.543 -11.881 -11.948
12.700 1.523 4.269 -0.659 -3.606 -5.880 -6.761 -7.869 -7.769 -8.751 -8.887 -9.350 -9.879 -10.512 -10.902 -11.527 -11.865 -11.932
12.800 1.539 4.285 -0.643 -3.591 -5.864 -6.745 -7.853 -7.754 -8.736 -8.872 -9.334 -9.864 -10.496 -10.886 -11.512 -11.850 -11.917
12.900 1.554 4.300 -0.628 -3.575 -5.849 -6.730 -7.838 -7.739 -8.720 -8.857 -9.319 -9.848 -10.481 -10.871 -11.497 -11.834 -11.901
13.000 1.569 4.315 -0.613 -3.560 -5.834 -6.715 -7.823 -7.724 -8.705 -8.841 -9.304 -9.833 -10.466 -10.856 -11.481 -11.819 -11.886
13.100 1.585 4.330 -0.598 -3.545 -5.819 -6.700 -7.808 -7.708 -8.690 -8.826 -9.289 -9.818 -10.451 -10.841 -11.466 -11.804 -11.871
13.200 1.600 4.345 -0.583 -3.530 -5.804 -6.685 -7.793 -7.693 -8.675 -8.811 -9.274 -9.803 -10.436 -10.826 -11.451 -11.789 -11.856
13.300 1.614 4.360 -0.568 -3.515 -5.789 -6.670 -7.778 -7.679 -8.660 -8.796 -9.259 -9.788 -10.421 -10.811 -11.437 -11.774 -11.841
13.400 1.629 4.375 -0.553 -3.501 -5.774 -6.655 -7.763 -7.664 -8.646 -8.782 -9.244 -9.774 -10.406 -10.796 -11.422 -11.759 -11.826
13.500 1.644 4.389 -0.539 -3.486 -5.760 -6.641 -7.749 -7.649 -8.631 -8.767 -9.230 -9.759 -10.391 -10.782 -11.407 -11.745 -11.812
13.600 1.658 4.404 -0.524 -3.472 -5.745 -6.626 -7.734 -7.635 -8.616 -8.753 -9.215 -9.745 -10.377 -10.767 -11.393 -11.730 -11.797
13.700 1.673 4.418 -0.510 -3.457 -5.731 -6.612 -7.720 -7.620 -8.602 -8.738 -9.201 -9.730 -10.363 -10.753 -11.378 -11.716 -11.783
13.800 1.687 4.432 -0.496 -3.443 -5.717 -6.598 -7.705 -7.606 -8.588 -8.724 -9.186 -9.716 -10.348 -10.739 -11.364 -11.702 -11.769
13.900 1.701 4.447 -0.481 -3.429 -5.702 -6.583 -7.691 -7.592 -8.574 -8.710 -9.172 -9.702 -10.334 -10.724 -11.350 -11.688 -11.755
14.000 1.715 4.461 -0.467 -3.415 -5.688 -6.569 -7.677 -7.578 -8.560 -8.696 -9.158 -9.688 -10.320 -10.710 -11.336 -11.673 -11.740
14.100 1.729 4.475 -0.453 -3.401 -5.674 -6.555 -7.663 -7.564 -8.546 -8.682 -9.144 -9.674 -10.306 -10.696 -11.322 -11.659 -11.727
14.200 1.743 4.488 -0.440 -3.387 -5.661 -6.542 -7.649 -7.550 -8.532 -8.668 -9.130 -9.660 -10.292 -10.683 -11.308 -11.646 -11.713
14.300 1.757 4.502 -0.426 -3.373 -5.647 -6.528 -7.636 -7.536 -8.518 -8.654 -9.117 -9.646 -10.278 -10.669 -11.294 -11.632 -11.699
14.400 1.770 4.516 -0.412 -3.359 -5.633 -6.514 -7.622 -7.523 -8.504 -8.641 -9.103 -9.632 -10.265 -10.655 -11.281 -11.618 -11.685
14.500 1.784 4.529 -0.399 -3.346 -5.620 -6.501 -7.608 -7.509 -8.491 -8.627 -9.089 -9.619 -10.251 -10.642 -11.267 -11.605 -11.672
14.600 1.797 4.543 -0.385 -3.332 -5.606 -6.487 -7.595 -7.496 -8.477 -8.614 -9.076 -9.605 -10.238 -10.628 -11.254 -11.591 -11.658
14.700 1.811 4.556 -0.372 -3.319 -5.593 -6.474 -7.582 -7.482 -8.464 -8.600 -9.063 -9.592 -10.224 -10.615 -11.240 -11.578 -11.645
14.800 1.824 4.569 -0.358 -3.306 -5.579 -6.460 -7.568 -7.469 -8.451 -8.587 -9.049 -9.579 -10.211 -10.601 -11.227 -11.565 -11.632
14.900 1.837 4.583 -0.345 -3.293 -5.566 -6.447 -7.555 -7.456 -8.438 -8.574 -9.036 -9.566 -10.198 -10.588 -11.214 -11.551 -11.618
15.000 1.850 4.596 -0.332 -3.280 -5.553 -6.434 -7.542 -7.443 -8.424 -8.561 -9.023 -9.552 -10.185 -10.575 -11.201 -11.538 -11.605
