# day W2 M2 W1 u B g V c r w o i z y J H K
0.000 -10.210 -10.004 -9.800 -8.940 -8.571 -8.392 -8.079 -8.204 -7.822 -8.008 -7.681 -7.399 -7.083 -6.840 -6.347 -5.711 -5.123
0.100 -15.221 -15.180 -15.079 -14.660 -14.424 -14.302 -14.084 -14.167 -13.894 -14.013 -13.786 -13.568 -13.314 -13.112 -12.694 -12.131 -11.596
0.200 -15.307 -15.393 -15.384 -15.265 -15.115 -15.028 -14.866 -14.925 -14.713 -14.797 -14.624 -14.439 -14.216 -14.034 -13.654 -13.125 -12.616
0.300 -15.128 -15.317 -15.398 -15.527 -15.450 -15.392 -15.276 -15.317 -15.154 -15.212 -15.080 -14.923 -14.724 -14.559 -14.207 -13.704 -13.214
0.400 -14.899 -15.165 -15.327 -15.655 -15.642 -15.610 -15.534 -15.559 -15.439 -15.475 -15.379 -15.244 -15.067 -14.915 -14.588 -14.108 -13.633
0.500 -14.674 -14.996 -15.225 -15.715 -15.758 -15.749 -15.708 -15.719 -15.638 -15.655 -15.590 -15.476 -15.318 -15.179 -14.873 -14.413 -13.953
0.600 -14.459 -14.821 -15.109 -15.732 -15.826 -15.838 -15.828 -15.828 -15.780 -15.783 -15.744 -15.649 -15.509 -15.382 -15.097 -14.655 -14.208
0.700 -14.241 -14.636 -14.979 -15.719 -15.858 -15.889 -15.909 -15.899 -15.882 -15.872 -15.857 -15.780 -15.658 -15.542 -15.276 -14.853 -14.417
0.800 -14.010 -14.435 -14.831 -15.680 -15.862 -15.912 -15.959 -15.940 -15.953 -15.931 -15.939 -15.879 -15.773 -15.668 -15.422 -15.016 -14.593
0.900 -13.756 -14.211 -14.663 -15.618 -15.843 -15.911 -15.985 -15.957 -15.999 -15.966 -15.996 -15.952 -15.863 -15.769 -15.542 -15.152 -14.741
1.000 -13.476 -13.959 -14.470 -15.534 -15.802 -15.888 -15.989 -15.952 -16.022 -15.980 -16.031 -16.003 -15.930 -15.847 -15.639 -15.267 -14.868
1.100 -13.168 -13.678 -14.254 -15.428 -15.741 -15.846 -15.973 -15.929 -16.027 -15.976 -16.046 -16.035 -15.979 -15.906 -15.717 -15.362 -14.976
1.200 -12.833 -13.366 -14.014 -15.302 -15.661 -15.785 -15.940 -15.887 -16.014 -15.954 -16.045 -16.050 -16.011 -15.950 -15.780 -15.442 -15.066
1.300 -12.473 -13.026 -13.750 -15.156 -15.564 -15.707 -15.890 -15.830 -15.985 -15.918 -16.028 -16.050 -16.028 -15.978 -15.829 -15.508 -15.143
1.400 -12.093 -12.660 -13.467 -14.991 -15.449 -15.614 -15.825 -15.757 -15.942 -15.868 -15.997 -16.036 -16.032 -15.994 -15.864 -15.561 -15.208
1.500 -11.699 -12.272 -13.167 -14.810 -15.320 -15.506 -15.747 -15.671 -15.885 -15.805 -15.954 -16.010 -16.024 -15.997 -15.889 -15.603 -15.262
1.600 -11.296 -11.868 -12.854 -14.613 -15.177 -15.385 -15.656 -15.573 -15.817 -15.731 -15.899 -15.972 -16.004 -15.990 -15.902 -15.635 -15.306
1.700 -10.893 -11.455 -12.533 -14.404 -15.023 -15.253 -15.553 -15.464 -15.738 -15.647 -15.833 -15.924 -15.974 -15.973 -15.907 -15.659 -15.342
1.800 -10.496 -11.040 -12.209 -14.186 -14.859 -15.111 -15.442 -15.346 -15.649 -15.555 -15.759 -15.867 -15.936 -15.947 -15.903 -15.674 -15.370
1.900 -10.108 -10.627 -11.886 -13.961 -14.687 -14.962 -15.322 -15.220 -15.553 -15.456 -15.676 -15.802 -15.890 -15.913 -15.891 -15.682 -15.391
2.000 -9.733 -10.221 -11.567 -13.731 -14.510 -14.807 -15.196 -15.089 -15.450 -15.351 -15.588 -15.730 -15.837 -15.873 -15.873 -15.683 -15.406
2.100 -9.373 -9.825 -11.255 -13.500 -14.330 -14.647 -15.065 -14.953 -15.342 -15.242 -15.494 -15.653 -15.779 -15.827 -15.849 -15.679 -15.415
2.200 -9.021 -9.434 -10.946 -13.266 -14.145 -14.484 -14.929 -14.813 -15.229 -15.129 -15.396 -15.571 -15.716 -15.776 -15.820 -15.669 -15.418
2.300 -8.678 -9.047 -10.642 -13.031 -13.959 -14.318 -14.791 -14.671 -15.113 -15.015 -15.295 -15.486 -15.651 -15.724 -15.789 -15.654 -15.414
2.400 -8.338 -8.657 -10.338 -12.793 -13.770 -14.149 -14.649 -14.526 -14.994 -14.898 -15.190 -15.398 -15.581 -15.667 -15.754 -15.637 -15.406
2.500 -8.002 -8.264 -10.035 -12.553 -13.578 -13.978 -14.503 -14.378 -14.871 -14.778 -15.082 -15.306 -15.509 -15.607 -15.716 -15.617 -15.398
2.600 -7.664 -7.863 -9.728 -12.308 -13.382 -13.802 -14.354 -14.226 -14.744 -14.654 -14.971 -15.210 -15.432 -15.543 -15.675 -15.595 -15.388
2.700 -7.325 -7.451 -9.418 -12.057 -13.181 -13.622 -14.200 -14.070 -14.613 -14.528 -14.855 -15.110 -15.351 -15.476 -15.632 -15.571 -15.377
2.800 -6.982 -7.026 -9.101 -11.798 -12.975 -13.437 -14.042 -13.910 -14.477 -14.397 -14.736 -15.006 -15.267 -15.405 -15.585 -15.545 -15.364
2.900 -6.635 -6.586 -8.777 -11.530 -12.761 -13.245 -13.877 -13.744 -14.336 -14.262 -14.611 -14.897 -15.179 -15.331 -15.535 -15.517 -15.350
3.000 -6.286 -6.133 -8.448 -11.253 -12.540 -13.047 -13.708 -13.573 -14.191 -14.124 -14.483 -14.785 -15.087 -15.253 -15.482 -15.487 -15.335
3.100 -5.933 -5.664 -8.112 -10.965 -12.311 -12.841 -13.531 -13.396 -14.039 -13.980 -14.349 -14.667 -14.991 -15.171 -15.427 -15.454 -15.318
3.200 -5.576 -5.179 -7.769 -10.667 -12.073 -12.628 -13.347 -13.212 -13.881 -13.831 -14.210 -14.545 -14.890 -15.085 -15.368 -15.419 -15.299
3.300 -5.216 -4.678 -7.419 -10.357 -11.827 -12.406 -13.156 -13.021 -13.717 -13.677 -14.065 -14.417 -14.784 -14.996 -15.306 -15.381 -15.279
3.400 -4.853 -4.160 -7.064 -10.035 -11.573 -12.179 -12.961 -12.826 -13.550 -13.521 -13.918 -14.287 -14.678 -14.904 -15.242 -15.340 -15.252
3.500 -4.491 -3.628 -6.707 -9.706 -11.314 -11.948 -12.763 -12.630 -13.381 -13.365 -13.771 -14.157 -14.571 -14.813 -15.177 -15.296 -15.220
3.600 -4.127 -3.080 -6.344 -9.364 -11.046 -11.707 -12.557 -12.425 -13.205 -13.203 -13.618 -14.021 -14.459 -14.718 -15.109 -15.250 -15.188
3.700 -3.760 -2.515 -5.977 -9.011 -10.768 -11.459 -12.343 -12.214 -13.022 -13.035 -13.458 -13.879 -14.342 -14.617 -15.037 -15.201 -15.154
3.800 -3.394 -1.937 -5.608 -8.648 -10.483 -11.203 -12.122 -11.997 -12.833 -12.862 -13.293 -13.731 -14.220 -14.512 -14.962 -15.151 -15.119
3.900 -3.027 -1.346 -5.237 -8.275 -10.190 -10.941 -11.895 -11.773 -12.637 -12.684 -13.122 -13.578 -14.093 -14.403 -14.884 -15.098 -15.083
4.000 -2.660 -0.744 -4.865 -7.894 -9.891 -10.671 -11.661 -11.544 -12.436 -12.502 -12.946 -13.419 -13.961 -14.289 -14.801 -15.042 -15.045
4.100 -2.296 -0.135 -4.495 -7.507 -9.586 -10.397 -11.423 -11.310 -12.230 -12.316 -12.766 -13.256 -13.824 -14.170 -14.716 -14.984 -15.005
4.200 -1.938 0.471 -4.129 -7.118 -9.280 -10.121 -11.181 -11.074 -12.020 -12.127 -12.582 -13.089 -13.684 -14.049 -14.627 -14.924 -14.964
4.300 -1.585 1.068 -3.770 -6.730 -8.972 -9.842 -10.937 -10.835 -11.807 -11.935 -12.395 -12.919 -13.540 -13.923 -14.535 -14.861 -14.920
4.400 -1.401 1.344 -3.584 -6.531 -8.805 -9.686 -10.794 -10.694 -11.676 -11.812 -12.275 -12.804 -13.437 -13.827 -14.452 -14.790 -14.857
4.500 -1.326 1.419 -3.509 -6.456 -8.730 -9.611 -10.719 -10.619 -11.601 -11.737 -12.200 -12.729 -13.362 -13.752 -14.377 -14.715 -14.782
4.600 -1.252 1.494 -3.434 -6.382 -8.655 -9.536 -10.644 -10.545 -11.526 -11.663 -12.125 -12.655 -13.287 -13.677 -14.303 -14.640 -14.707
4.700 -1.178 1.568 -3.360 -6.308 -8.581 -9.462 -10.570 -10.471 -11.453 -11.589 -12.051 -12.581 -13.213 -13.603 -14.229 -14.566 -14.634
4.800 -1.105 1.641 -3.287 -6.234 -8.508 -9.389 -10.497 -10.398 -11.379 -11.516 -11.978 -12.507 -13.140 -13.530 -14.156 -14.493 -14.560
4.900 -1.032 1.713 -3.215 -6.162 -8.436 -9.317 -10.425 -10.325 -11.307 -11.443 -11.906 -12.435 -13.067 -13.458 -14.083 -14.421 -14.488
5.000 -0.961 1.784 -3.144 -6.091 -8.365 -9.246 -10.354 -10.254 -11.236 -11.372 -11.835 -12.364 -12.996 -13.387 -14.012 -14.350 -14.417
5.100 -0.891 1.854 -3.074 -6.021 -8.295 -9.176 -10.284 -10.184 -11.166 -11.302 -11.765 -12.294 -12.926 -13.317 -13.942 -14.280 -14.347
5.200 -0.822 1.923 -3.005 -5.952 -8.226 -9.107 -10.215 -10.115 -11.097 -11.233 -11.696 -12.225 -12.858 -13.248 -13.873 -14.211 -14.278
5.300 -0.755 1.991 -2.937 -5.885 -8.158 -9.039 -10.147 -10.048 -11.030 -11.166 -11.628 -12.158 -12.790 -13.180 -13.806 -14.143 -14.210
5.400 -0.689 2.057 -2.871 -5.819 -8.092 -8.973 -10.081 -9.982 -10.963 -11.100 -11.562 -12.091 -12.724 -13.114 -13.740 -14.077 -14.144
5.500 -0.624 2.121 -2.807 -5.754 -8.028 -8.909 -10.016 -9.917 -10.899 -11.035 -11.497 -12.027 -12.659 -13.050 -13.675 -14.013 -14.080
5.600 -0.561 2.185 -2.743 -5.691 -7.964 -8.845 -9.953 -9.854 -10.836 -10.972 -11.434 -11.964 -12.596 -12.986 -13.612 -13.950 -14.017
5.700 -0.499 2.246 -2.682 -5.629 -7.903 -8.784 -9.892 -9.792 -10.774 -10.910 -11.373 -11.902 -12.535 -12.925 -13.550 -13.888 -13.955
5.800 -0.440 2.306 -2.622 -5.569 -7.843 -8.724 -9.832 -9.733 -10.714 -10.850 -11.313 -11.842 -12.475 -12.865 -13.490 -13.828 -13.895
5.900 -0.381 2.364 -2.564 -5.511 -7.785 -8.666 -9.774 -9.674 -10.656 -10.792 -11.255 -11.784 -12.416 -12.807 -13.432 -13.770 -13.837
6.000 -0.325 2.421 -2.507 -5.455 -7.728 -8.609 -9.717 -9.618 -10.599 -10.736 -11.198 -11.728 -12.360 -12.750 -13.376 -13.713 -13.780
6.100 -0.270 2.476 -2.452 -5.400 -7.673 -8.554 -9.662 -9.563 -10.545 -10.681 -11.143 -11.673 -12.305 -12.695 -13.321 -13.658 -13.725
6.200 -0.217 2.529 -2.399 -5.346 -7.620 -8.501 -9.609 -9.510 -10.491 -10.627 -11.090 -11.619 -12.252 -12.642 -13.268 -13.605 -13.672
6.300 -0.165 2.581 -2.347 -5.295 -7.568 -8.449 -9.557 -9.458 -10.440 -10.576 -11.038 -11.568 -12.200 -12.590 -13.216 -13.554 -13.621
6.400 -0.115 2.630 -2.298 -5.245 -7.518 -8.399 -9.507 -9.408 -10.390 -10.526 -10.988 -11.518 -12.150 -12.540 -13.166 -13.504 -13.571
6.500 -0.067 2.679 -2.249 -5.196 -7.470 -8.351 -9.459 -9.360 -10.341 -10.478 -10.940 -11.469 -12.102 -12.492 -13.118 -13.455 -13.522
6.600 -0.020 2.726 -2.202 -5.150 -7.423 -8.304 -9.412 -9.313 -10.295 -10.431 -10.893 -11.423 -12.055 -12.445 -13.071 -13.408 -13.475
6.700 0.025 2.771 -2.157 -5.104 -7.378 -8.259 -9.367 -9.268 -10.249 -10.385 -10.848 -11.377 -12.010 -12.400 -13.026 -13.363 -13.430
6.800 0.069 2.815 -2.113 -5.060 -7.334 -8.215 -9.323 -9.224 -10.205 -10.342 -10.804 -11.333 -11.966 -12.356 -12.982 -13.319 -13.386
6.900 0.112 2.857 -2.071 -5.018 -7.292 -8.173 -9.281 -9.181 -10.163 -10.299 -10.762 -11.291 -11.923 -12.314 -12.939 -13.277 -13.344
7.000 0.153 2.898 -2.030 -4.977 -7.251 -8.132 -9.239 -9.140 -10.122 -10.258 -10.720 -11.250 -11.882 -12.273 -12.898 -13.236 -13.303
7.100 0.193 2.938 -1.990 -4.937 -7.211 -8.092 -9.200 -9.100 -10.082 -10.218 -10.681 -11.210 -11.842 -12.233 -12.858 -13.196 -13.263
7.200 0.231 2.977 -1.951 -4.899 -7.172 -8.053 -9.161 -9.062 -10.043 -10.180 -10.642 -11.172 -11.804 -12.194 -12.820 -13.157 -13.224
7.300 0.269 3.014 -1.914 -4.861 -7.135 -8.016 -9.124 -9.024 -10.006 -10.142 -10.605 -11.134 -11.767 -12.157 -12.782 -13.120 -13.187
7.400 0.305 3.050 -1.878 -4.825 -7.099 -7.980 -9.087 -8.988 -9.970 -10.106 -10.568 -11.098 -11.730 -12.121 -12.746 -13.084 -13.151
7.500 0.340 3.086 -1.842 -4.790 -7.063 -7.944 -9.052 -8.953 -9.935 -10.071 -10.533 -11.063 -11.695 -12.085 -12.711 -13.048 -13.115
7.600 0.374 3.120 -1.808 -4.755 -7.029 -7.910 -9.018 -8.919 -9.900 -10.037 -10.499 -11.028 -11.661 -12.051 -12.677 -13.014 -13.081
7.700 0.408 3.153 -1.775 -4.722 -6.996 -7.877 -8.985 -8.885 -9.867 -10.003 -10.466 -10.995 -11.627 -12.018 -12.643 -12.981 -13.048
7.800 0.440 3.186 -1.742 -4.690 -6.963 -7.844 -8.952 -8.853 -9.835 -9.971 -10.433 -10.963 -11.595 -11.985 -12.611 -12.949 -13.016
7.900 0.472 3.217 -1.711 -4.658 -6.932 -7.813 -8.921 -8.821 -9.803 -9.939 -10.402 -10.931 -11.564 -11.954 -12.579 -12.917 -12.984
8.000 0.502 3.248 -1.680 -4.628 -6.901 -7.782 -8.890 -8.791 -9.772 -9.909 -10.371 -10.900 -11.533 -11.923 -12.549 -12.886 -12.953
8.100 0.532 3.278 -1.650 -4.598 -6.871 -7.752 -8.860 -8.761 -9.742 -9.879 -10.341 -10.870 -11.503 -11.893 -12.519 -12.856 -12.923
8.200 0.561 3.307 -1.621 -4.568 -6.842 -7.723 -8.831 -8.731 -9.713 -9.849 -10.312 -10.841 -11.474 -11.864 -12.489 -12.827 -12.894
8.300 0.590 3.336 -1.592 -4.540 -6.813 -7.694 -8.802 -8.703 -9.685 -9.821 -10.283 -10.813 -11.445 -11.835 -12.461 -12.798 -12.865
8.400 0.618 3.364 -1.564 -4.512 -6.785 -7.666 -8.774 -8.675 -9.657 -9.793 -10.255 -10.785 -11.417 -11.807 -12.433 -12.770 -12.838
8.500 0.645 3.391 -1.537 -4.484 -6.758 -7.639 -8.747 -8.648 -9.629 -9.765 -10.228 -10.757 -11.390 -11.780 -12.406 -12.743 -12.810
8.600 0.672 3.418 -1.510 -4.458 -6.731 -7.612 -8.720 -8.621 -9.602 -9.739 -10.201 -10.731 -11.363 -11.753 -12.379 -12.716 -12.783
8.700 0.698 3.444 -1.484 -4.431 -6.705 -7.586 -8.694 -8.595 -9.576 -9.712 -10.175 -10.704 -11.337 -11.727 -12.353 -12.690 -12.757
8.800 0.724 3.470 -1.458 -4.406 -6.679 -7.560 -8.668 -8.569 -9.551 -9.687 -10.149 -10.679 -11.311 -11.701 -12.327 -12.664 -12.731
8.900 0.749 3.495 -1.433 -4.380 -6.654 -7.535 -8.643 -8.544 -9.525 -9.662 -10.124 -10.653 -11.286 -11.676 -12.302 -12.639 -12.706
9.000 0.774 3.520 -1.408 -4.356 -6.629 -7.510 -8.618 -8.519 -9.501 -9.637 -10.099 -10.629 -11.261 -11.651 -12.277 -12.614 -12.681
9.100 0.798 3.544 -1.384 -4.331 -6.605 -7.486 -8.594 -8.495 -9.476 -9.612 -10.075 -10.604 -11.237 -11.627 -12.253 -12.590 -12.657
9.200 0.822 3.568 -1.360 -4.307 -6.581 -7.462 -8.570 -8.471 -9.452 -9.589 -10.051 -10.580 -11.213 -11.603 -12.229 -12.566 -12.633
9.300 0.846 3.591 -1.337 -4.284 -6.558 -7.439 -8.546 -8.447 -9.429 -9.565 -10.027 -10.557 -11.189 -11.580 -12.205 -12.543 -12.610
9.400 0.869 3.614 -1.313 -4.261 -6.534 -7.415 -8.523 -8.424 -9.406 -9.542 -10.004 -10.534 -11.166 -11.556 -12.182 -12.520 -12.587
9.500 0.892 3.637 -1.291 -4.238 -6.512 -7.393 -8.501 -8.401 -9.383 -9.519 -9.982 -10.511 -11.143 -11.534 -12.159 -12.497 -12.564
9.600 0.914 3.660 -1.268 -4.216 -6.489 -7.370 -8.478 -8.379 -9.361 -9.497 -9.959 -10.489 -11.121 -11.511 -12.137 -12.474 -12.542
9.700 0.936 3.682 -1.246 -4.194 -6.467 -7.348 -8.456 -8.357 -9.339 -9.475 -9.937 -10.467 -11.099 -11.489 -12.115 -12.452 -12.519
9.800 0.958 3.703 -1.225 -4.172 -6.446 -7.327 -8.434 -8.335 -9.317 -9.453 -9.915 -10.445 -11.077 -11.468 -12.093 -12.431 -12.498
9.900 0.979 3.725 -1.203 -4.151 -6.424 -7.305 -8.413 -8.314 -9.295 -9.432 -9.894 -10.424 -11.056 -11.446 -12.072 -12.409 -12.476
10.000 1.000 3.746 -1.182 -4.129 -6.403 -7.284 -8.392 -8.293 -9.274 -9.411 -9.873 -10.402 -11.035 -11.425 -12.051 -12.388 -12.455
10.100 1.021 3.767 -1.161 -4.109 -6.382 -7.263 -8.371 -8.272 -9.254 -9.390 -9.852 -10.382 -11.014 -11.404 -12.030 -12.367 -12.434
10.200 1.042 3.787 -1.141 -4.088 -6.362 -7.243 -8.351 -8.251 -9.233 -9.369 -9.832 -10.361 -10.993 -11.384 -12.009 -12.347 -12.414
10.300 1.062 3.807 -1.121 -4.068 -6.342 -7.223 -8.330 -8.231 -9.213 -9.349 -9.811 -10.341 -10.973 -11.364 -11.989 -12.327 -12.394
10.400 1.082 3.827 -1.101 -4.048 -6.322 -7.203 -8.310 -8.211 -9.193 -9.329 -9.791 -10.321 -10.953 -11.344 -11.969 -12.307 -12.374
10.500 1.102 3.847 -1.081 -4.028 -6.302 -7.183 -8.291 -8.191 -9.173 -9.309 -9.772 -10.301 -10.933 -11.324 -11.949 -12.287 -12.354
10.600 1.121 3.867 -1.061 -4.009 -6.282 -7.163 -8.271 -8.172 -9.154 -9.290 -9.752 -10.282 -10.914 -11.304 -11.930 -12.267 -12.334
10.700 1.140 3.886 -1.042 -3.989 -6.263 -7.144 -8.252 -8.153 -9.134 -9.270 -9.733 -10.262 -10.895 -11.285 -11.911 -12.248 -12.315
10.800 1.159 3.905 -1.023 -3.970 -6.244 -7.125 -8.233 -8.134 -9.115 -9.251 -9.714 -10.243 -10.876 -11.266 -11.892 -12.229 -12.296
10.900 1.178 3.924 -1.004 -3.952 -6.225 -7.106 -8.214 -8.115 -9.096 -9.233 -9.695 -10.225 -10.857 -11.247 -11.873 -12.210 -12.277
11.000 1.197 3.942 -0.986 -3.933 -6.207 -7.088 -8.196 -8.096 -9.078 -9.214 -9.677 -10.206 -10.838 -11.229 -11.854 -12.192 -12.259
11.100 1.215 3.961 -0.967 -3.915 -6.188 -7.069 -8.177 -8.078 -9.060 -9.196 -9.658 -10.188 -10.820 -11.210 -11.836 -12.173 -12.240
11.200 1.233 3.979 -0.949 -3.896 -6.170 -7.051 -8.159 -8.060 -9.041 -9.178 -9.640 -10.169 -10.802 -11.192 -11.818 -12.155 -12.222
11.300 1.251 3.997 -0.931 -3.879 -6.152 -7.033 -8.141 -8.042 -9.023 -9.160 -9.622 -10.151 -10.784 -11.174 -11.800 -12.137 -12.204
11.400 1.269 4.015 -0.913 -3.861 -6.134 -7.015 -8.123 -8.024 -9.006 -9.142 -9.604 -10.134 -10.766 -11.156 -11.782 -12.120 -12.187
11.500 1.287 4.032 -0.896 -3.843 -6.117 -6.998 -8.106 -8.006 -8.988 -9.124 -9.587 -10.116 -10.749 -11.139 -11.764 -12.102 -12.169
11.600 1.304 4.050 -0.878 -3.826 -6.099 -6.980 -8.088 -7.989 -8.971 -9.107 -9.569 -10.099 -10.731 -11.121 -11.747 -12.085 -12.152
11.700 1.321 4.067 -0.861 -3.809 -6.082 -6.963 -8.071 -7.972 -8.953 -9.090 -9.552 -10.082 -10.714 -11.104 -11.730 -12.067 -12.134
11.800 1.338 4.084 -0.844 -3.792 -6.065 -6.946 -8.054 -7.955 -8.936 -9.073 -9.535 -10.064 -10.697 -11.087 -11.713 -12.050 -12.117
11.900 1.355 4.101 -0.827 -3.775 -6.048 -6.929 -8.037 -7.938 -8.920 -9.056 -9.518 -10.048 -10.680 -11.070 -11.696 -12.033 -12.100
12.000 1.372 4.117 -0.811 -3.758 -6.032 -6.913 -8.020 -7.921 -8.903 -9.039 -9.501 -10.031 -10.663 -11.054 -11.679 -12.017 -12.084
12.100 1.388 4.134 -0.794 -3.741 -6.015 -6.896 -8.004 -7.905 -8.886 -9.023 -9.485 -10.014 -10.647 -11.037 -11.663 -12.000 -12.067
12.200 1.405 4.150 -0.778 -3.725 -5.999 -6.880 -7.988 -7.888 -8.870 -9.006 -9.469 -9.998 -10.630 -11.021 -11.646 -11.984 -12.051
12.300 1.421 4.166 -0.761 -3.709 -5.982 -6.863 -7.971 -7.872 -8.854 -8.990 -9.452 -9.982 -10.614 -11.004 -11.630 -11.968 -12.035
12.400 1.437 4.183 -0.745 -3.693 -5.966 -6.847 -7.955 -7.856 -8.838 -8.974 -9.436 -9.966 -10.598 -10.988 -11.614 -11.952 -12.019
12.500 1.453 4.198 -0.730 -3.677 -5.950 -6.831 -7.939 -7.840 -8.822 -8.958 -9.420 -9.950 -10.582 -10.972 -11.598 -11.936 -12.003
12.600 1.469 4.214 -0.714 -3.661 -5.935 -6.816 -7.924 -7.824 -8.806 -8.942 -9.405 -9.934 -10.566 -10.957 -11.582 -11.920 -11.987
12.700 1.484 4.230 -0.698 -3.645 -5.919 -6.800 -7.908 -7.809 -8.790 -8.927 -9.389 -9.918 -10.551 -10.941 -11.567 -11.904 -11.971
12.800 1.500 4.245 -0.683 -3.630 -5.904 -6.785 -7.892 -7.793 -8.775 -8.911 -9.373 -9.903 -10.535 -10.926 -11.551 -11.889 -11.956
12.900 1.515 4.261 -0.667 -3.615 -5.888 -6.769 -7.877 -7.778 -8.759 -8.896 -9.358 -9.888 -10.520 -10.910 -11.536 -11.873 -11.940
13.000 1.530 4.276 -0.652 -3.599 -5.873 -6.754 -7.862 -7.763 -8.744 -8.880 -9.343 -9.872 -10.505 -10.895 -11.521 -11.858 -11.925
13.100 1.545 4.291 -0.637 -3.584 -5.858 -6.739 -7.847 -7.748 -8.729 -8.865 -9.328 -9.857 -10.490 -10.880 -11.505 -11.843 -11.910
13.200 1.560 4.306 -0.622 -3.569 -5.843 -6.724 -7.832 -7.733 -8.714 -8.850 -9.313 -9.842 -10.475 -10.865 -11.490 -11.828 -11.895
13.300 1.575 4.321 -0.607 -3.554 -5.828 -6.709 -7.817 -7.718 -8.699 -8.836 -9.298 -9.827 -10.460 -10.850 -11.476 -11.813 -11.880
13.400 1.590 4.336 -0.592 -3.540 -5.813 -6.694 -7.802 -7.703 -8.685 -8.821 -9.283 -9.813 -10.445 -10.835 -11.461 -11.798 -11.866
13.500 1.605 4.350 -0.578 -3.525 -5.799 -6.680 -7.788 -7.688 -8.670 -8.806 -9.269 -9.798 -10.430 -10.821 -11.446 -11.784 -11.851
13.600 1.619 4.365 -0.563 -3.511 -5.784 -6.665 -7.773 -7.674 -8.656 -8.792 -9.254 -9.784 -10.416 -10.806 -11.432 -11.769 -11.836
13.700 1.633 4.379 -0.549 -3.496 -5.770 -6.651 -7.759 -7.660 -8.641 -8.777 -9.240 -9.769 -10.402 -10.792 -11.417 -11.755 -11.822
13.800 1.648 4.393 -0.535 -3.482 -5.756 -6.637 -7.745 -7.645 -8.627 -8.763 -9.226 -9.755 -10.387 -10.778 -11.403 -11.741 -11.808
13.900 1.662 4.407 -0.521 -3.468 -5.741 -6.622 -7.730 -7.631 -8.613 -8.749 -9.211 -9.741 -10.373 -10.763 -11.389 -11.727 -11.794
14.000 1.676 4.421 -0.506 -3.454 -5.727 -6.608 -7.716 -7.617 -8.599 -8.735 -9.197 -9.727 -10.359 -10.749 -11.375 -11.713 -11.780
14.100 1.690 4.435 -0.493 -3.440 -5.714 -6.595 -7.702 -7.603 -8.585 -8.721 -9.183 -9.713 -10.345 -10.736 -11.361 -11.699 -11.766
14.200 1.704 4.449 -0.479 -3.426 -5.700 -6.581 -7.689 -7.589 -8.571 -8.707 -9.170 -9.699 -10.331 -10.722 -11.347 -11.685 -11.752
14.300 1.717 4.463 -0.465 -3.412 -5.686 -6.567 -7.675 -7.576 -8.557 -8.693 -9.156 -9.685 -10.318 -10.708 -11.334 -11.671 -11.738
14.400 1.731 4.477 -0.451 -3.399 -5.672 -6.553 -7.661 -7.562 -8.544 -8.680 -9.142 -9.672 -10.304 -10.694 -11.320 -11.657 -11.725
14.500 1.745 4.490 -0.438 -3.385 -5.659 -6.540 -7.648 -7.548 -8.530 -8.666 -9.129 -9.658 -10.291 -10.681 -11.306 -11.644 -11.711
14.600 1.758 4.504 -0.424 -3.372 -5.645 -6.526 -7.634 -7.535 -8.517 -8.653 -9.115 -9.645 -10.277 -10.667 -11.293 -11.631 -11.698
14.700 1.771 4.517 -0.411 -3.358 -5.632 -6.513 -7.621 -7.522 -8.503 -8.640 -9.102 -9.631 -10.264 -10.654 -11.280 -11.617 -11.684
14.800 1.785 4.530 -0.398 -3.345 -5.619 -6.500 -7.608 -7.508 -8.490 -8.626 -9.089 -9.618 -10.251 -10.641 -11.266 -11.604 -11.671
14.900 1.798 4.543 -0.385 -3.332 -5.606 -6.487 -7.595 -7.495 -8.477 -8.613 -9.076 -9.605 -10.237 -10.628 -11.253 -11.591 -11.658
15.000 1.811 4.556 -0.372 -3.319 -5.593 -6.474 -7.582 -7.482 -8.464 -8.600 -9.063 -9.592 -10.224 -10.615 -11.240 -11.578 -11.645
