# day W2 M2 W1 u B g V c r w o i z y J H K
0.000 -7.605 -7.457 -7.284 -6.569 -6.241 -6.079 -5.794 -5.906 -5.556 -5.721 -5.424 -5.160 -4.861 -4.628 -4.155 -3.537 -2.962
0.100 -12.795 -12.958 -13.020 -13.114 -13.038 -12.982 -12.871 -12.909 -12.753 -12.808 -12.682 -12.529 -12.334 -12.171 -11.820 -11.314 -10.819
0.200 -13.084 -13.340 -13.498 -13.836 -13.841 -13.820 -13.763 -13.781 -13.685 -13.710 -13.634 -13.516 -13.356 -13.215 -12.906 -12.439 -11.970
0.300 -13.066 -13.391 -13.632 -14.162 -14.234 -14.240 -14.224 -14.227 -14.176 -14.182 -14.142 -14.050 -13.916 -13.793 -13.515 -13.077 -12.628
0.400 -12.955 -13.335 -13.652 -14.342 -14.470 -14.500 -14.519 -14.510 -14.497 -14.487 -14.476 -14.405 -14.293 -14.184 -13.932 -13.517 -13.086
0.500 -12.763 -13.190 -13.583 -14.425 -14.608 -14.660 -14.713 -14.692 -14.714 -14.691 -14.706 -14.656 -14.562 -14.467 -14.238 -13.846 -13.429
0.600 -12.507 -12.976 -13.450 -14.441 -14.680 -14.755 -14.840 -14.809 -14.865 -14.829 -14.870 -14.838 -14.764 -14.681 -14.475 -14.103 -13.701
0.700 -12.199 -12.705 -13.265 -14.405 -14.701 -14.799 -14.917 -14.876 -14.966 -14.919 -14.984 -14.971 -14.916 -14.846 -14.661 -14.309 -13.921
0.800 -11.846 -12.383 -13.036 -14.326 -14.682 -14.804 -14.956 -14.904 -15.029 -14.971 -15.061 -15.067 -15.031 -14.973 -14.811 -14.478 -14.104
0.900 -11.460 -12.020 -12.773 -14.213 -14.630 -14.777 -14.964 -14.902 -15.062 -14.994 -15.107 -15.133 -15.116 -15.071 -14.930 -14.618 -14.257
1.000 -11.058 -11.631 -12.487 -14.072 -14.551 -14.723 -14.945 -14.874 -15.068 -14.992 -15.128 -15.173 -15.176 -15.144 -15.026 -14.733 -14.386
1.100 -10.662 -11.237 -12.195 -13.915 -14.455 -14.652 -14.907 -14.828 -15.056 -14.973 -15.131 -15.195 -15.217 -15.198 -15.102 -14.830 -14.497
1.200 -10.295 -10.862 -11.914 -13.751 -14.348 -14.569 -14.857 -14.770 -15.030 -14.941 -15.119 -15.201 -15.243 -15.236 -15.163 -14.910 -14.591
1.300 -9.972 -10.524 -11.655 -13.589 -14.238 -14.481 -14.797 -14.704 -14.994 -14.901 -15.097 -15.196 -15.257 -15.262 -15.211 -14.978 -14.672
1.400 -9.701 -10.236 -11.431 -13.440 -14.133 -14.394 -14.737 -14.638 -14.954 -14.858 -15.069 -15.184 -15.263 -15.280 -15.249 -15.035 -14.743
1.500 -9.475 -9.995 -11.242 -13.309 -14.038 -14.315 -14.679 -14.576 -14.914 -14.817 -15.040 -15.169 -15.263 -15.291 -15.280 -15.083 -14.804
1.600 -9.278 -9.783 -11.076 -13.192 -13.952 -14.242 -14.624 -14.518 -14.874 -14.777 -15.011 -15.152 -15.260 -15.297 -15.304 -15.124 -14.858
1.700 -9.110 -9.600 -10.937 -13.096 -13.882 -14.183 -14.581 -14.473 -14.844 -14.747 -14.990 -15.141 -15.261 -15.306 -15.328 -15.161 -14.903
1.800 -8.949 -9.420 -10.804 -13.006 -13.817 -14.129 -14.541 -14.431 -14.817 -14.719 -14.970 -15.130 -15.261 -15.314 -15.349 -15.193 -14.942
1.900 -8.795 -9.247 -10.679 -12.924 -13.760 -14.082 -14.508 -14.395 -14.794 -14.697 -14.954 -15.122 -15.263 -15.322 -15.369 -15.223 -14.978
2.000 -8.652 -9.082 -10.561 -12.850 -13.710 -14.042 -14.480 -14.366 -14.776 -14.679 -14.943 -15.118 -15.268 -15.333 -15.390 -15.253 -15.014
2.100 -8.506 -8.911 -10.441 -12.773 -13.659 -14.001 -14.453 -14.336 -14.759 -14.662 -14.932 -15.115 -15.272 -15.343 -15.409 -15.281 -15.048
2.200 -8.361 -8.739 -10.321 -12.695 -13.608 -13.961 -14.425 -14.307 -14.742 -14.646 -14.922 -15.112 -15.277 -15.353 -15.428 -15.309 -15.081
2.300 -8.221 -8.570 -10.204 -12.619 -13.558 -13.922 -14.400 -14.279 -14.727 -14.631 -14.914 -15.110 -15.283 -15.364 -15.448 -15.336 -15.114
2.400 -8.083 -8.401 -10.087 -12.541 -13.508 -13.882 -14.374 -14.251 -14.712 -14.616 -14.905 -15.108 -15.289 -15.375 -15.468 -15.363 -15.146
2.500 -7.940 -8.224 -9.965 -12.458 -13.452 -13.838 -14.343 -14.220 -14.693 -14.598 -14.893 -15.104 -15.293 -15.384 -15.486 -15.388 -15.176
2.600 -7.798 -8.048 -9.842 -12.373 -13.396 -13.793 -14.313 -14.187 -14.674 -14.580 -14.882 -15.100 -15.298 -15.394 -15.504 -15.412 -15.203
2.700 -7.660 -7.873 -9.722 -12.288 -13.339 -13.747 -14.282 -14.155 -14.655 -14.562 -14.870 -15.097 -15.303 -15.405 -15.523 -15.435 -15.227
2.800 -7.524 -7.697 -9.601 -12.202 -13.281 -13.700 -14.249 -14.121 -14.634 -14.543 -14.857 -15.092 -15.307 -15.414 -15.540 -15.458 -15.253
2.900 -7.383 -7.516 -9.476 -12.110 -13.217 -13.649 -14.212 -14.082 -14.609 -14.520 -14.840 -15.083 -15.307 -15.421 -15.556 -15.480 -15.278
3.000 -7.243 -7.332 -9.350 -12.017 -13.152 -13.595 -14.173 -14.042 -14.582 -14.494 -14.821 -15.071 -15.306 -15.425 -15.570 -15.501 -15.302
3.100 -7.103 -7.147 -9.224 -11.921 -13.085 -13.539 -14.132 -13.999 -14.553 -14.468 -14.800 -15.058 -15.302 -15.428 -15.583 -15.521 -15.326
3.200 -6.965 -6.963 -9.098 -11.825 -13.017 -13.482 -14.089 -13.956 -14.523 -14.440 -14.778 -15.044 -15.298 -15.429 -15.594 -15.541 -15.350
3.300 -6.827 -6.777 -8.972 -11.726 -12.946 -13.423 -14.044 -13.911 -14.490 -14.410 -14.753 -15.028 -15.291 -15.429 -15.605 -15.559 -15.374
3.400 -6.686 -6.584 -8.841 -11.622 -12.871 -13.360 -13.996 -13.861 -14.454 -14.377 -14.725 -15.008 -15.281 -15.426 -15.612 -15.576 -15.396
3.500 -6.546 -6.391 -8.710 -11.517 -12.795 -13.295 -13.946 -13.811 -14.416 -14.342 -14.696 -14.987 -15.270 -15.421 -15.619 -15.592 -15.417
3.600 -6.405 -6.194 -8.577 -11.409 -12.716 -13.228 -13.893 -13.757 -14.376 -14.305 -14.664 -14.963 -15.257 -15.414 -15.624 -15.606 -15.437
3.700 -6.265 -5.997 -8.445 -11.300 -12.636 -13.160 -13.839 -13.703 -14.334 -14.268 -14.632 -14.938 -15.242 -15.407 -15.628 -15.619 -15.456
3.800 -6.125 -5.798 -8.312 -11.189 -12.554 -13.090 -13.783 -13.647 -14.291 -14.228 -14.597 -14.912 -15.226 -15.397 -15.631 -15.632 -15.475
3.900 -5.985 -5.596 -8.178 -11.075 -12.470 -13.017 -13.725 -13.589 -14.245 -14.187 -14.561 -14.883 -15.208 -15.386 -15.632 -15.643 -15.492
4.000 -5.841 -5.388 -8.040 -10.957 -12.382 -12.941 -13.663 -13.527 -14.197 -14.143 -14.521 -14.852 -15.187 -15.373 -15.631 -15.652 -15.508
4.100 -5.699 -5.179 -7.902 -10.837 -12.292 -12.863 -13.601 -13.464 -14.147 -14.097 -14.480 -14.819 -15.165 -15.358 -15.628 -15.661 -15.524
4.200 -5.555 -4.966 -7.762 -10.714 -12.200 -12.783 -13.535 -13.399 -14.094 -14.050 -14.437 -14.784 -15.141 -15.341 -15.625 -15.668 -15.538
4.300 -5.412 -4.752 -7.622 -10.589 -12.106 -12.701 -13.468 -13.332 -14.040 -14.001 -14.393 -14.748 -15.115 -15.323 -15.620 -15.674 -15.551
4.400 -5.268 -4.535 -7.482 -10.463 -12.010 -12.618 -13.399 -13.264 -13.984 -13.951 -14.347 -14.710 -15.088 -15.304 -15.613 -15.678 -15.563
4.500 -5.124 -4.316 -7.340 -10.333 -11.912 -12.532 -13.328 -13.193 -13.927 -13.899 -14.299 -14.670 -15.060 -15.282 -15.606 -15.682 -15.574
4.600 -4.979 -4.093 -7.196 -10.201 -11.811 -12.444 -13.255 -13.121 -13.867 -13.845 -14.249 -14.628 -15.029 -15.260 -15.596 -15.684 -15.584
4.700 -4.831 -3.864 -7.049 -10.064 -11.707 -12.352 -13.179 -13.045 -13.804 -13.788 -14.196 -14.584 -14.996 -15.234 -15.585 -15.685 -15.592
4.800 -4.684 -3.634 -6.903 -9.926 -11.601 -12.259 -13.101 -12.968 -13.740 -13.730 -14.143 -14.538 -14.962 -15.208 -15.573 -15.685 -15.600
4.900 -4.536 -3.399 -6.754 -9.784 -11.493 -12.163 -13.021 -12.889 -13.673 -13.671 -14.087 -14.490 -14.926 -15.180 -15.559 -15.683 -15.607
5.000 -4.386 -3.161 -6.604 -9.639 -11.382 -12.065 -12.938 -12.808 -13.605 -13.609 -14.029 -14.441 -14.888 -15.150 -15.544 -15.681 -15.612
5.100 -4.237 -2.921 -6.453 -9.493 -11.269 -11.966 -12.854 -12.725 -13.535 -13.546 -13.970 -14.390 -14.849 -15.120 -15.528 -15.677 -15.617
5.200 -4.086 -2.678 -6.302 -9.344 -11.155 -11.864 -12.768 -12.640 -13.463 -13.482 -13.909 -14.337 -14.809 -15.087 -15.510 -15.672 -15.621
5.300 -3.935 -2.432 -6.149 -9.192 -11.037 -11.760 -12.680 -12.553 -13.389 -13.416 -13.846 -14.283 -14.766 -15.053 -15.491 -15.666 -15.624
5.400 -3.782 -2.181 -5.994 -9.037 -10.917 -11.653 -12.589 -12.465 -13.313 -13.348 -13.782 -14.226 -14.722 -15.018 -15.471 -15.659 -15.625
5.500 -3.627 -1.926 -5.837 -8.878 -10.794 -11.544 -12.496 -12.373 -13.234 -13.278 -13.714 -14.167 -14.676 -14.980 -15.449 -15.651 -15.626
5.600 -3.472 -1.667 -5.680 -8.716 -10.669 -11.432 -12.400 -12.279 -13.154 -13.206 -13.646 -14.107 -14.628 -14.941 -15.426 -15.641 -15.626
5.700 -3.315 -1.405 -5.520 -8.552 -10.541 -11.318 -12.303 -12.184 -13.071 -13.132 -13.575 -14.044 -14.578 -14.900 -15.401 -15.631 -15.624
5.800 -3.156 -1.138 -5.359 -8.384 -10.411 -11.201 -12.202 -12.086 -12.986 -13.056 -13.502 -13.980 -14.527 -14.858 -15.375 -15.619 -15.622
5.900 -2.997 -0.869 -5.196 -8.213 -10.278 -11.083 -12.100 -11.986 -12.899 -12.979 -13.428 -13.914 -14.474 -14.814 -15.348 -15.606 -15.619
6.000 -2.837 -0.597 -5.033 -8.040 -10.143 -10.962 -11.996 -11.885 -12.811 -12.901 -13.352 -13.846 -14.420 -14.769 -15.319 -15.592 -15.614
6.100 -2.676 -0.323 -4.869 -7.865 -10.006 -10.840 -11.891 -11.782 -12.720 -12.821 -13.275 -13.777 -14.364 -14.722 -15.290 -15.577 -15.609
6.200 -2.514 -0.044 -4.704 -7.686 -9.867 -10.714 -11.783 -11.676 -12.628 -12.739 -13.195 -13.706 -14.306 -14.674 -15.259 -15.561 -15.604
6.300 -2.349 0.238 -4.536 -7.505 -9.725 -10.587 -11.672 -11.569 -12.533 -12.655 -13.114 -13.633 -14.247 -14.624 -15.226 -15.543 -15.597
6.400 -2.183 0.524 -4.367 -7.319 -9.580 -10.457 -11.559 -11.459 -12.436 -12.569 -13.030 -13.557 -14.185 -14.573 -15.192 -15.525 -15.589
6.500 -2.112 0.634 -4.295 -7.242 -9.516 -10.397 -11.505 -11.406 -12.387 -12.524 -12.986 -13.515 -14.148 -14.538 -15.164 -15.502 -15.569
6.600 -2.087 0.659 -4.269 -7.217 -9.490 -10.372 -11.479 -11.380 -12.362 -12.498 -12.961 -13.490 -14.123 -14.513 -15.139 -15.476 -15.543
6.700 -2.061 0.685 -4.243 -7.191 -9.464 -10.346 -11.453 -11.354 -12.336 -12.472 -12.935 -13.464 -14.097 -14.487 -15.113 -15.450 -15.517
6.800 -2.035 0.712 -4.217 -7.164 -9.438 -10.319 -11.427 -11.328 -12.309 -12.446 -12.908 -13.438 -14.070 -14.460 -15.086 -15.424 -15.491
6.900 -2.008 0.738 -4.190 -7.137 -9.411 -10.292 -11.400 -11.301 -12.283 -12.419 -12.881 -13.411 -14.043 -14.434 -15.059 -15.397 -15.464
7.000 -1.981 0.765 -4.163 -7.110 -9.384 -10.265 -11.373 -11.274 -12.256 -12.392 -12.854 -13.384 -14.016 -14.407 -15.032 -15.370 -15.437
7.100 -1.953 0.793 -4.136 -7.083 -9.357 -10.238 -11.346 -11.247 -12.228 -12.364 -12.827 -13.356 -13.989 -14.379 -15.005 -15.342 -15.410
7.200 -1.926 0.820 -4.108 -7.055 -9.329 -10.210 -11.318 -11.219 -12.200 -12.337 -12.799 -13.329 -13.961 -14.351 -14.977 -15.315 -15.382
7.300 -1.897 0.849 -4.080 -7.027 -9.301 -10.182 -11.290 -11.191 -12.172 -12.309 -12.771 -13.300 -13.933 -14.323 -14.949 -15.287 -15.354
7.400 -1.869 0.877 -4.051 -6.999 -9.272 -10.153 -11.261 -11.162 -12.144 -12.280 -12.742 -13.272 -13.904 -14.295 -14.920 -15.258 -15.325
7.500 -1.840 0.906 -4.022 -6.970 -9.243 -10.125 -11.232 -11.133 -12.115 -12.251 -12.714 -13.243 -13.876 -14.266 -14.892 -15.229 -15.296
7.600 -1.811 0.935 -3.993 -6.940 -9.214 -10.095 -11.203 -11.104 -12.086 -12.222 -12.684 -13.214 -13.846 -14.237 -14.862 -15.200 -15.267
7.700 -1.781 0.965 -3.964 -6.911 -9.185 -10.066 -11.174 -11.074 -12.056 -12.192 -12.655 -13.184 -13.817 -14.207 -14.833 -15.170 -15.237
7.800 -1.751 0.995 -3.934 -6.881 -9.155 -10.036 -11.144 -11.045 -12.026 -12.163 -12.625 -13.154 -13.787 -14.177 -14.803 -15.141 -15.208
7.900 -1.721 1.025 -3.904 -6.851 -9.125 -10.006 -11.114 -11.014 -11.996 -12.132 -12.595 -13.124 -13.757 -14.147 -14.773 -15.110 -15.177
8.000 -1.691 1.055 -3.873 -6.821 -9.094 -9.975 -11.083 -10.984 -11.966 -12.102 -12.564 -13.094 -13.726 -14.117 -14.742 -15.080 -15.147
8.100 -1.660 1.086 -3.843 -6.790 -9.064 -9.945 -11.053 -10.954 -11.935 -12.072 -12.534 -13.063 -13.696 -14.086 -14.712 -15.050 -15.117
8.200 -1.630 1.116 -3.812 -6.759 -9.033 -9.914 -11.022 -10.923 -11.905 -12.041 -12.503 -13.033 -13.665 -14.056 -14.681 -15.019 -15.086
8.300 -1.599 1.147 -3.781 -6.729 -9.002 -9.883 -10.991 -10.892 -11.874 -12.010 -12.473 -13.002 -13.635 -14.025 -14.650 -14.988 -15.055
8.400 -1.568 1.178 -3.750 -6.698 -8.971 -9.853 -10.960 -10.861 -11.843 -11.979 -12.442 -12.971 -13.604 -13.994 -14.620 -14.957 -15.024
8.500 -1.537 1.209 -3.719 -6.667 -8.940 -9.821 -10.929 -10.830 -11.812 -11.948 -12.410 -12.940 -13.572 -13.963 -14.588 -14.926 -14.993
8.600 -1.506 1.240 -3.688 -6.635 -8.909 -9.790 -10.898 -10.799 -11.781 -11.917 -12.379 -12.909 -13.541 -13.932 -14.557 -14.895 -14.962
8.700 -1.474 1.272 -3.657 -6.604 -8.878 -9.759 -10.867 -10.767 -11.749 -11.885 -12.348 -12.877 -13.510 -13.900 -14.526 -14.863 -14.930
8.800 -1.443 1.303 -3.625 -6.572 -8.846 -9.727 -10.835 -10.736 -11.718 -11.854 -12.316 -12.846 -13.478 -13.869 -14.494 -14.832 -14.899
8.900 -1.411 1.335 -3.593 -6.541 -8.814 -9.696 -10.804 -10.704 -11.686 -11.822 -12.285 -12.814 -13.447 -13.837 -14.463 -14.800 -14.867
9.000 -1.379 1.367 -3.562 -6.509 -8.783 -9.664 -10.772 -10.673 -11.654 -11.790 -12.253 -12.782 -13.415 -13.805 -14.431 -14.768 -14.836
9.100 -1.348 1.398 -3.530 -6.477 -8.751 -9.632 -10.740 -10.641 -11.623 -11.759 -12.221 -12.751 -13.383 -13.774 -14.399 -14.737 -14.804
9.200 -1.316 1.430 -3.498 -6.446 -8.719 -9.600 -10.708 -10.609 -11.591 -11.727 -12.189 -12.719 -13.351 -13.742 -14.367 -14.705 -14.772
9.300 -1.284 1.462 -3.467 -6.414 -8.688 -9.569 -10.677 -10.577 -11.559 -11.695 -12.158 -12.687 -13.320 -13.710 -14.336 -14.673 -14.740
9.400 -1.252 1.494 -3.435 -6.382 -8.656 -9.537 -10.645 -10.546 -11.527 -11.664 -12.126 -12.655 -13.288 -13.678 -14.304 -14.642 -14.709
9.500 -1.221 1.525 -3.403 -6.350 -8.624 -9.505 -10.613 -10.514 -11.496 -11.632 -12.094 -12.624 -13.256 -13.647 -14.272 -14.610 -14.677
9.600 -1.189 1.557 -3.371 -6.319 -8.593 -9.474 -10.582 -10.482 -11.464 -11.600 -12.063 -12.592 -13.225 -13.615 -14.241 -14.578 -14.645
9.700 -1.158 1.588 -3.340 -6.287 -8.561 -9.442 -10.550 -10.451 -11.433 -11.569 -12.031 -12.561 -13.193 -13.583 -14.209 -14.547 -14.614
9.800 -1.126 1.620 -3.309 -6.256 -8.530 -9.411 -10.519 -10.419 -11.401 -11.537 -12.000 -12.529 -13.162 -13.552 -14.178 -14.515 -14.582
9.900 -1.095 1.651 -3.277 -6.225 -8.498 -9.379 -10.487 -10.388 -11.370 -11.506 -11.968 -12.498 -13.130 -13.521 -14.146 -14.484 -14.551
10.000 -1.064 1.682 -3.246 -6.193 -8.467 -9.348 -10.456 -10.357 -11.339 -11.475 -11.937 -12.467 -13.099 -13.490 -14.115 -14.453 -14.520
10.100 -1.033 1.713 -3.215 -6.162 -8.436 -9.317 -10.425 -10.326 -11.308 -11.444 -11.906 -12.436 -13.068 -13.458 -14.084 -14.422 -14.489
10.200 -1.002 1.744 -3.184 -6.131 -8.405 -9.286 -10.394 -10.295 -11.277 -11.413 -11.875 -12.405 -13.037 -13.428 -14.053 -14.391 -14.458
10.300 -0.971 1.775 -3.153 -6.101 -8.374 -9.255 -10.363 -10.264 -11.246 -11.382 -11.845 -12.374 -13.006 -13.397 -14.022 -14.360 -14.427
10.400 -0.940 1.806 -3.123 -6.070 -8.344 -9.225 -10.333 -10.234 -11.215 -11.352 -11.814 -12.343 -12.976 -13.366 -13.992 -14.330 -14.397
10.500 -0.910 1.836 -3.092 -6.040 -8.313 -9.194 -10.302 -10.203 -11.185 -11.321 -11.783 -12.313 -12.945 -13.336 -13.961 -14.299 -14.366
10.600 -0.880 1.866 -3.062 -6.009 -8.283 -9.164 -10.272 -10.173 -11.155 -11.291 -11.753 -12.283 -12.915 -13.306 -13.931 -14.269 -14.336
10.700 -0.850 1.896 -3.032 -5.980 -8.253 -9.134 -10.242 -10.143 -11.125 -11.261 -11.723 -12.253 -12.885 -13.276 -13.901 -14.239 -14.306
10.800 -0.820 1.926 -3.003 -5.950 -8.224 -9.105 -10.213 -10.113 -11.095 -11.231 -11.694 -12.223 -12.856 -13.246 -13.872 -14.209 -14.276
10.900 -0.791 1.955 -2.973 -5.920 -8.194 -9.075 -10.183 -10.084 -11.066 -11.202 -11.664 -12.194 -12.826 -13.217 -13.842 -14.180 -14.247
11.000 -0.762 1.984 -2.944 -5.891 -8.165 -9.046 -10.154 -10.055 -11.037 -11.173 -11.635 -12.165 -12.797 -13.188 -13.813 -14.151 -14.218
11.100 -0.733 2.013 -2.915 -5.862 -8.136 -9.017 -10.125 -10.026 -11.008 -11.144 -11.606 -12.136 -12.768 -13.159 -13.784 -14.122 -14.189
11.200 -0.704 2.042 -2.887 -5.834 -8.108 -8.989 -10.097 -9.997 -10.979 -11.115 -11.578 -12.107 -12.740 -13.130 -13.756 -14.093 -14.160
11.300 -0.676 2.070 -2.858 -5.806 -8.079 -8.960 -10.068 -9.969 -10.951 -11.087 -11.550 -12.079 -12.712 -13.102 -13.727 -14.065 -14.132
11.400 -0.648 2.098 -2.830 -5.778 -8.051 -8.933 -10.040 -9.941 -10.923 -11.059 -11.522 -12.051 -12.684 -13.074 -13.700 -14.037 -14.104
11.500 -0.620 2.126 -2.803 -5.750 -8.024 -8.905 -10.013 -9.914 -10.895 -11.032 -11.494 -12.024 -12.656 -13.046 -13.672 -14.010 -14.077
11.600 -0.593 2.153 -2.776 -5.723 -7.997 -8.878 -9.986 -9.886 -10.868 -11.004 -11.467 -11.996 -12.629 -13.019 -13.645 -13.982 -14.049
11.700 -0.566 2.180 -2.749 -5.696 -7.970 -8.851 -9.959 -9.860 -10.841 -10.977 -11.440 -11.969 -12.602 -12.992 -13.618 -13.955 -14.023
11.800 -0.540 2.206 -2.722 -5.669 -7.943 -8.824 -9.932 -9.833 -10.815 -10.951 -11.413 -11.943 -12.575 -12.966 -13.591 -13.929 -13.996
11.900 -0.514 2.233 -2.696 -5.643 -7.917 -8.798 -9.906 -9.807 -10.788 -10.925 -11.387 -11.917 -12.549 -12.939 -13.565 -13.903 -13.970
12.000 -0.488 2.258 -2.670 -5.617 -7.891 -8.772 -9.880 -9.781 -10.763 -10.899 -11.361 -11.891 -12.523 -12.914 -13.539 -13.877 -13.944
12.100 -0.462 2.284 -2.644 -5.592 -7.866 -8.747 -9.855 -9.755 -10.737 -10.873 -11.336 -11.865 -12.498 -12.888 -13.514 -13.851 -13.918
12.200 -0.437 2.309 -2.619 -5.567 -7.840 -8.721 -9.829 -9.730 -10.712 -10.848 -11.311 -11.840 -12.473 -12.863 -13.488 -13.826 -13.893
12.300 -0.412 2.334 -2.595 -5.542 -7.816 -8.697 -9.805 -9.705 -10.687 -10.823 -11.286 -11.815 -12.448 -12.838 -13.464 -13.801 -13.868
12.400 -0.388 2.358 -2.570 -5.517 -7.791 -8.672 -9.780 -9.681 -10.663 -10.799 -11.261 -11.791 -12.423 -12.814 -13.439 -13.777 -13.844
12.500 -0.364 2.382 -2.546 -5.493 -7.767 -8.648 -9.756 -9.657 -10.639 -10.775 -11.237 -11.767 -12.399 -12.790 -13.415 -13.753 -13.820
12.600 -0.340 2.406 -2.522 -5.470 -7.743 -8.625 -9.732 -9.633 -10.615 -10.751 -11.214 -11.743 -12.376 -12.766 -13.392 -13.729 -13.796
12.700 -0.317 2.429 -2.499 -5.446 -7.720 -8.601 -9.709 -9.610 -10.592 -10.728 -11.190 -11.720 -12.352 -12.743 -13.368 -13.706 -13.773
12.800 -0.294 2.452 -2.476 -5.423 -7.697 -8.578 -9.686 -9.587 -10.569 -10.705 -11.167 -11.697 -12.329 -12.720 -13.345 -13.683 -13.750
12.900 -0.271 2.475 -2.454 -5.401 -7.675 -8.556 -9.664 -9.564 -10.546 -10.682 -11.145 -11.674 -12.307 -12.697 -13.323 -13.660 -13.727
13.000 -0.249 2.497 -2.431 -5.379 -7.652 -8.534 -9.641 -9.542 -10.524 -10.660 -11.123 -11.652 -12.285 -12.675 -13.301 -13.638 -13.705
13.100 -0.227 2.519 -2.410 -5.357 -7.631 -8.512 -9.620 -9.520 -10.502 -10.638 -11.101 -11.630 -12.263 -12.653 -13.279 -13.616 -13.683
13.200 -0.206 2.540 -2.388 -5.335 -7.609 -8.490 -9.598 -9.499 -10.481 -10.617 -11.079 -11.609 -12.241 -12.632 -13.257 -13.595 -13.662
13.300 -0.185 2.561 -2.367 -5.314 -7.588 -8.469 -9.577 -9.478 -10.460 -10.596 -11.058 -11.588 -12.220 -12.610 -13.236 -13.574 -13.641
13.400 -0.164 2.582 -2.346 -5.293 -7.567 -8.448 -9.556 -9.457 -10.439 -10.575 -11.037 -11.567 -12.199 -12.590 -13.215 -13.553 -13.620
13.500 -0.143 2.603 -2.326 -5.273 -7.547 -8.428 -9.536 -9.437 -10.418 -10.555 -11.017 -11.546 -12.179 -12.569 -13.195 -13.533 -13.600
13.600 -0.123 2.623 -2.306 -5.253 -7.527 -8.408 -9.516 -9.417 -10.398 -10.534 -10.997 -11.526 -12.159 -12.549 -13.175 -13.512 -13.580
13.700 -0.104 2.642 -2.286 -5.233 -7.507 -8.388 -9.496 -9.397 -10.378 -10.515 -10.977 -11.507 -12.139 -12.529 -13.155 -13.493 -13.560
13.800 -0.084 2.662 -2.267 -5.214 -7.488 -8.369 -9.477 -9.377 -10.359 -10.495 -10.958 -11.487 -12.120 -12.510 -13.136 -13.473 -13.540
13.900 -0.065 2.681 -2.247 -5.195 -7.469 -8.350 -9.458 -9.358 -10.340 -10.476 -10.939 -11.468 -12.101 -12.491 -13.117 -13.454 -13.521
14.000 -0.046 2.700 -2.229 -5.176 -7.450 -8.331 -9.439 -9.340 -10.321 -10.457 -10.920 -11.449 -12.082 -12.472 -13.098 -13.435 -13.503
14.100 -0.028 2.718 -2.210 -5.157 -7.431 -8.312 -9.420 -9.321 -10.303 -10.439 -10.901 -11.431 -12.063 -12.454 -13.079 -13.417 -13.484
14.200 -0.010 2.736 -2.192 -5.139 -7.413 -8.294 -9.402 -9.303 -10.285 -10.421 -10.883 -11.413 -12.045 -12.436 -13.061 -13.399 -13.466
14.300 0.008 2.754 -2.174 -5.121 -7.395 -8.276 -9.384 -9.285 -10.267 -10.403 -10.865 -11.395 -12.027 -12.418 -13.043 -13.381 -13.448
14.400 0.026 2.772 -2.157 -5.104 -7.378 -8.259 -9.367 -9.267 -10.249 -10.385 -10.848 -11.377 -12.010 -12.400 -13.026 -13.363 -13.430
14.500 0.043 2.789 -2.139 -5.087 -7.360 -8.241 -9.349 -9.250 -10.232 -10.368 -10.831 -11.360 -11.992 -12.383 -13.008 -13.346 -13.413
14.600 0.060 2.806 -2.122 -5.070 -7.343 -8.224 -9.332 -9.233 -10.215 -10.351 -10.813 -11.343 -11.975 -12.366 -12.991 -13.329 -13.396
14.700 0.077 2.823 -2.106 -5.053 -7.327 -8.208 -9.316 -9.216 -10.198 -10.334 -10.797 -11.326 -11.959 -12.349 -12.975 -13.312 -13.379
14.800 0.093 2.839 -2.089 -5.036 -7.310 -8.191 -9.299 -9.200 -10.182 -10.318 -10.780 -11.310 -11.942 -12.333 -12.958 -13.296 -13.363
14.900 0.110 2.856 -2.073 -5.020 -7.294 -8.175 -9.283 -9.184 -10.165 -10.302 -10.764 -11.294 -11.926 -12.316 -12.942 -13.280 -13.347
15.000 0.126 2.872 -2.057 -5.004 -7.278 -8.159 -9.267 -9.168 -10.149 -10.286 -10.748 -11.278 -11.910 -12.300 -12.926 -13.264 -13.331
