# day W2 M2 W1 u B g V c r w o i z y J H K
0.000 -7.126 -6.983 -6.814 -6.113 -5.789 -5.629 -5.347 -5.458 -5.111 -5.274 -4.980 -4.718 -4.420 -4.189 -3.717 -3.101 -2.528
0.100 -11.975 -12.195 -12.304 -12.507 -12.460 -12.416 -12.322 -12.354 -12.218 -12.262 -12.153 -12.011 -11.828 -11.672 -11.334 -10.842 -10.355
0.200 -12.151 -12.479 -12.710 -13.199 -13.245 -13.239 -13.205 -13.214 -13.143 -13.157 -13.101 -12.996 -12.849 -12.717 -12.424 -11.972 -11.513
0.300 -12.109 -12.506 -12.834 -13.525 -13.641 -13.664 -13.672 -13.667 -13.641 -13.636 -13.616 -13.537 -13.416 -13.302 -13.040 -12.617 -12.180
0.400 -11.989 -12.437 -12.849 -13.705 -13.880 -13.927 -13.972 -13.954 -13.966 -13.946 -13.955 -13.898 -13.799 -13.699 -13.464 -13.065 -12.644
0.500 -11.839 -12.325 -12.813 -13.809 -14.037 -14.106 -14.182 -14.154 -14.200 -14.167 -14.201 -14.162 -14.082 -13.995 -13.782 -13.404 -12.998
0.600 -11.667 -12.182 -12.742 -13.863 -14.141 -14.230 -14.335 -14.297 -14.373 -14.330 -14.386 -14.364 -14.301 -14.226 -14.033 -13.674 -13.282
0.700 -11.481 -12.018 -12.646 -13.881 -14.206 -14.314 -14.446 -14.400 -14.504 -14.453 -14.528 -14.523 -14.476 -14.411 -14.238 -13.897 -13.517
0.800 -11.283 -11.837 -12.531 -13.873 -14.242 -14.369 -14.527 -14.473 -14.604 -14.545 -14.639 -14.649 -14.618 -14.563 -14.409 -14.084 -13.716
0.900 -11.081 -11.646 -12.406 -13.846 -14.258 -14.403 -14.586 -14.526 -14.682 -14.616 -14.727 -14.751 -14.735 -14.691 -14.554 -14.245 -13.888
1.000 -10.868 -11.441 -12.265 -13.800 -14.254 -14.416 -14.624 -14.557 -14.738 -14.666 -14.794 -14.833 -14.831 -14.797 -14.677 -14.384 -14.039
1.100 -10.648 -11.224 -12.112 -13.738 -14.235 -14.414 -14.646 -14.572 -14.778 -14.700 -14.844 -14.897 -14.910 -14.885 -14.783 -14.506 -14.171
1.200 -10.422 -10.997 -11.950 -13.663 -14.201 -14.398 -14.653 -14.574 -14.804 -14.721 -14.880 -14.947 -14.975 -14.960 -14.874 -14.613 -14.288
1.300 -10.188 -10.759 -11.778 -13.575 -14.155 -14.368 -14.648 -14.563 -14.816 -14.730 -14.904 -14.984 -15.027 -15.021 -14.953 -14.707 -14.393
1.400 -9.948 -10.510 -11.596 -13.475 -14.096 -14.327 -14.630 -14.540 -14.817 -14.727 -14.916 -15.010 -15.067 -15.071 -15.021 -14.790 -14.487
1.500 -9.703 -10.250 -11.405 -13.364 -14.027 -14.276 -14.602 -14.507 -14.808 -14.715 -14.917 -15.025 -15.098 -15.112 -15.079 -14.863 -14.571
1.600 -9.449 -9.978 -11.203 -13.241 -13.947 -14.213 -14.564 -14.464 -14.788 -14.693 -14.909 -15.031 -15.118 -15.143 -15.127 -14.928 -14.647
1.700 -9.189 -9.695 -10.993 -13.107 -13.856 -14.141 -14.515 -14.411 -14.758 -14.661 -14.891 -15.027 -15.130 -15.165 -15.168 -14.985 -14.715
1.800 -8.923 -9.401 -10.774 -12.963 -13.757 -14.059 -14.458 -14.349 -14.720 -14.622 -14.865 -15.015 -15.135 -15.180 -15.201 -15.035 -14.776
1.900 -8.651 -9.094 -10.546 -12.808 -13.647 -13.968 -14.391 -14.278 -14.673 -14.575 -14.831 -14.995 -15.131 -15.187 -15.228 -15.078 -14.831
2.000 -8.371 -8.775 -10.309 -12.642 -13.527 -13.867 -14.315 -14.199 -14.618 -14.520 -14.788 -14.967 -15.119 -15.187 -15.247 -15.115 -14.880
2.100 -8.088 -8.445 -10.064 -12.467 -13.399 -13.758 -14.231 -14.112 -14.555 -14.458 -14.738 -14.932 -15.102 -15.181 -15.262 -15.147 -14.924
2.200 -7.796 -8.100 -9.809 -12.280 -13.260 -13.639 -14.138 -14.015 -14.483 -14.388 -14.681 -14.889 -15.077 -15.167 -15.269 -15.173 -14.962
2.300 -7.500 -7.743 -9.547 -12.083 -13.112 -13.512 -14.037 -13.911 -14.404 -14.311 -14.616 -14.840 -15.045 -15.148 -15.272 -15.194 -14.996
2.400 -7.196 -7.371 -9.274 -11.874 -12.954 -13.375 -13.927 -13.798 -14.315 -14.226 -14.543 -14.782 -15.006 -15.122 -15.268 -15.210 -15.026
2.500 -6.890 -6.987 -8.995 -11.655 -12.787 -13.230 -13.809 -13.678 -14.221 -14.136 -14.464 -14.719 -14.963 -15.091 -15.260 -15.222 -15.051
2.600 -6.578 -6.589 -8.707 -11.426 -12.612 -13.077 -13.684 -13.552 -14.120 -14.041 -14.380 -14.651 -14.915 -15.057 -15.248 -15.229 -15.068
2.700 -6.262 -6.176 -8.413 -11.185 -12.428 -12.915 -13.551 -13.418 -14.012 -13.939 -14.289 -14.577 -14.861 -15.017 -15.232 -15.231 -15.082
2.800 -5.941 -5.749 -8.110 -10.933 -12.234 -12.745 -13.411 -13.276 -13.897 -13.831 -14.192 -14.496 -14.802 -14.971 -15.211 -15.229 -15.092
2.900 -5.615 -5.306 -7.800 -10.669 -12.030 -12.566 -13.261 -13.126 -13.774 -13.717 -14.087 -14.409 -14.736 -14.921 -15.185 -15.224 -15.099
3.000 -5.288 -4.850 -7.485 -10.395 -11.819 -12.379 -13.105 -12.970 -13.645 -13.597 -13.978 -14.316 -14.666 -14.865 -15.156 -15.215 -15.103
3.100 -4.956 -4.378 -7.162 -10.110 -11.597 -12.183 -12.941 -12.806 -13.509 -13.471 -13.861 -14.217 -14.590 -14.805 -15.122 -15.203 -15.104
3.200 -4.623 -3.891 -6.835 -9.814 -11.368 -11.980 -12.770 -12.636 -13.366 -13.340 -13.740 -14.112 -14.509 -14.739 -15.084 -15.187 -15.102
3.300 -4.288 -3.391 -6.504 -9.507 -11.130 -11.769 -12.592 -12.459 -13.217 -13.204 -13.613 -14.003 -14.423 -14.670 -15.042 -15.168 -15.097
3.400 -3.950 -2.873 -6.167 -9.189 -10.883 -11.550 -12.407 -12.276 -13.061 -13.063 -13.480 -13.887 -14.332 -14.595 -14.996 -15.145 -15.089
3.500 -3.613 -2.345 -5.829 -8.863 -10.631 -11.327 -12.217 -12.088 -12.902 -12.918 -13.343 -13.768 -14.238 -14.517 -14.947 -15.120 -15.079
3.600 -3.276 -1.802 -5.489 -8.528 -10.372 -11.097 -12.021 -11.896 -12.737 -12.770 -13.201 -13.643 -14.138 -14.435 -14.894 -15.091 -15.066
3.700 -2.941 -1.249 -5.150 -8.186 -10.108 -10.862 -11.821 -11.699 -12.568 -12.618 -13.056 -13.515 -14.036 -14.349 -14.838 -15.060 -15.050
3.800 -2.610 -0.690 -4.814 -7.841 -9.842 -10.625 -11.618 -11.501 -12.396 -12.464 -12.909 -13.384 -13.930 -14.260 -14.779 -15.026 -15.032
3.900 -2.286 -0.129 -4.484 -7.495 -9.576 -10.387 -11.414 -11.301 -12.222 -12.309 -12.760 -13.251 -13.821 -14.169 -14.717 -14.989 -15.012
4.000 -1.971 0.422 -4.163 -7.153 -9.311 -10.151 -11.210 -11.102 -12.048 -12.154 -12.609 -13.116 -13.711 -14.075 -14.653 -14.950 -14.990
4.100 -1.671 0.948 -3.856 -6.821 -9.052 -9.918 -11.008 -10.906 -11.874 -11.999 -12.459 -12.980 -13.598 -13.979 -14.587 -14.909 -14.965
4.200 -1.473 1.273 -3.655 -6.603 -8.876 -9.758 -10.866 -10.766 -11.748 -11.884 -12.347 -12.876 -13.509 -13.899 -14.525 -14.862 -14.929
4.300 -1.421 1.325 -3.603 -6.551 -8.824 -9.705 -10.813 -10.714 -11.696 -11.832 -12.294 -12.824 -13.456 -13.847 -14.472 -14.810 -14.877
4.400 -1.369 1.377 -3.552 -6.499 -8.773 -9.654 -10.762 -10.662 -11.644 -11.780 -12.243 -12.772 -13.405 -13.795 -14.421 -14.758 -14.825
4.500 -1.319 1.428 -3.501 -6.448 -8.722 -9.603 -10.711 -10.612 -11.593 -11.730 -12.192 -12.722 -13.354 -13.744 -14.370 -14.708 -14.775
4.600 -1.269 1.477 -3.451 -6.398 -8.672 -9.553 -10.661 -10.562 -11.544 -11.680 -12.142 -12.672 -13.304 -13.695 -14.320 -14.658 -14.725
4.700 -1.220 1.526 -3.402 -6.350 -8.623 -9.504 -10.612 -10.513 -11.495 -11.631 -12.093 -12.623 -13.255 -13.646 -14.271 -14.609 -14.676
4.800 -1.172 1.574 -3.354 -6.301 -8.575 -9.456 -10.564 -10.465 -11.447 -11.583 -12.045 -12.575 -13.207 -13.598 -14.223 -14.561 -14.628
4.900 -1.125 1.621 -3.307 -6.255 -8.528 -9.410 -10.517 -10.418 -11.400 -11.536 -11.999 -12.528 -13.161 -13.551 -14.177 -14.514 -14.581
5.000 -1.080 1.666 -3.262 -6.209 -8.483 -9.364 -10.472 -10.373 -11.354 -11.491 -11.953 -12.483 -13.115 -13.505 -14.131 -14.469 -14.536
5.100 -1.035 1.711 -3.218 -6.165 -8.439 -9.320 -10.428 -10.329 -11.310 -11.446 -11.909 -12.438 -13.071 -13.461 -14.087 -14.424 -14.492
5.200 -0.992 1.754 -3.175 -6.122 -8.396 -9.277 -10.385 -10.285 -11.267 -11.403 -11.866 -12.395 -13.028 -13.418 -14.044 -14.381 -14.448
5.300 -0.951 1.795 -3.133 -6.080 -8.354 -9.235 -10.343 -10.244 -11.226 -11.362 -11.824 -12.354 -12.986 -13.377 -14.002 -14.340 -14.407
5.400 -0.910 1.836 -3.093 -6.040 -8.314 -9.195 -10.303 -10.204 -11.185 -11.322 -11.784 -12.314 -12.946 -13.336 -13.962 -14.300 -14.367
5.500 -0.872 1.874 -3.054 -6.001 -8.275 -9.156 -10.264 -10.165 -11.146 -11.283 -11.745 -12.275 -12.907 -13.297 -13.923 -14.261 -14.328
5.600 -0.834 1.912 -3.016 -5.964 -8.237 -9.118 -10.226 -10.127 -11.109 -11.245 -11.707 -12.237 -12.869 -13.260 -13.885 -14.223 -14.290
5.700 -0.798 1.948 -2.980 -5.927 -8.201 -9.082 -10.190 -10.091 -11.073 -11.209 -11.671 -12.201 -12.833 -13.224 -13.849 -14.187 -14.254
5.800 -0.763 1.983 -2.945 -5.892 -8.166 -9.047 -10.155 -10.056 -11.038 -11.174 -11.636 -12.166 -12.798 -13.189 -13.814 -14.152 -14.219
5.900 -0.729 2.017 -2.911 -5.859 -8.132 -9.013 -10.121 -10.022 -11.004 -11.140 -11.603 -12.132 -12.765 -13.155 -13.780 -14.118 -14.185
6.000 -0.696 2.050 -2.879 -5.826 -8.100 -8.981 -10.089 -9.990 -10.971 -11.107 -11.570 -12.099 -12.732 -13.122 -13.748 -14.085 -14.153
6.100 -0.665 2.081 -2.847 -5.794 -8.068 -8.949 -10.057 -9.958 -10.940 -11.076 -11.538 -12.068 -12.700 -13.091 -13.716 -14.054 -14.121
6.200 -0.635 2.112 -2.817 -5.764 -8.038 -8.919 -10.027 -9.928 -10.909 -11.046 -11.508 -12.038 -12.670 -13.060 -13.686 -14.024 -14.091
6.300 -0.605 2.141 -2.788 -5.735 -8.009 -8.890 -9.998 -9.899 -10.880 -11.017 -11.479 -12.008 -12.641 -13.031 -13.657 -13.995 -14.062
6.400 -0.577 2.169 -2.759 -5.707 -7.981 -8.862 -9.970 -9.870 -10.852 -10.988 -11.451 -11.980 -12.613 -13.003 -13.629 -13.966 -14.033
6.500 -0.550 2.196 -2.732 -5.679 -7.953 -8.834 -9.942 -9.843 -10.825 -10.961 -11.423 -11.953 -12.585 -12.976 -13.601 -13.939 -14.006
6.600 -0.523 2.223 -2.705 -5.653 -7.927 -8.808 -9.916 -9.816 -10.798 -10.934 -11.397 -11.926 -12.559 -12.949 -13.575 -13.912 -13.979
6.700 -0.497 2.249 -2.680 -5.627 -7.901 -8.782 -9.890 -9.790 -10.772 -10.908 -11.371 -11.900 -12.533 -12.923 -13.549 -13.886 -13.953
6.800 -0.472 2.274 -2.655 -5.602 -7.876 -8.757 -9.865 -9.765 -10.747 -10.883 -11.346 -11.875 -12.508 -12.898 -13.524 -13.861 -13.928
6.900 -0.448 2.298 -2.630 -5.577 -7.851 -8.732 -9.840 -9.741 -10.723 -10.859 -11.321 -11.851 -12.483 -12.874 -13.499 -13.837 -13.904
7.000 -0.424 2.322 -2.606 -5.553 -7.827 -8.708 -9.816 -9.717 -10.699 -10.835 -11.297 -11.827 -12.459 -12.850 -13.475 -13.813 -13.880
7.100 -0.400 2.346 -2.583 -5.530 -7.804 -8.685 -9.793 -9.693 -10.675 -10.811 -11.274 -11.803 -12.436 -12.826 -13.452 -13.789 -13.856
7.200 -0.377 2.369 -2.560 -5.507 -7.781 -8.662 -9.770 -9.670 -10.652 -10.788 -11.251 -11.780 -12.413 -12.803 -13.429 -13.766 -13.833
7.300 -0.355 2.391 -2.537 -5.485 -7.758 -8.639 -9.747 -9.648 -10.630 -10.766 -11.228 -11.758 -12.390 -12.781 -13.406 -13.744 -13.811
7.400 -0.333 2.413 -2.515 -5.462 -7.736 -8.617 -9.725 -9.626 -10.608 -10.744 -11.206 -11.736 -12.368 -12.759 -13.384 -13.722 -13.789
7.500 -0.311 2.435 -2.493 -5.441 -7.714 -8.596 -9.703 -9.604 -10.586 -10.722 -11.185 -11.714 -12.347 -12.737 -13.363 -13.700 -13.767
7.600 -0.289 2.457 -2.472 -5.419 -7.693 -8.574 -9.682 -9.583 -10.564 -10.701 -11.163 -11.692 -12.325 -12.715 -13.341 -13.679 -13.746
7.700 -0.268 2.478 -2.450 -5.398 -7.672 -8.553 -9.661 -9.561 -10.543 -10.679 -11.142 -11.671 -12.304 -12.694 -13.320 -13.657 -13.724
7.800 -0.247 2.499 -2.429 -5.377 -7.651 -8.532 -9.640 -9.540 -10.522 -10.658 -11.121 -11.650 -12.283 -12.673 -13.299 -13.636 -13.703
7.900 -0.226 2.520 -2.409 -5.356 -7.630 -8.511 -9.619 -9.519 -10.501 -10.637 -11.100 -11.629 -12.262 -12.652 -13.278 -13.615 -13.682
8.000 -0.205 2.541 -2.388 -5.335 -7.609 -8.490 -9.598 -9.499 -10.480 -10.617 -11.079 -11.609 -12.241 -12.631 -13.257 -13.595 -13.662
8.100 -0.185 2.561 -2.367 -5.314 -7.588 -8.469 -9.577 -9.478 -10.460 -10.596 -11.058 -11.588 -12.220 -12.611 -13.236 -13.574 -13.641
8.200 -0.164 2.582 -2.346 -5.294 -7.568 -8.449 -9.557 -9.457 -10.439 -10.575 -11.038 -11.567 -12.200 -12.590 -13.216 -13.553 -13.620
8.300 -0.144 2.603 -2.326 -5.273 -7.547 -8.428 -9.536 -9.437 -10.418 -10.555 -11.017 -11.547 -12.179 -12.569 -13.195 -13.533 -13.600
8.400 -0.123 2.623 -2.305 -5.253 -7.527 -8.408 -9.516 -9.416 -10.398 -10.534 -10.997 -11.526 -12.159 -12.549 -13.175 -13.512 -13.579
8.500 -0.103 2.643 -2.285 -5.232 -7.506 -8.387 -9.495 -9.396 -10.378 -10.514 -10.976 -11.506 -12.138 -12.529 -13.154 -13.492 -13.559
8.600 -0.082 2.664 -2.265 -5.212 -7.486 -8.367 -9.475 -9.376 -10.357 -10.494 -10.956 -11.485 -12.118 -12.508 -13.134 -13.472 -13.539
8.700 -0.062 2.684 -2.244 -5.192 -7.465 -8.347 -9.455 -9.355 -10.337 -10.473 -10.936 -11.465 -12.098 -12.488 -13.114 -13.451 -13.518
8.800 -0.042 2.704 -2.224 -5.171 -7.445 -8.326 -9.434 -9.335 -10.317 -10.453 -10.915 -11.445 -12.077 -12.468 -13.093 -13.431 -13.498
8.900 -0.021 2.725 -2.204 -5.151 -7.425 -8.306 -9.414 -9.314 -10.296 -10.432 -10.895 -11.424 -12.057 -12.447 -13.073 -13.410 -13.477
9.000 -0.001 2.745 -2.183 -5.130 -7.404 -8.285 -9.393 -9.294 -10.276 -10.412 -10.874 -11.404 -12.036 -12.427 -13.052 -13.390 -13.457
9.100 0.020 2.766 -2.163 -5.110 -7.384 -8.265 -9.373 -9.273 -10.255 -10.391 -10.854 -11.383 -12.016 -12.406 -13.032 -13.369 -13.437
9.200 0.040 2.786 -2.142 -5.089 -7.363 -8.244 -9.352 -9.253 -10.235 -10.371 -10.833 -11.363 -11.995 -12.386 -13.011 -13.349 -13.416
9.300 0.061 2.807 -2.122 -5.069 -7.343 -8.224 -9.332 -9.232 -10.214 -10.350 -10.813 -11.342 -11.975 -12.365 -12.991 -13.328 -13.395
9.400 0.081 2.827 -2.101 -5.048 -7.322 -8.203 -9.311 -9.212 -10.194 -10.330 -10.792 -11.322 -11.954 -12.345 -12.970 -13.308 -13.375
9.500 0.102 2.848 -2.080 -5.028 -7.301 -8.182 -9.290 -9.191 -10.173 -10.309 -10.772 -11.301 -11.933 -12.324 -12.949 -13.287 -13.354
9.600 0.123 2.869 -2.060 -5.007 -7.281 -8.162 -9.270 -9.170 -10.152 -10.288 -10.751 -11.280 -11.913 -12.303 -12.929 -13.266 -13.333
9.700 0.144 2.890 -2.039 -4.986 -7.260 -8.141 -9.249 -9.150 -10.131 -10.267 -10.730 -11.259 -11.892 -12.282 -12.908 -13.245 -13.313
9.800 0.164 2.911 -2.018 -4.965 -7.239 -8.120 -9.228 -9.129 -10.110 -10.247 -10.709 -11.239 -11.871 -12.261 -12.887 -13.225 -13.292
9.900 0.185 2.931 -1.997 -4.944 -7.218 -8.099 -9.207 -9.108 -10.090 -10.226 -10.688 -11.218 -11.850 -12.241 -12.866 -13.204 -13.271
10.000 0.206 2.952 -1.976 -4.923 -7.197 -8.078 -9.186 -9.087 -10.069 -10.205 -10.667 -11.197 -11.829 -12.220 -12.845 -13.183 -13.250
10.100 0.227 2.973 -1.955 -4.902 -7.176 -8.057 -9.165 -9.066 -10.048 -10.184 -10.646 -11.176 -11.808 -12.199 -12.824 -13.162 -13.229
10.200 0.248 2.994 -1.934 -4.881 -7.155 -8.036 -9.144 -9.045 -10.027 -10.163 -10.625 -11.155 -11.787 -12.178 -12.803 -13.141 -13.208
10.300 0.269 3.015 -1.913 -4.860 -7.134 -8.015 -9.123 -9.024 -10.006 -10.142 -10.604 -11.134 -11.766 -12.157 -12.782 -13.120 -13.187
10.400 0.291 3.037 -1.892 -4.839 -7.113 -7.994 -9.102 -9.003 -9.984 -10.121 -10.583 -11.113 -11.745 -12.135 -12.761 -13.099 -13.166
10.500 0.312 3.058 -1.871 -4.818 -7.092 -7.973 -9.081 -8.982 -9.963 -10.099 -10.562 -11.091 -11.724 -12.114 -12.740 -13.077 -13.145
10.600 0.333 3.079 -1.849 -4.797 -7.071 -7.952 -9.060 -8.960 -9.942 -10.078 -10.541 -11.070 -11.703 -12.093 -12.719 -13.056 -13.123
10.700 0.354 3.100 -1.828 -4.776 -7.049 -7.930 -9.038 -8.939 -9.921 -10.057 -10.519 -11.049 -11.681 -12.072 -12.697 -13.035 -13.102
10.800 0.375 3.122 -1.807 -4.754 -7.028 -7.909 -9.017 -8.918 -9.899 -10.036 -10.498 -11.028 -11.660 -12.050 -12.676 -13.014 -13.081
10.900 0.397 3.143 -1.786 -4.733 -7.007 -7.888 -8.996 -8.896 -9.878 -10.014 -10.477 -11.006 -11.639 -12.029 -12.655 -12.992 -13.059
11.000 0.418 3.164 -1.764 -4.711 -6.985 -7.866 -8.974 -8.875 -9.857 -9.993 -10.455 -10.985 -11.617 -12.008 -12.633 -12.971 -13.038
11.100 0.440 3.186 -1.743 -4.690 -6.964 -7.845 -8.953 -8.854 -9.835 -9.972 -10.434 -10.963 -11.596 -11.986 -12.612 -12.950 -13.017
11.200 0.461 3.207 -1.721 -4.669 -6.942 -7.823 -8.931 -8.832 -9.814 -9.950 -10.412 -10.942 -11.574 -11.965 -12.590 -12.928 -12.995
11.300 0.483 3.229 -1.700 -4.647 -6.921 -7.802 -8.910 -8.811 -9.792 -9.929 -10.391 -10.920 -11.553 -11.943 -12.569 -12.907 -12.974
11.400 0.504 3.250 -1.678 -4.626 -6.899 -7.780 -8.888 -8.789 -9.771 -9.907 -10.370 -10.899 -11.532 -11.922 -12.547 -12.885 -12.952
11.500 0.526 3.272 -1.657 -4.604 -6.878 -7.759 -8.867 -8.768 -9.749 -9.886 -10.348 -10.878 -11.510 -11.900 -12.526 -12.864 -12.931
11.600 0.547 3.293 -1.635 -4.583 -6.857 -7.738 -8.846 -8.746 -9.728 -9.864 -10.327 -10.856 -11.489 -11.879 -12.505 -12.842 -12.909
11.700 0.568 3.314 -1.614 -4.561 -6.835 -7.716 -8.824 -8.725 -9.707 -9.843 -10.305 -10.835 -11.467 -11.858 -12.483 -12.821 -12.888
11.800 0.590 3.336 -1.593 -4.540 -6.814 -7.695 -8.803 -8.703 -9.685 -9.821 -10.284 -10.813 -11.446 -11.836 -12.462 -12.799 -12.866
11.900 0.611 3.357 -1.571 -4.518 -6.792 -7.673 -8.781 -8.682 -9.664 -9.800 -10.262 -10.792 -11.424 -11.815 -12.440 -12.778 -12.845
12.000 0.633 3.379 -1.550 -4.497 -6.771 -7.652 -8.760 -8.661 -9.642 -9.778 -10.241 -10.770 -11.403 -11.793 -12.419 -12.756 -12.824
12.100 0.654 3.400 -1.528 -4.476 -6.749 -7.630 -8.738 -8.639 -9.621 -9.757 -10.219 -10.749 -11.381 -11.772 -12.397 -12.735 -12.802
12.200 0.675 3.422 -1.507 -4.454 -6.728 -7.609 -8.717 -8.618 -9.599 -9.736 -10.198 -10.728 -11.360 -11.750 -12.376 -12.714 -12.781
12.300 0.697 3.443 -1.486 -4.433 -6.707 -7.588 -8.696 -8.596 -9.578 -9.714 -10.177 -10.706 -11.339 -11.729 -12.355 -12.692 -12.759
12.400 0.718 3.464 -1.464 -4.412 -6.685 -7.566 -8.674 -8.575 -9.557 -9.693 -10.155 -10.685 -11.317 -11.708 -12.333 -12.671 -12.738
12.500 0.739 3.485 -1.443 -4.390 -6.664 -7.545 -8.653 -8.554 -9.536 -9.672 -10.134 -10.664 -11.296 -11.687 -12.312 -12.650 -12.717
12.600 0.761 3.507 -1.422 -4.369 -6.643 -7.524 -8.632 -8.533 -9.514 -9.651 -10.113 -10.643 -11.275 -11.665 -12.291 -12.629 -12.696
12.700 0.782 3.528 -1.401 -4.348 -6.622 -7.503 -8.611 -8.512 -9.493 -9.629 -10.092 -10.621 -11.254 -11.644 -12.270 -12.607 -12.675
12.800 0.803 3.549 -1.380 -4.327 -6.601 -7.482 -8.590 -8.490 -9.472 -9.608 -10.071 -10.600 -11.233 -11.623 -12.249 -12.586 -12.653
12.900 0.824 3.570 -1.359 -4.306 -6.580 -7.461 -8.569 -8.469 -9.451 -9.587 -10.050 -10.579 -11.212 -11.602 -12.228 -12.565 -12.632
13.000 0.845 3.591 -1.338 -4.285 -6.559 -7.440 -8.548 -8.449 -9.430 -9.566 -10.029 -10.558 -11.191 -11.581 -12.207 -12.544 -12.612
13.100 0.866 3.612 -1.317 -4.264 -6.538 -7.419 -8.527 -8.428 -9.409 -9.546 -10.008 -10.537 -11.170 -11.560 -12.186 -12.524 -12.591
13.200 0.886 3.632 -1.296 -4.243 -6.517 -7.398 -8.506 -8.407 -9.389 -9.525 -9.987 -10.517 -11.149 -11.540 -12.165 -12.503 -12.570
13.300 0.907 3.653 -1.275 -4.223 -6.496 -7.377 -8.485 -8.386 -9.368 -9.504 -9.967 -10.496 -11.128 -11.519 -12.144 -12.482 -12.549
13.400 0.928 3.674 -1.255 -4.202 -6.476 -7.357 -8.465 -8.366 -9.347 -9.483 -9.946 -10.475 -11.108 -11.498 -12.124 -12.461 -12.529
13.500 0.948 3.694 -1.234 -4.182 -6.455 -7.336 -8.444 -8.345 -9.327 -9.463 -9.925 -10.455 -11.087 -11.478 -12.103 -12.441 -12.508
13.600 0.969 3.715 -1.214 -4.161 -6.435 -7.316 -8.424 -8.325 -9.306 -9.443 -9.905 -10.435 -11.067 -11.457 -12.083 -12.421 -12.488
13.700 0.989 3.735 -1.194 -4.141 -6.415 -7.296 -8.404 -8.304 -9.286 -9.422 -9.885 -10.414 -11.047 -11.437 -12.063 -12.400 -12.467
13.800 1.009 3.755 -1.173 -4.121 -6.394 -7.276 -8.383 -8.284 -9.266 -9.402 -9.865 -10.394 -11.027 -11.417 -12.043 -12.380 -12.447
13.900 1.029 3.775 -1.153 -4.101 -6.374 -7.255 -8.363 -8.264 -9.246 -9.382 -9.845 -10.374 -11.007 -11.397 -12.022 -12.360 -12.427
14.000 1.049 3.795 -1.133 -4.081 -6.354 -7.236 -8.343 -8.244 -9.226 -9.362 -9.825 -10.354 -10.987 -11.377 -12.003 -12.340 -12.407
14.100 1.069 3.815 -1.114 -4.061 -6.335 -7.216 -8.324 -8.224 -9.206 -9.342 -9.805 -10.334 -10.967 -11.357 -11.983 -12.320 -12.387
14.200 1.089 3.835 -1.094 -4.041 -6.315 -7.196 -8.304 -8.205 -9.186 -9.323 -9.785 -10.315 -10.947 -11.337 -11.963 -12.301 -12.368
14.300 1.108 3.854 -1.074 -4.022 -6.295 -7.176 -8.284 -8.185 -9.167 -9.303 -9.766 -10.295 -10.927 -11.318 -11.943 -12.281 -12.348
14.400 1.128 3.874 -1.055 -4.002 -6.276 -7.157 -8.265 -8.166 -9.147 -9.284 -9.746 -10.276 -10.908 -11.298 -11.924 -12.262 -12.329
14.500 1.147 3.893 -1.036 -3.983 -6.257 -7.138 -8.246 -8.146 -9.128 -9.264 -9.727 -10.256 -10.889 -11.279 -11.905 -12.242 -12.309
14.600 1.166 3.912 -1.016 -3.964 -6.238 -7.119 -8.227 -8.127 -9.109 -9.245 -9.708 -10.237 -10.870 -11.260 -11.886 -12.223 -12.290
14.700 1.185 3.931 -0.997 -3.945 -6.219 -7.100 -8.208 -8.108 -9.090 -9.226 -9.689 -10.218 -10.851 -11.241 -11.867 -12.204 -12.271
14.800 1.204 3.950 -0.979 -3.926 -6.200 -7.081 -8.189 -8.089 -9.071 -9.207 -9.670 -10.199 -10.832 -11.222 -11.848 -12.185 -12.252
14.900 1.222 3.969 -0.960 -3.907 -6.181 -7.062 -8.170 -8.071 -9.052 -9.189 -9.651 -10.181 -10.813 -11.203 -11.829 -12.167 -12.234
15.000 1.241 3.987 -0.941 -3.889 -6.162 -7.043 -8.151 -8.052 -9.034 -9.170 -9.633 -10.162 -10.795 -11.185 -11.810 -12.148 -12.215
