# day W2 M2 W1 u B g V c r w o i z y J H K
0.000 -7.537 -7.389 -7.215 -6.498 -6.170 -6.007 -5.722 -5.834 -5.484 -5.649 -5.351 -5.087 -4.788 -4.555 -4.081 -3.463 -2.888
0.100 -12.737 -12.896 -12.956 -13.046 -12.969 -12.912 -12.800 -12.839 -12.682 -12.737 -12.611 -12.457 -12.261 -12.097 -11.745 -11.239 -10.742
0.200 -13.038 -13.288 -13.441 -13.773 -13.778 -13.757 -13.699 -13.717 -13.621 -13.647 -13.571 -13.452 -13.291 -13.150 -12.839 -12.371 -11.901
0.300 -13.069 -13.382 -13.611 -14.120 -14.187 -14.192 -14.174 -14.178 -14.125 -14.132 -14.090 -13.997 -13.862 -13.738 -13.457 -13.017 -12.566
0.400 -13.005 -13.367 -13.663 -14.317 -14.437 -14.463 -14.479 -14.471 -14.454 -14.446 -14.432 -14.360 -14.245 -14.135 -13.880 -13.463 -13.029
0.500 -12.872 -13.277 -13.638 -14.426 -14.595 -14.642 -14.688 -14.669 -14.685 -14.665 -14.676 -14.622 -14.526 -14.428 -14.196 -13.799 -13.380
0.600 -12.685 -13.128 -13.556 -14.472 -14.689 -14.756 -14.832 -14.804 -14.850 -14.819 -14.853 -14.817 -14.738 -14.653 -14.442 -14.064 -13.658
0.700 -12.452 -12.929 -13.427 -14.470 -14.737 -14.824 -14.929 -14.892 -14.969 -14.927 -14.983 -14.964 -14.903 -14.829 -14.638 -14.280 -13.887
0.800 -12.177 -12.684 -13.257 -14.428 -14.746 -14.854 -14.988 -14.942 -15.050 -14.998 -15.076 -15.074 -15.031 -14.969 -14.798 -14.458 -14.077
0.900 -11.863 -12.396 -13.049 -14.351 -14.722 -14.851 -15.016 -14.961 -15.100 -15.040 -15.139 -15.155 -15.130 -15.079 -14.929 -14.607 -14.239
1.000 -11.520 -12.073 -12.813 -14.248 -14.673 -14.826 -15.022 -14.958 -15.129 -15.060 -15.181 -15.214 -15.207 -15.168 -15.039 -14.735 -14.380
1.100 -11.146 -11.711 -12.546 -14.115 -14.598 -14.774 -15.003 -14.930 -15.133 -15.057 -15.199 -15.250 -15.262 -15.235 -15.127 -14.842 -14.500
1.200 -10.753 -11.323 -12.259 -13.961 -14.504 -14.704 -14.966 -14.885 -15.121 -15.037 -15.200 -15.270 -15.301 -15.287 -15.200 -14.934 -14.604
1.300 -10.350 -10.914 -11.955 -13.788 -14.392 -14.617 -14.911 -14.823 -15.092 -15.002 -15.186 -15.274 -15.324 -15.323 -15.258 -15.012 -14.695
1.400 -9.953 -10.501 -11.649 -13.604 -14.268 -14.518 -14.845 -14.750 -15.051 -14.957 -15.159 -15.266 -15.336 -15.347 -15.305 -15.078 -14.775
1.500 -9.569 -10.089 -11.342 -13.410 -14.134 -14.407 -14.766 -14.665 -14.997 -14.900 -15.121 -15.246 -15.336 -15.360 -15.341 -15.133 -14.844
1.600 -9.220 -9.708 -11.056 -13.221 -14.000 -14.296 -14.685 -14.578 -14.939 -14.841 -15.078 -15.221 -15.330 -15.366 -15.370 -15.182 -14.905
1.700 -8.899 -9.350 -10.785 -13.032 -13.862 -14.179 -14.597 -14.485 -14.874 -14.775 -15.027 -15.186 -15.314 -15.364 -15.389 -15.221 -14.959
1.800 -8.613 -9.028 -10.537 -12.853 -13.728 -14.065 -14.508 -14.392 -14.806 -14.708 -14.973 -15.148 -15.294 -15.356 -15.403 -15.255 -15.006
1.900 -8.362 -8.742 -10.317 -12.688 -13.603 -13.957 -14.423 -14.304 -14.741 -14.643 -14.920 -15.109 -15.272 -15.345 -15.414 -15.284 -15.048
2.000 -8.124 -8.469 -10.107 -12.528 -13.481 -13.850 -14.337 -14.216 -14.673 -14.577 -14.864 -15.066 -15.245 -15.330 -15.418 -15.307 -15.085
2.100 -7.901 -8.208 -9.908 -12.376 -13.363 -13.748 -14.254 -14.130 -14.606 -14.512 -14.809 -15.023 -15.217 -15.312 -15.420 -15.327 -15.117
2.200 -7.699 -7.968 -9.729 -12.239 -13.258 -13.655 -14.179 -14.054 -14.546 -14.455 -14.760 -14.985 -15.193 -15.297 -15.422 -15.344 -15.144
2.300 -7.495 -7.722 -9.547 -12.100 -13.152 -13.563 -14.104 -13.978 -14.486 -14.398 -14.710 -14.946 -15.167 -15.280 -15.422 -15.358 -15.167
2.400 -7.289 -7.468 -9.363 -11.958 -13.044 -13.469 -14.028 -13.899 -14.425 -14.339 -14.659 -14.905 -15.139 -15.262 -15.419 -15.368 -15.186
2.500 -7.090 -7.219 -9.183 -11.820 -12.939 -13.378 -13.954 -13.825 -14.366 -14.283 -14.610 -14.866 -15.113 -15.243 -15.416 -15.378 -15.204
2.600 -6.897 -6.972 -9.008 -11.685 -12.838 -13.290 -13.883 -13.752 -14.309 -14.228 -14.562 -14.828 -15.087 -15.225 -15.412 -15.387 -15.222
2.700 -6.699 -6.714 -8.827 -11.542 -12.730 -13.197 -13.808 -13.675 -14.248 -14.171 -14.512 -14.787 -15.058 -15.205 -15.406 -15.394 -15.237
2.800 -6.496 -6.446 -8.639 -11.392 -12.618 -13.099 -13.728 -13.595 -14.184 -14.111 -14.458 -14.744 -15.027 -15.182 -15.398 -15.398 -15.250
2.900 -6.292 -6.173 -8.449 -11.238 -12.501 -12.998 -13.645 -13.511 -14.117 -14.048 -14.402 -14.698 -14.993 -15.157 -15.388 -15.401 -15.261
3.000 -6.096 -5.905 -8.265 -11.087 -12.388 -12.900 -13.566 -13.431 -14.054 -13.988 -14.349 -14.655 -14.963 -15.135 -15.379 -15.403 -15.270
3.100 -5.898 -5.630 -8.078 -10.932 -12.272 -12.799 -13.485 -13.350 -13.989 -13.929 -14.296 -14.612 -14.932 -15.112 -15.369 -15.403 -15.275
3.200 -5.694 -5.344 -7.883 -10.767 -12.148 -12.692 -13.397 -13.262 -13.918 -13.863 -14.237 -14.564 -14.898 -15.086 -15.357 -15.401 -15.278
3.300 -5.487 -5.048 -7.684 -10.596 -12.019 -12.579 -13.304 -13.169 -13.843 -13.794 -14.174 -14.511 -14.859 -15.056 -15.342 -15.397 -15.281
3.400 -5.277 -4.744 -7.480 -10.417 -11.883 -12.460 -13.206 -13.071 -13.763 -13.720 -14.107 -14.455 -14.817 -15.024 -15.325 -15.391 -15.282
3.500 -5.072 -4.443 -7.281 -10.240 -11.748 -12.342 -13.108 -12.973 -13.682 -13.647 -14.039 -14.398 -14.774 -14.990 -15.307 -15.386 -15.284
3.600 -4.868 -4.137 -7.080 -10.059 -11.610 -12.221 -13.007 -12.873 -13.599 -13.571 -13.969 -14.339 -14.729 -14.954 -15.287 -15.379 -15.285
3.700 -4.659 -3.822 -6.874 -9.871 -11.466 -12.094 -12.901 -12.767 -13.511 -13.491 -13.895 -14.275 -14.680 -14.915 -15.265 -15.370 -15.284
3.800 -4.447 -3.497 -6.664 -9.675 -11.315 -11.961 -12.789 -12.657 -13.418 -13.406 -13.816 -14.207 -14.627 -14.873 -15.240 -15.359 -15.282
3.900 -4.231 -3.163 -6.449 -9.472 -11.159 -11.822 -12.673 -12.541 -13.321 -13.318 -13.732 -14.135 -14.571 -14.827 -15.212 -15.346 -15.278
4.000 -4.012 -2.819 -6.230 -9.262 -10.997 -11.678 -12.551 -12.421 -13.218 -13.225 -13.645 -14.059 -14.511 -14.777 -15.181 -15.330 -15.272
4.100 -3.797 -2.475 -6.013 -9.051 -10.834 -11.534 -12.428 -12.300 -13.115 -13.132 -13.556 -13.981 -14.449 -14.727 -15.150 -15.314 -15.266
4.200 -3.582 -2.129 -5.797 -8.838 -10.669 -11.387 -12.303 -12.177 -13.010 -13.036 -13.466 -13.902 -14.386 -14.674 -15.116 -15.297 -15.260
4.300 -3.365 -1.774 -5.577 -8.618 -10.499 -11.235 -12.173 -12.049 -12.900 -12.938 -13.372 -13.819 -14.319 -14.619 -15.081 -15.278 -15.251
4.400 -3.145 -1.411 -5.354 -8.392 -10.323 -11.079 -12.039 -11.917 -12.786 -12.835 -13.273 -13.732 -14.249 -14.560 -15.042 -15.257 -15.241
4.500 -2.921 -1.039 -5.127 -8.158 -10.141 -10.916 -11.899 -11.781 -12.667 -12.728 -13.171 -13.640 -14.175 -14.498 -15.001 -15.234 -15.230
4.600 -2.696 -0.660 -4.897 -7.920 -9.955 -10.750 -11.756 -11.640 -12.544 -12.618 -13.065 -13.546 -14.098 -14.433 -14.958 -15.208 -15.217
4.700 -2.467 -0.273 -4.665 -7.675 -9.764 -10.578 -11.607 -11.495 -12.417 -12.504 -12.955 -13.447 -14.017 -14.364 -14.911 -15.181 -15.202
4.800 -2.240 0.114 -4.433 -7.428 -9.571 -10.405 -11.457 -11.348 -12.288 -12.389 -12.843 -13.346 -13.934 -14.294 -14.863 -15.152 -15.186
4.900 -2.015 0.499 -4.204 -7.181 -9.377 -10.231 -11.305 -11.200 -12.157 -12.272 -12.730 -13.244 -13.850 -14.222 -14.814 -15.122 -15.170
5.000 -1.790 0.884 -3.974 -6.931 -9.181 -10.053 -11.151 -11.050 -12.024 -12.153 -12.614 -13.139 -13.763 -14.147 -14.762 -15.091 -15.152
5.100 -1.665 1.080 -3.847 -6.795 -9.068 -9.949 -11.057 -10.958 -11.940 -12.076 -12.538 -13.068 -13.700 -14.090 -14.716 -15.054 -15.121
5.200 -1.624 1.122 -3.806 -6.753 -9.027 -9.908 -11.016 -10.917 -11.898 -12.034 -12.497 -13.026 -13.659 -14.049 -14.675 -15.012 -15.079
5.300 -1.581 1.164 -3.764 -6.711 -8.985 -9.866 -10.973 -10.874 -11.856 -11.992 -12.454 -12.984 -13.616 -14.007 -14.632 -14.970 -15.037
5.400 -1.538 1.207 -3.721 -6.668 -8.942 -9.823 -10.931 -10.831 -11.813 -11.949 -12.412 -12.941 -13.574 -13.964 -14.589 -14.927 -14.994
5.500 -1.495 1.251 -3.677 -6.625 -8.898 -9.779 -10.887 -10.788 -11.769 -11.906 -12.368 -12.897 -13.530 -13.920 -14.546 -14.883 -14.950
5.600 -1.451 1.295 -3.633 -6.580 -8.854 -9.735 -10.843 -10.744 -11.725 -11.862 -12.324 -12.853 -13.486 -13.876 -14.502 -14.839 -14.906
5.700 -1.407 1.339 -3.589 -6.537 -8.810 -9.691 -10.799 -10.700 -11.682 -11.818 -12.280 -12.810 -13.442 -13.832 -14.458 -14.795 -14.862
5.800 -1.363 1.382 -3.546 -6.493 -8.767 -9.648 -10.755 -10.656 -11.638 -11.774 -12.236 -12.766 -13.398 -13.789 -14.414 -14.752 -14.819
5.900 -1.319 1.426 -3.502 -6.449 -8.723 -9.604 -10.711 -10.612 -11.594 -11.730 -12.192 -12.722 -13.354 -13.745 -14.370 -14.708 -14.775
6.000 -1.275 1.471 -3.457 -6.405 -8.678 -9.559 -10.667 -10.568 -11.549 -11.686 -12.148 -12.678 -13.310 -13.700 -14.326 -14.663 -14.730
6.100 -1.230 1.515 -3.413 -6.360 -8.634 -9.515 -10.622 -10.523 -11.505 -11.641 -12.103 -12.633 -13.265 -13.656 -14.281 -14.619 -14.686
6.200 -1.185 1.560 -3.368 -6.315 -8.589 -9.470 -10.577 -10.478 -11.460 -11.596 -12.058 -12.588 -13.220 -13.611 -14.236 -14.574 -14.641
6.300 -1.140 1.606 -3.322 -6.270 -8.543 -9.424 -10.532 -10.433 -11.415 -11.551 -12.013 -12.543 -13.175 -13.565 -14.191 -14.528 -14.596
6.400 -1.095 1.651 -3.277 -6.225 -8.498 -9.379 -10.487 -10.388 -11.369 -11.506 -11.968 -12.498 -13.130 -13.520 -14.146 -14.483 -14.550
6.500 -1.049 1.696 -3.232 -6.179 -8.453 -9.334 -10.442 -10.342 -11.324 -11.460 -11.923 -12.452 -13.085 -13.475 -14.100 -14.438 -14.505
6.600 -1.004 1.741 -3.187 -6.134 -8.408 -9.289 -10.396 -10.297 -11.279 -11.415 -11.877 -12.407 -13.039 -13.430 -14.055 -14.393 -14.460
6.700 -0.959 1.786 -3.142 -6.089 -8.363 -9.244 -10.352 -10.252 -11.234 -11.370 -11.833 -12.362 -12.994 -13.385 -14.010 -14.348 -14.415
6.800 -0.915 1.831 -3.097 -6.045 -8.318 -9.199 -10.307 -10.208 -11.190 -11.326 -11.788 -12.318 -12.950 -13.340 -13.966 -14.303 -14.371
6.900 -0.871 1.875 -3.053 -6.001 -8.274 -9.155 -10.263 -10.164 -11.145 -11.282 -11.744 -12.274 -12.906 -13.296 -13.922 -14.259 -14.326
7.000 -0.827 1.919 -3.009 -5.957 -8.230 -9.111 -10.219 -10.120 -11.102 -11.238 -11.700 -12.230 -12.862 -13.252 -13.878 -14.215 -14.282
7.100 -0.783 1.962 -2.966 -5.913 -8.187 -9.068 -10.175 -10.076 -11.058 -11.194 -11.656 -12.186 -12.818 -13.209 -13.834 -14.172 -14.239
7.200 -0.740 2.006 -2.922 -5.870 -8.143 -9.024 -10.132 -10.033 -11.014 -11.151 -11.613 -12.143 -12.775 -13.165 -13.791 -14.128 -14.195
7.300 -0.697 2.049 -2.879 -5.826 -8.100 -8.981 -10.089 -9.990 -10.971 -11.108 -11.570 -12.099 -12.732 -13.122 -13.748 -14.085 -14.152
7.400 -0.654 2.092 -2.836 -5.784 -8.057 -8.938 -10.046 -9.947 -10.929 -11.065 -11.527 -12.057 -12.689 -13.079 -13.705 -14.043 -14.110
7.500 -0.612 2.134 -2.794 -5.742 -8.015 -8.896 -10.004 -9.905 -10.886 -11.023 -11.485 -12.014 -12.647 -13.037 -13.663 -14.000 -14.067
7.600 -0.570 2.176 -2.752 -5.700 -7.973 -8.854 -9.962 -9.863 -10.845 -10.981 -11.443 -11.973 -12.605 -12.995 -13.621 -13.959 -14.026
7.700 -0.529 2.217 -2.711 -5.658 -7.932 -8.813 -9.921 -9.822 -10.803 -10.940 -11.402 -11.931 -12.564 -12.954 -13.580 -13.917 -13.984
7.800 -0.488 2.258 -2.670 -5.618 -7.891 -8.772 -9.880 -9.781 -10.763 -10.899 -11.361 -11.891 -12.523 -12.913 -13.539 -13.876 -13.944
7.900 -0.448 2.298 -2.630 -5.578 -7.851 -8.732 -9.840 -9.741 -10.723 -10.859 -11.321 -11.851 -12.483 -12.873 -13.499 -13.836 -13.904
8.000 -0.409 2.337 -2.591 -5.538 -7.812 -8.693 -9.801 -9.702 -10.683 -10.820 -11.282 -11.811 -12.444 -12.834 -13.460 -13.797 -13.864
8.100 -0.370 2.375 -2.552 -5.500 -7.773 -8.654 -9.762 -9.663 -10.645 -10.781 -11.243 -11.773 -12.405 -12.795 -13.421 -13.759 -13.826
8.200 -0.332 2.413 -2.515 -5.462 -7.736 -8.617 -9.724 -9.625 -10.607 -10.743 -11.205 -11.735 -12.367 -12.758 -13.383 -13.721 -13.788
8.300 -0.295 2.451 -2.477 -5.425 -7.698 -8.579 -9.687 -9.588 -10.570 -10.706 -11.168 -11.698 -12.330 -12.720 -13.346 -13.683 -13.750
8.400 -0.258 2.487 -2.441 -5.388 -7.662 -8.543 -9.651 -9.551 -10.533 -10.669 -11.132 -11.661 -12.293 -12.684 -13.309 -13.647 -13.714
8.500 -0.222 2.523 -2.405 -5.352 -7.626 -8.507 -9.615 -9.515 -10.497 -10.633 -11.096 -11.625 -12.257 -12.648 -13.273 -13.611 -13.678
8.600 -0.187 2.558 -2.369 -5.317 -7.590 -8.471 -9.579 -9.480 -10.462 -10.598 -11.060 -11.590 -12.222 -12.612 -13.238 -13.576 -13.643
8.700 -0.153 2.593 -2.335 -5.282 -7.556 -8.437 -9.545 -9.446 -10.427 -10.563 -11.026 -11.555 -12.188 -12.578 -13.204 -13.541 -13.608
8.800 -0.119 2.627 -2.301 -5.248 -7.522 -8.403 -9.511 -9.412 -10.393 -10.530 -10.992 -11.521 -12.154 -12.544 -13.170 -13.507 -13.574
8.900 -0.086 2.660 -2.268 -5.215 -7.489 -8.370 -9.478 -9.379 -10.360 -10.496 -10.959 -11.488 -12.121 -12.511 -13.137 -13.474 -13.541
9.000 -0.053 2.692 -2.236 -5.183 -7.457 -8.338 -9.445 -9.346 -10.328 -10.464 -10.926 -11.456 -12.088 -12.479 -13.104 -13.442 -13.509
9.100 -0.021 2.724 -2.204 -5.151 -7.425 -8.306 -9.414 -9.314 -10.296 -10.432 -10.895 -11.424 -12.056 -12.447 -13.072 -13.410 -13.477
9.200 0.010 2.755 -2.173 -5.120 -7.394 -8.275 -9.383 -9.283 -10.265 -10.401 -10.864 -11.393 -12.025 -12.416 -13.041 -13.379 -13.446
9.300 0.040 2.785 -2.142 -5.090 -7.363 -8.244 -9.352 -9.253 -10.235 -10.371 -10.833 -11.363 -11.995 -12.385 -13.011 -13.349 -13.416
9.400 0.070 2.815 -2.113 -5.060 -7.334 -8.215 -9.323 -9.223 -10.205 -10.341 -10.804 -11.333 -11.966 -12.356 -12.981 -13.319 -13.386
9.500 0.098 2.844 -2.084 -5.031 -7.305 -8.186 -9.294 -9.195 -10.176 -10.312 -10.775 -11.304 -11.937 -12.327 -12.953 -13.290 -13.357
9.600 0.127 2.872 -2.056 -5.003 -7.277 -8.158 -9.266 -9.166 -10.148 -10.284 -10.747 -11.276 -11.908 -12.299 -12.924 -13.262 -13.329
9.700 0.154 2.900 -2.028 -4.975 -7.249 -8.130 -9.238 -9.139 -10.120 -10.257 -10.719 -11.248 -11.881 -12.271 -12.897 -13.234 -13.301
9.800 0.181 2.927 -2.001 -4.948 -7.222 -8.103 -9.211 -9.112 -10.093 -10.229 -10.692 -11.221 -11.854 -12.244 -12.870 -13.207 -13.274
9.900 0.208 2.953 -1.975 -4.922 -7.196 -8.077 -9.185 -9.085 -10.067 -10.203 -10.666 -11.195 -11.827 -12.218 -12.843 -13.181 -13.248
10.000 0.234 2.979 -1.949 -4.896 -7.170 -8.051 -9.159 -9.059 -10.041 -10.177 -10.640 -11.169 -11.802 -12.192 -12.817 -13.155 -13.222
10.100 0.259 3.004 -1.924 -4.871 -7.145 -8.026 -9.133 -9.034 -10.016 -10.152 -10.614 -11.144 -11.776 -12.167 -12.792 -13.130 -13.197
10.200 0.284 3.029 -1.899 -4.846 -7.120 -8.001 -9.109 -9.009 -9.991 -10.127 -10.590 -11.119 -11.751 -12.142 -12.767 -13.105 -13.172
10.300 0.308 3.053 -1.875 -4.822 -7.096 -7.977 -9.084 -8.985 -9.967 -10.103 -10.565 -11.095 -11.727 -12.118 -12.743 -13.081 -13.148
10.400 0.332 3.077 -1.851 -4.798 -7.072 -7.953 -9.061 -8.961 -9.943 -10.079 -10.542 -11.071 -11.704 -12.094 -12.719 -13.057 -13.124
10.500 0.355 3.100 -1.828 -4.775 -7.049 -7.930 -9.038 -8.938 -9.920 -10.056 -10.519 -11.048 -11.680 -12.071 -12.696 -13.034 -13.101
10.600 0.377 3.123 -1.805 -4.752 -7.026 -7.907 -9.015 -8.916 -9.897 -10.033 -10.496 -11.025 -11.658 -12.048 -12.673 -13.011 -13.078
10.700 0.400 3.145 -1.783 -4.730 -7.004 -7.885 -8.993 -8.893 -9.875 -10.011 -10.474 -11.003 -11.635 -12.026 -12.651 -12.989 -13.056
10.800 0.422 3.167 -1.761 -4.708 -6.982 -7.863 -8.971 -8.871 -9.853 -9.989 -10.452 -10.981 -11.613 -12.004 -12.629 -12.967 -13.034
10.900 0.443 3.189 -1.739 -4.687 -6.960 -7.841 -8.949 -8.850 -9.832 -9.968 -10.430 -10.960 -11.592 -11.982 -12.608 -12.945 -13.013
11.000 0.464 3.210 -1.718 -4.666 -6.939 -7.820 -8.928 -8.829 -9.811 -9.947 -10.409 -10.939 -11.571 -11.961 -12.587 -12.924 -12.991
11.100 0.485 3.230 -1.698 -4.645 -6.919 -7.800 -8.908 -8.808 -9.790 -9.926 -10.389 -10.918 -11.550 -11.941 -12.566 -12.904 -12.971
11.200 0.505 3.251 -1.677 -4.625 -6.898 -7.779 -8.887 -8.788 -9.770 -9.906 -10.368 -10.898 -11.530 -11.920 -12.546 -12.884 -12.951
11.300 0.525 3.270 -1.657 -4.605 -6.878 -7.759 -8.867 -8.768 -9.750 -9.886 -10.348 -10.878 -11.510 -11.900 -12.526 -12.864 -12.931
11.400 0.544 3.290 -1.638 -4.585 -6.859 -7.740 -8.848 -8.748 -9.730 -9.866 -10.329 -10.858 -11.491 -11.881 -12.506 -12.844 -12.911
11.500 0.564 3.309 -1.619 -4.566 -6.840 -7.721 -8.828 -8.729 -9.711 -9.847 -10.309 -10.839 -11.471 -11.862 -12.487 -12.825 -12.892
11.600 0.583 3.328 -1.600 -4.547 -6.821 -7.702 -8.810 -8.710 -9.692 -9.828 -10.291 -10.820 -11.452 -11.843 -12.468 -12.806 -12.873
11.700 0.601 3.347 -1.581 -4.528 -6.802 -7.683 -8.791 -8.692 -9.673 -9.809 -10.272 -10.801 -11.434 -11.824 -12.450 -12.787 -12.854
11.800 0.620 3.365 -1.563 -4.510 -6.784 -7.665 -8.772 -8.673 -9.655 -9.791 -10.253 -10.783 -11.415 -11.806 -12.431 -12.769 -12.836
11.900 0.638 3.383 -1.544 -4.492 -6.765 -7.646 -8.754 -8.655 -9.637 -9.773 -10.235 -10.765 -11.397 -11.787 -12.413 -12.751 -12.818
12.000 0.656 3.401 -1.527 -4.474 -6.748 -7.629 -8.736 -8.637 -9.619 -9.755 -10.217 -10.747 -11.379 -11.770 -12.395 -12.733 -12.800
12.100 0.673 3.419 -1.509 -4.456 -6.730 -7.611 -8.719 -8.620 -9.601 -9.737 -10.200 -10.729 -11.362 -11.752 -12.378 -12.715 -12.782
12.200 0.691 3.436 -1.492 -4.439 -6.713 -7.594 -8.702 -8.602 -9.584 -9.720 -10.183 -10.712 -11.344 -11.735 -12.360 -12.698 -12.765
12.300 0.708 3.453 -1.475 -4.422 -6.695 -7.576 -8.684 -8.585 -9.567 -9.703 -10.165 -10.695 -11.327 -11.717 -12.343 -12.681 -12.748
12.400 0.725 3.470 -1.458 -4.405 -6.679 -7.560 -8.667 -8.568 -9.550 -9.686 -10.148 -10.678 -11.310 -11.701 -12.326 -12.664 -12.731
12.500 0.742 3.487 -1.441 -4.388 -6.662 -7.543 -8.651 -8.551 -9.533 -9.669 -10.132 -10.661 -11.294 -11.684 -12.309 -12.647 -12.714
12.600 0.758 3.504 -1.424 -4.372 -6.645 -7.526 -8.634 -8.535 -9.517 -9.653 -10.115 -10.645 -11.277 -11.667 -12.293 -12.630 -12.698
12.700 0.774 3.520 -1.408 -4.355 -6.629 -7.510 -8.618 -8.519 -9.500 -9.636 -10.099 -10.628 -11.261 -11.651 -12.277 -12.614 -12.681
12.800 0.790 3.536 -1.392 -4.339 -6.613 -7.494 -8.602 -8.503 -9.484 -9.620 -10.083 -10.612 -11.245 -11.635 -12.260 -12.598 -12.665
12.900 0.806 3.552 -1.376 -4.323 -6.597 -7.478 -8.586 -8.487 -9.468 -9.604 -10.067 -10.596 -11.229 -11.619 -12.245 -12.582 -12.649
13.000 0.822 3.568 -1.360 -4.308 -6.581 -7.462 -8.570 -8.471 -9.452 -9.589 -10.051 -10.581 -11.213 -11.603 -12.229 -12.566 -12.633
13.100 0.838 3.583 -1.345 -4.292 -6.566 -7.447 -8.554 -8.455 -9.437 -9.573 -10.035 -10.565 -11.197 -11.588 -12.213 -12.551 -12.618
13.200 0.853 3.599 -1.329 -4.277 -6.550 -7.431 -8.539 -8.440 -9.421 -9.558 -10.020 -10.549 -11.182 -11.572 -12.198 -12.535 -12.602
13.300 0.868 3.614 -1.314 -4.261 -6.535 -7.416 -8.524 -8.424 -9.406 -9.542 -10.005 -10.534 -11.167 -11.557 -12.182 -12.520 -12.587
13.400 0.884 3.629 -1.299 -4.246 -6.520 -7.401 -8.509 -8.409 -9.391 -9.527 -9.990 -10.519 -11.151 -11.542 -12.167 -12.505 -12.572
13.500 0.899 3.644 -1.284 -4.231 -6.505 -7.386 -8.494 -8.394 -9.376 -9.512 -9.975 -10.504 -11.136 -11.527 -12.152 -12.490 -12.557
13.600 0.913 3.659 -1.269 -4.216 -6.490 -7.371 -8.479 -8.380 -9.361 -9.497 -9.960 -10.489 -11.122 -11.512 -12.138 -12.475 -12.542
13.700 0.928 3.674 -1.254 -4.202 -6.475 -7.356 -8.464 -8.365 -9.347 -9.483 -9.945 -10.475 -11.107 -11.497 -12.123 -12.460 -12.527
13.800 0.943 3.688 -1.240 -4.187 -6.461 -7.342 -8.450 -8.350 -9.332 -9.468 -9.931 -10.460 -11.092 -11.483 -12.108 -12.446 -12.513
13.900 0.957 3.703 -1.225 -4.173 -6.446 -7.327 -8.435 -8.336 -9.318 -9.454 -9.916 -10.446 -11.078 -11.468 -12.094 -12.431 -12.498
14.000 0.971 3.717 -1.211 -4.158 -6.432 -7.313 -8.421 -8.322 -9.303 -9.439 -9.902 -10.431 -11.064 -11.454 -12.080 -12.417 -12.484
14.100 0.986 3.731 -1.197 -4.144 -6.418 -7.299 -8.407 -8.307 -9.289 -9.425 -9.888 -10.417 -11.050 -11.440 -12.065 -12.403 -12.470
14.200 1.000 3.745 -1.183 -4.130 -6.404 -7.285 -8.393 -8.293 -9.275 -9.411 -9.874 -10.403 -11.036 -11.426 -12.051 -12.389 -12.456
14.300 1.013 3.759 -1.169 -4.116 -6.390 -7.271 -8.379 -8.280 -9.261 -9.397 -9.860 -10.389 -11.022 -11.412 -12.037 -12.375 -12.442
14.400 1.027 3.773 -1.155 -4.102 -6.376 -7.257 -8.365 -8.266 -9.247 -9.384 -9.846 -10.375 -11.008 -11.398 -12.024 -12.361 -12.428
14.500 1.041 3.787 -1.141 -4.089 -6.362 -7.243 -8.351 -8.252 -9.234 -9.370 -9.832 -10.362 -10.994 -11.384 -12.010 -12.348 -12.415
14.600 1.055 3.800 -1.128 -4.075 -6.349 -7.230 -8.338 -8.238 -9.220 -9.356 -9.819 -10.348 -10.981 -11.371 -11.996 -12.334 -12.401
14.700 1.068 3.814 -1.114 -4.062 -6.335 -7.216 -8.324 -8.225 -9.207 -9.343 -9.805 -10.335 -10.967 -11.357 -11.983 -12.321 -12.388
14.800 1.081 3.827 -1.101 -4.048 -6.322 -7.203 -8.311 -8.212 -9.193 -9.329 -9.792 -10.321 -10.954 -11.344 -11.970 -12.307 -12.374
14.900 1.095 3.840 -1.088 -4.035 -6.309 -7.190 -8.298 -8.198 -9.180 -9.316 -9.779 -10.308 -10.940 -11.331 -11.956 -12.294 -12.361
15.000 1.108 3.853 -1.075 -4.022 -6.296 -7.177 -8.285 -8.185 -9.167 -9.303 -9.766 -10.295 -10.927 -11.318 -11.943 -12.281 -12.348
