# day W2 M2 W1 u B g V c r w o i z y J H K
0.000 -7.352 -7.213 -7.045 -6.353 -6.031 -5.871 -5.590 -5.700 -5.355 -5.517 -5.224 -4.962 -4.665 -4.434 -3.963 -3.348 -2.774
0.100 -11.958 -12.188 -12.323 -12.613 -12.602 -12.573 -12.503 -12.525 -12.413 -12.445 -12.356 -12.225 -12.051 -11.901 -11.572 -11.086 -10.602
0.200 -12.087 -12.410 -12.658 -13.218 -13.310 -13.324 -13.322 -13.320 -13.282 -13.282 -13.252 -13.165 -13.035 -12.913 -12.635 -12.194 -11.743
0.300 -11.988 -12.377 -12.718 -13.476 -13.643 -13.690 -13.737 -13.718 -13.734 -13.713 -13.724 -13.669 -13.571 -13.470 -13.230 -12.824 -12.395
0.400 -11.846 -12.280 -12.700 -13.612 -13.839 -13.912 -13.997 -13.966 -14.024 -13.989 -14.031 -14.001 -13.928 -13.845 -13.636 -13.258 -12.849
0.500 -11.650 -12.122 -12.618 -13.669 -13.951 -14.048 -14.167 -14.126 -14.220 -14.173 -14.242 -14.234 -14.185 -14.117 -13.936 -13.583 -13.192
0.600 -11.405 -11.909 -12.482 -13.667 -14.003 -14.123 -14.275 -14.224 -14.353 -14.297 -14.390 -14.402 -14.374 -14.321 -14.166 -13.837 -13.462
0.700 -11.111 -11.641 -12.297 -13.615 -14.008 -14.150 -14.336 -14.276 -14.439 -14.373 -14.490 -14.522 -14.516 -14.477 -14.347 -14.041 -13.682
0.800 -10.765 -11.315 -12.061 -13.518 -13.970 -14.137 -14.356 -14.287 -14.485 -14.412 -14.551 -14.604 -14.619 -14.594 -14.490 -14.206 -13.863
0.900 -10.369 -10.931 -11.778 -13.378 -13.894 -14.087 -14.343 -14.265 -14.499 -14.418 -14.581 -14.654 -14.691 -14.681 -14.603 -14.342 -14.015
1.000 -9.924 -10.488 -11.448 -13.197 -13.782 -14.004 -14.298 -14.211 -14.483 -14.396 -14.582 -14.677 -14.736 -14.742 -14.690 -14.453 -14.141
1.100 -9.436 -9.987 -11.075 -12.979 -13.639 -13.890 -14.225 -14.129 -14.440 -14.348 -14.557 -14.675 -14.759 -14.780 -14.756 -14.543 -14.248
1.200 -8.921 -9.441 -10.671 -12.730 -13.469 -13.752 -14.128 -14.024 -14.376 -14.280 -14.512 -14.652 -14.761 -14.799 -14.803 -14.615 -14.337
1.300 -8.394 -8.861 -10.246 -12.456 -13.277 -13.593 -14.012 -13.900 -14.292 -14.195 -14.449 -14.612 -14.747 -14.801 -14.835 -14.673 -14.412
1.400 -7.880 -8.274 -9.821 -12.170 -13.072 -13.421 -13.881 -13.763 -14.195 -14.097 -14.372 -14.558 -14.719 -14.790 -14.854 -14.717 -14.474
1.500 -7.401 -7.707 -9.412 -11.881 -12.861 -13.242 -13.742 -13.619 -14.087 -13.992 -14.285 -14.494 -14.680 -14.768 -14.861 -14.751 -14.526
1.600 -6.973 -7.186 -9.034 -11.600 -12.652 -13.062 -13.599 -13.472 -13.975 -13.883 -14.192 -14.422 -14.632 -14.737 -14.860 -14.776 -14.568
1.700 -6.601 -6.726 -8.696 -11.337 -12.452 -12.888 -13.458 -13.328 -13.862 -13.774 -14.098 -14.347 -14.580 -14.701 -14.852 -14.793 -14.603
1.800 -6.277 -6.321 -8.396 -11.094 -12.265 -12.723 -13.323 -13.191 -13.753 -13.671 -14.007 -14.273 -14.528 -14.663 -14.840 -14.803 -14.628
1.900 -5.987 -5.954 -8.125 -10.869 -12.090 -12.569 -13.196 -13.063 -13.649 -13.573 -13.920 -14.202 -14.478 -14.627 -14.827 -14.809 -14.645
2.000 -5.718 -5.607 -7.872 -10.657 -11.924 -12.423 -13.074 -12.940 -13.548 -13.479 -13.835 -14.131 -14.426 -14.588 -14.811 -14.811 -14.659
2.100 -5.464 -5.272 -7.632 -10.454 -11.765 -12.282 -12.956 -12.822 -13.451 -13.389 -13.752 -14.062 -14.375 -14.549 -14.793 -14.812 -14.671
2.200 -5.215 -4.934 -7.395 -10.252 -11.608 -12.143 -12.840 -12.705 -13.354 -13.298 -13.670 -13.993 -14.323 -14.508 -14.774 -14.810 -14.681
2.300 -4.969 -4.593 -7.160 -10.050 -11.452 -12.005 -12.723 -12.588 -13.258 -13.209 -13.587 -13.922 -14.269 -14.466 -14.752 -14.806 -14.689
2.400 -4.722 -4.241 -6.921 -9.843 -11.291 -11.863 -12.604 -12.469 -13.158 -13.116 -13.502 -13.850 -14.213 -14.422 -14.728 -14.801 -14.696
2.500 -4.475 -3.882 -6.681 -9.631 -11.128 -11.718 -12.483 -12.348 -13.057 -13.023 -13.415 -13.775 -14.156 -14.376 -14.703 -14.793 -14.701
2.600 -4.226 -3.513 -6.438 -9.412 -10.960 -11.571 -12.359 -12.224 -12.953 -12.928 -13.327 -13.699 -14.097 -14.328 -14.676 -14.783 -14.702
2.700 -3.978 -3.133 -6.193 -9.189 -10.791 -11.422 -12.236 -12.102 -12.852 -12.836 -13.242 -13.627 -14.041 -14.284 -14.649 -14.769 -14.696
2.800 -3.725 -2.740 -5.942 -8.956 -10.614 -11.267 -12.106 -11.974 -12.745 -12.738 -13.151 -13.549 -13.981 -14.234 -14.619 -14.754 -14.690
2.900 -3.468 -2.334 -5.685 -8.712 -10.428 -11.103 -11.968 -11.837 -12.630 -12.635 -13.053 -13.464 -13.915 -14.180 -14.585 -14.737 -14.682
3.000 -3.209 -1.917 -5.425 -8.461 -10.235 -10.932 -11.824 -11.696 -12.510 -12.526 -12.951 -13.375 -13.844 -14.123 -14.549 -14.718 -14.674
3.100 -2.944 -1.487 -5.159 -8.198 -10.033 -10.754 -11.672 -11.547 -12.382 -12.412 -12.842 -13.280 -13.768 -14.060 -14.509 -14.697 -14.664
3.200 -2.677 -1.045 -4.888 -7.927 -9.824 -10.568 -11.514 -11.391 -12.249 -12.291 -12.727 -13.179 -13.688 -13.993 -14.465 -14.673 -14.653
3.300 -2.406 -0.591 -4.613 -7.647 -9.608 -10.375 -11.349 -11.229 -12.109 -12.166 -12.607 -13.073 -13.602 -13.921 -14.418 -14.646 -14.640
3.400 -2.130 -0.124 -4.332 -7.356 -9.383 -10.174 -11.176 -11.060 -11.962 -12.035 -12.481 -12.960 -13.510 -13.844 -14.367 -14.617 -14.625
3.500 -1.853 0.349 -4.050 -7.059 -9.152 -9.968 -10.999 -10.887 -11.810 -11.899 -12.350 -12.843 -13.415 -13.763 -14.313 -14.585 -14.608
3.600 -1.574 0.830 -3.765 -6.755 -8.915 -9.755 -10.814 -10.707 -11.652 -11.757 -12.213 -12.719 -13.314 -13.677 -14.254 -14.550 -14.588
3.700 -1.293 1.313 -3.479 -6.445 -8.672 -9.536 -10.624 -10.521 -11.488 -11.611 -12.071 -12.591 -13.207 -13.587 -14.192 -14.512 -14.567
3.800 -1.080 1.667 -3.262 -6.209 -8.483 -9.364 -10.472 -10.373 -11.354 -11.491 -11.953 -12.483 -13.115 -13.505 -14.131 -14.469 -14.536
3.900 -1.028 1.718 -3.211 -6.158 -8.432 -9.313 -10.421 -10.322 -11.303 -11.439 -11.902 -12.431 -13.064 -13.454 -14.080 -14.417 -14.485
4.000 -0.976 1.770 -3.158 -6.106 -8.379 -9.260 -10.368 -10.269 -11.251 -11.387 -11.849 -12.379 -13.011 -13.402 -14.027 -14.365 -14.432
4.100 -0.923 1.823 -3.105 -6.052 -8.326 -9.207 -10.315 -10.216 -11.198 -11.334 -11.796 -12.326 -12.958 -13.349 -13.974 -14.312 -14.379
4.200 -0.869 1.877 -3.051 -5.999 -8.272 -9.153 -10.261 -10.162 -11.144 -11.280 -11.742 -12.272 -12.904 -13.295 -13.920 -14.258 -14.325
4.300 -0.814 1.932 -2.997 -5.944 -8.218 -9.099 -10.207 -10.107 -11.089 -11.225 -11.688 -12.217 -12.850 -13.240 -13.866 -14.203 -14.271
4.400 -0.759 1.987 -2.941 -5.889 -8.162 -9.044 -10.151 -10.052 -11.034 -11.170 -11.633 -12.162 -12.795 -13.185 -13.811 -14.148 -14.215
4.500 -0.704 2.042 -2.886 -5.833 -8.107 -8.988 -10.096 -9.997 -10.979 -11.115 -11.577 -12.107 -12.739 -13.130 -13.755 -14.093 -14.160
4.600 -0.648 2.098 -2.830 -5.778 -8.051 -8.932 -10.040 -9.941 -10.923 -11.059 -11.521 -12.051 -12.683 -13.074 -13.699 -14.037 -14.104
4.700 -0.592 2.154 -2.774 -5.722 -7.995 -8.876 -9.984 -9.885 -10.867 -11.003 -11.466 -11.995 -12.628 -13.018 -13.644 -13.981 -14.048
4.800 -0.536 2.210 -2.718 -5.666 -7.939 -8.820 -9.928 -9.829 -10.811 -10.947 -11.409 -11.939 -12.571 -12.962 -13.587 -13.925 -13.992
4.900 -0.480 2.266 -2.662 -5.610 -7.883 -8.765 -9.872 -9.773 -10.755 -10.891 -11.354 -11.883 -12.516 -12.906 -13.532 -13.869 -13.936
5.000 -0.425 2.321 -2.607 -5.554 -7.828 -8.709 -9.817 -9.718 -10.699 -10.836 -11.298 -11.828 -12.460 -12.850 -13.476 -13.814 -13.881
5.100 -0.369 2.377 -2.552 -5.499 -7.773 -8.654 -9.762 -9.663 -10.644 -10.781 -11.243 -11.772 -12.405 -12.795 -13.421 -13.759 -13.826
5.200 -0.315 2.431 -2.497 -5.444 -7.718 -8.599 -9.707 -9.608 -10.590 -10.726 -11.188 -11.718 -12.350 -12.741 -13.366 -13.704 -13.771
5.300 -0.261 2.485 -2.443 -5.390 -7.664 -8.545 -9.653 -9.554 -10.536 -10.672 -11.134 -11.664 -12.296 -12.687 -13.312 -13.650 -13.717
5.400 -0.207 2.539 -2.390 -5.337 -7.611 -8.492 -9.600 -9.500 -10.482 -10.618 -11.081 -11.610 -12.243 -12.633 -13.259 -13.596 -13.664
5.500 -0.155 2.591 -2.337 -5.284 -7.558 -8.439 -9.547 -9.448 -10.430 -10.566 -11.028 -11.558 -12.190 -12.581 -13.206 -13.544 -13.611
5.600 -0.103 2.643 -2.285 -5.233 -7.507 -8.388 -9.496 -9.396 -10.378 -10.514 -10.977 -11.506 -12.139 -12.529 -13.155 -13.492 -13.559
5.700 -0.052 2.694 -2.235 -5.182 -7.456 -8.337 -9.445 -9.346 -10.327 -10.464 -10.926 -11.455 -12.088 -12.478 -13.104 -13.442 -13.509
5.800 -0.003 2.743 -2.185 -5.132 -7.406 -8.287 -9.395 -9.296 -10.278 -10.414 -10.876 -11.406 -12.038 -12.429 -13.054 -13.392 -13.459
5.900 0.046 2.792 -2.137 -5.084 -7.358 -8.239 -9.347 -9.248 -10.229 -10.365 -10.828 -11.357 -11.990 -12.380 -13.006 -13.343 -13.411
6.000 0.093 2.839 -2.089 -5.037 -7.310 -8.191 -9.299 -9.200 -10.182 -10.318 -10.781 -11.310 -11.943 -12.333 -12.959 -13.296 -13.363
6.100 0.139 2.885 -2.043 -4.990 -7.264 -8.145 -9.253 -9.154 -10.136 -10.272 -10.734 -11.264 -11.896 -12.287 -12.912 -13.250 -13.317
6.200 0.184 2.930 -1.998 -4.945 -7.219 -8.100 -9.208 -9.109 -10.091 -10.227 -10.689 -11.219 -11.851 -12.242 -12.867 -13.205 -13.272
6.300 0.228 2.974 -1.954 -4.902 -7.175 -8.057 -9.165 -9.065 -10.047 -10.183 -10.646 -11.175 -11.808 -12.198 -12.824 -13.161 -13.228
6.400 0.270 3.017 -1.912 -4.859 -7.133 -8.014 -9.122 -9.023 -10.004 -10.141 -10.603 -11.133 -11.765 -12.155 -12.781 -13.119 -13.186
6.500 0.312 3.058 -1.871 -4.818 -7.092 -7.973 -9.081 -8.981 -9.963 -10.099 -10.562 -11.091 -11.724 -12.114 -12.740 -13.077 -13.144
6.600 0.352 3.098 -1.830 -4.778 -7.051 -7.933 -9.040 -8.941 -9.923 -10.059 -10.522 -11.051 -11.684 -12.074 -12.700 -13.037 -13.104
6.700 0.391 3.137 -1.791 -4.739 -7.013 -7.894 -9.002 -8.902 -9.884 -10.020 -10.483 -11.012 -11.645 -12.035 -12.661 -12.998 -13.065
6.800 0.429 3.175 -1.754 -4.701 -6.975 -7.856 -8.964 -8.864 -9.846 -9.982 -10.445 -10.974 -11.607 -11.997 -12.623 -12.960 -13.027
6.900 0.466 3.212 -1.717 -4.664 -6.938 -7.819 -8.927 -8.828 -9.809 -9.946 -10.408 -10.938 -11.570 -11.960 -12.586 -12.924 -12.991
7.000 0.501 3.247 -1.681 -4.629 -6.902 -7.783 -8.891 -8.792 -9.774 -9.910 -10.372 -10.902 -11.534 -11.925 -12.550 -12.888 -12.955
7.100 0.536 3.282 -1.647 -4.594 -6.868 -7.749 -8.857 -8.757 -9.739 -9.875 -10.338 -10.867 -11.500 -11.890 -12.516 -12.853 -12.920
7.200 0.569 3.315 -1.613 -4.560 -6.834 -7.715 -8.823 -8.724 -9.705 -9.842 -10.304 -10.834 -11.466 -11.856 -12.482 -12.820 -12.887
7.300 0.602 3.348 -1.580 -4.528 -6.801 -7.682 -8.790 -8.691 -9.673 -9.809 -10.271 -10.801 -11.433 -11.824 -12.449 -12.787 -12.854
7.400 0.634 3.380 -1.548 -4.496 -6.770 -7.651 -8.759 -8.659 -9.641 -9.777 -10.240 -10.769 -11.402 -11.792 -12.418 -12.755 -12.822
7.500 0.665 3.411 -1.517 -4.465 -6.739 -7.620 -8.728 -8.628 -9.610 -9.746 -10.209 -10.738 -11.371 -11.761 -12.387 -12.724 -12.791
7.600 0.695 3.441 -1.487 -4.435 -6.708 -7.589 -8.697 -8.598 -9.580 -9.716 -10.179 -10.708 -11.340 -11.731 -12.356 -12.694 -12.761
7.700 0.725 3.471 -1.458 -4.405 -6.679 -7.560 -8.668 -8.569 -9.550 -9.687 -10.149 -10.679 -11.311 -11.701 -12.327 -12.665 -12.732
7.800 0.753 3.499 -1.429 -4.376 -6.650 -7.531 -8.639 -8.540 -9.522 -9.658 -10.120 -10.650 -11.282 -11.673 -12.298 -12.636 -12.703
7.900 0.781 3.527 -1.401 -4.348 -6.622 -7.503 -8.611 -8.512 -9.494 -9.630 -10.092 -10.622 -11.254 -11.645 -12.270 -12.608 -12.675
8.000 0.809 3.555 -1.374 -4.321 -6.595 -7.476 -8.584 -8.485 -9.466 -9.603 -10.065 -10.594 -11.227 -11.617 -12.243 -12.581 -12.648
8.100 0.835 3.582 -1.347 -4.294 -6.568 -7.449 -8.557 -8.458 -9.439 -9.576 -10.038 -10.568 -11.200 -11.590 -12.216 -12.554 -12.621
8.200 0.862 3.608 -1.321 -4.268 -6.542 -7.423 -8.531 -8.432 -9.413 -9.549 -10.012 -10.541 -11.174 -11.564 -12.190 -12.527 -12.595
8.300 0.887 3.633 -1.295 -4.242 -6.516 -7.397 -8.505 -8.406 -9.387 -9.524 -9.986 -10.516 -11.148 -11.538 -12.164 -12.502 -12.569
8.400 0.913 3.659 -1.270 -4.217 -6.491 -7.372 -8.480 -8.381 -9.362 -9.499 -9.961 -10.490 -11.123 -11.513 -12.139 -12.477 -12.544
8.500 0.937 3.683 -1.245 -4.192 -6.466 -7.347 -8.455 -8.356 -9.337 -9.474 -9.936 -10.466 -11.098 -11.488 -12.114 -12.452 -12.519
8.600 0.962 3.708 -1.221 -4.168 -6.442 -7.323 -8.431 -8.331 -9.313 -9.449 -9.912 -10.441 -11.074 -11.464 -12.090 -12.427 -12.494
8.700 0.986 3.732 -1.197 -4.144 -6.418 -7.299 -8.407 -8.308 -9.289 -9.425 -9.888 -10.417 -11.050 -11.440 -12.066 -12.403 -12.471
8.800 1.009 3.755 -1.173 -4.120 -6.394 -7.275 -8.383 -8.284 -9.266 -9.402 -9.864 -10.394 -11.026 -11.417 -12.042 -12.380 -12.447
8.900 1.032 3.778 -1.150 -4.097 -6.371 -7.252 -8.360 -8.261 -9.243 -9.379 -9.841 -10.371 -11.003 -11.394 -12.019 -12.357 -12.424
9.000 1.055 3.801 -1.127 -4.075 -6.348 -7.229 -8.337 -8.238 -9.220 -9.356 -9.818 -10.348 -10.980 -11.371 -11.996 -12.334 -12.401
9.100 1.078 3.824 -1.105 -4.052 -6.326 -7.207 -8.315 -8.216 -9.197 -9.334 -9.796 -10.325 -10.958 -11.348 -11.974 -12.312 -12.379
9.200 1.100 3.846 -1.083 -4.030 -6.304 -7.185 -8.293 -8.193 -9.175 -9.311 -9.774 -10.303 -10.936 -11.326 -11.952 -12.289 -12.356
9.300 1.122 3.868 -1.061 -4.008 -6.282 -7.163 -8.271 -8.172 -9.153 -9.290 -9.752 -10.281 -10.914 -11.304 -11.930 -12.268 -12.335
9.400 1.143 3.889 -1.039 -3.987 -6.260 -7.141 -8.249 -8.150 -9.132 -9.268 -9.730 -10.260 -10.892 -11.283 -11.908 -12.246 -12.313
9.500 1.164 3.910 -1.018 -3.965 -6.239 -7.120 -8.228 -8.129 -9.110 -9.247 -9.709 -10.239 -10.871 -11.261 -11.887 -12.225 -12.292
9.600 1.185 3.931 -0.997 -3.944 -6.218 -7.099 -8.207 -8.108 -9.089 -9.226 -9.688 -10.218 -10.850 -11.240 -11.866 -12.204 -12.271
9.700 1.206 3.952 -0.976 -3.923 -6.197 -7.078 -8.186 -8.087 -9.069 -9.205 -9.667 -10.197 -10.829 -11.220 -11.845 -12.183 -12.250
9.800 1.227 3.973 -0.956 -3.903 -6.177 -7.058 -8.166 -8.067 -9.048 -9.184 -9.647 -10.176 -10.809 -11.199 -11.825 -12.162 -12.230
9.900 1.247 3.993 -0.935 -3.883 -6.156 -7.038 -8.145 -8.046 -9.028 -9.164 -9.627 -10.156 -10.789 -11.179 -11.805 -12.142 -12.209
10.000 1.267 4.013 -0.915 -3.863 -6.136 -7.018 -8.125 -8.026 -9.008 -9.144 -9.607 -10.136 -10.769 -11.159 -11.785 -12.122 -12.189
10.100 1.287 4.033 -0.896 -3.843 -6.117 -6.998 -8.106 -8.006 -8.988 -9.124 -9.587 -10.116 -10.749 -11.139 -11.765 -12.102 -12.169
10.200 1.306 4.052 -0.876 -3.823 -6.097 -6.978 -8.086 -7.987 -8.969 -9.105 -9.567 -10.097 -10.729 -11.119 -11.745 -12.083 -12.150
10.300 1.326 4.072 -0.857 -3.804 -6.078 -6.959 -8.067 -7.967 -8.949 -9.085 -9.548 -10.077 -10.710 -11.100 -11.726 -12.063 -12.130
10.400 1.345 4.091 -0.837 -3.785 -6.058 -6.940 -8.047 -7.948 -8.930 -9.066 -9.529 -10.058 -10.691 -11.081 -11.707 -12.044 -12.111
10.500 1.364 4.110 -0.818 -3.766 -6.039 -6.921 -8.028 -7.929 -8.911 -9.047 -9.510 -10.039 -10.672 -11.062 -11.688 -12.025 -12.092
10.600 1.383 4.129 -0.800 -3.747 -6.021 -6.902 -8.010 -7.910 -8.892 -9.028 -9.491 -10.020 -10.653 -11.043 -11.669 -12.006 -12.073
10.700 1.401 4.147 -0.781 -3.728 -6.002 -6.883 -7.991 -7.892 -8.874 -9.010 -9.472 -10.002 -10.634 -11.025 -11.650 -11.988 -12.055
10.800 1.420 4.166 -0.763 -3.710 -5.984 -6.865 -7.973 -7.873 -8.855 -8.991 -9.454 -9.983 -10.616 -11.006 -11.632 -11.969 -12.036
10.900 1.438 4.184 -0.744 -3.692 -5.965 -6.846 -7.954 -7.855 -8.837 -8.973 -9.436 -9.965 -10.597 -10.988 -11.613 -11.951 -12.018
11.000 1.456 4.202 -0.726 -3.674 -5.947 -6.828 -7.936 -7.837 -8.819 -8.955 -9.417 -9.947 -10.579 -10.970 -11.595 -11.933 -12.000
11.100 1.474 4.220 -0.708 -3.656 -5.929 -6.810 -7.918 -7.819 -8.801 -8.937 -9.400 -9.929 -10.562 -10.952 -11.577 -11.915 -11.982
11.200 1.492 4.238 -0.691 -3.638 -5.912 -6.793 -7.901 -7.801 -8.783 -8.919 -9.382 -9.911 -10.544 -10.934 -11.560 -11.897 -11.964
11.300 1.509 4.255 -0.673 -3.620 -5.894 -6.775 -7.883 -7.784 -8.766 -8.902 -9.364 -9.894 -10.526 -10.917 -11.542 -11.880 -11.947
11.400 1.527 4.273 -0.656 -3.603 -5.877 -6.758 -7.866 -7.766 -8.748 -8.884 -9.347 -9.876 -10.509 -10.899 -11.525 -11.862 -11.929
11.500 1.544 4.290 -0.638 -3.586 -5.859 -6.740 -7.848 -7.749 -8.731 -8.867 -9.330 -9.859 -10.492 -10.882 -11.507 -11.845 -11.912
11.600 1.561 4.307 -0.621 -3.569 -5.842 -6.723 -7.831 -7.732 -8.714 -8.850 -9.312 -9.842 -10.474 -10.865 -11.490 -11.828 -11.895
11.700 1.578 4.324 -0.604 -3.552 -5.825 -6.706 -7.814 -7.715 -8.697 -8.833 -9.295 -9.825 -10.457 -10.848 -11.473 -11.811 -11.878
11.800 1.595 4.341 -0.587 -3.535 -5.809 -6.690 -7.798 -7.698 -8.680 -8.816 -9.279 -9.808 -10.441 -10.831 -11.457 -11.794 -11.861
11.900 1.612 4.358 -0.571 -3.518 -5.792 -6.673 -7.781 -7.682 -8.663 -8.800 -9.262 -9.791 -10.424 -10.814 -11.440 -11.778 -11.845
12.000 1.628 4.374 -0.554 -3.502 -5.775 -6.656 -7.764 -7.665 -8.647 -8.783 -9.245 -9.775 -10.407 -10.798 -11.423 -11.761 -11.828
12.100 1.645 4.391 -0.538 -3.485 -5.759 -6.640 -7.748 -7.649 -8.630 -8.767 -9.229 -9.759 -10.391 -10.781 -11.407 -11.745 -11.812
12.200 1.661 4.407 -0.522 -3.469 -5.743 -6.624 -7.732 -7.632 -8.614 -8.750 -9.213 -9.742 -10.375 -10.765 -11.391 -11.728 -11.795
12.300 1.677 4.423 -0.505 -3.453 -5.727 -6.608 -7.716 -7.616 -8.598 -8.734 -9.197 -9.726 -10.359 -10.749 -11.375 -11.712 -11.779
12.400 1.693 4.439 -0.490 -3.437 -5.711 -6.592 -7.700 -7.600 -8.582 -8.718 -9.181 -9.710 -10.343 -10.733 -11.359 -11.696 -11.763
12.500 1.709 4.455 -0.474 -3.421 -5.695 -6.576 -7.684 -7.584 -8.566 -8.702 -9.165 -9.694 -10.327 -10.717 -11.343 -11.680 -11.747
12.600 1.724 4.471 -0.458 -3.405 -5.679 -6.560 -7.668 -7.569 -8.550 -8.687 -9.149 -9.679 -10.311 -10.701 -11.327 -11.665 -11.732
12.700 1.740 4.486 -0.442 -3.390 -5.663 -6.544 -7.652 -7.553 -8.535 -8.671 -9.134 -9.663 -10.295 -10.686 -11.311 -11.649 -11.716
12.800 1.756 4.502 -0.427 -3.374 -5.648 -6.529 -7.637 -7.538 -8.519 -8.656 -9.118 -9.648 -10.280 -10.670 -11.296 -11.634 -11.701
12.900 1.771 4.517 -0.411 -3.359 -5.633 -6.514 -7.622 -7.522 -8.504 -8.640 -9.103 -9.632 -10.265 -10.655 -11.281 -11.618 -11.685
13.000 1.786 4.532 -0.396 -3.344 -5.617 -6.498 -7.606 -7.507 -8.489 -8.625 -9.087 -9.617 -10.249 -10.640 -11.265 -11.603 -11.670
13.100 1.801 4.547 -0.381 -3.328 -5.602 -6.483 -7.591 -7.492 -8.474 -8.610 -9.072 -9.602 -10.234 -10.625 -11.250 -11.588 -11.655
13.200 1.816 4.562 -0.366 -3.313 -5.587 -6.468 -7.576 -7.477 -8.459 -8.595 -9.057 -9.587 -10.219 -10.610 -11.235 -11.573 -11.640
13.300 1.831 4.577 -0.351 -3.298 -5.572 -6.453 -7.561 -7.462 -8.444 -8.580 -9.042 -9.572 -10.204 -10.595 -11.220 -11.558 -11.625
13.400 1.846 4.592 -0.336 -3.284 -5.557 -6.438 -7.546 -7.447 -8.429 -8.565 -9.028 -9.557 -10.190 -10.580 -11.206 -11.543 -11.610
13.500 1.861 4.607 -0.322 -3.269 -5.543 -6.424 -7.532 -7.433 -8.414 -8.550 -9.013 -9.542 -10.175 -10.565 -11.191 -11.528 -11.596
13.600 1.875 4.621 -0.307 -3.254 -5.528 -6.409 -7.517 -7.418 -8.400 -8.536 -8.998 -9.528 -10.160 -10.551 -11.176 -11.514 -11.581
13.700 1.890 4.636 -0.293 -3.240 -5.514 -6.395 -7.503 -7.403 -8.385 -8.521 -8.984 -9.513 -10.146 -10.536 -11.162 -11.499 -11.566
13.800 1.904 4.650 -0.278 -3.226 -5.499 -6.380 -7.488 -7.389 -8.371 -8.507 -8.969 -9.499 -10.131 -10.522 -11.147 -11.485 -11.552
13.900 1.918 4.664 -0.264 -3.211 -5.485 -6.366 -7.474 -7.375 -8.357 -8.493 -8.955 -9.485 -10.117 -10.508 -11.133 -11.471 -11.538
14.000 1.933 4.679 -0.250 -3.197 -5.471 -6.352 -7.460 -7.361 -8.342 -8.479 -8.941 -9.471 -10.103 -10.493 -11.119 -11.457 -11.524
14.100 1.947 4.693 -0.236 -3.183 -5.457 -6.338 -7.446 -7.347 -8.328 -8.465 -8.927 -9.456 -10.089 -10.479 -11.105 -11.443 -11.510
14.200 1.961 4.707 -0.222 -3.169 -5.443 -6.324 -7.432 -7.333 -8.314 -8.451 -8.913 -9.443 -10.075 -10.465 -11.091 -11.429 -11.496
14.300 1.974 4.720 -0.208 -3.155 -5.429 -6.310 -7.418 -7.319 -8.300 -8.437 -8.899 -9.429 -10.061 -10.451 -11.077 -11.415 -11.482
14.400 1.988 4.734 -0.194 -3.141 -5.415 -6.296 -7.404 -7.305 -8.287 -8.423 -8.885 -9.415 -10.047 -10.438 -11.063 -11.401 -11.468
14.500 2.002 4.748 -0.180 -3.128 -5.402 -6.283 -7.391 -7.291 -8.273 -8.409 -8.872 -9.401 -10.034 -10.424 -11.050 -11.387 -11.454
14.600 2.015 4.762 -0.167 -3.114 -5.388 -6.269 -7.377 -7.278 -8.259 -8.396 -8.858 -9.388 -10.020 -10.410 -11.036 -11.374 -11.441
14.700 2.029 4.775 -0.153 -3.101 -5.374 -6.256 -7.364 -7.264 -8.246 -8.382 -8.845 -9.374 -10.007 -10.397 -11.023 -11.360 -11.427
14.800 2.042 4.788 -0.140 -3.087 -5.361 -6.242 -7.350 -7.251 -8.233 -8.369 -8.831 -9.361 -9.993 -10.384 -11.009 -11.347 -11.414
14.900 2.056 4.802 -0.127 -3.074 -5.348 -6.229 -7.337 -7.238 -8.219 -8.355 -8.818 -9.347 -9.980 -10.370 -10.996 -11.333 -11.401
15.000 2.069 4.815 -0.113 -3.061 -5.335 -6.216 -7.324 -7.224 -8.206 -8.342 -8.805 -9.334 -9.967 -10.357 -10.983 -11.320 -11.387
