# day W2 M2 W1 u B g V c r w o i z y J H K
0.000 -6.851 -6.725 -6.563 -5.897 -5.582 -5.425 -5.149 -5.258 -4.917 -5.076 -4.788 -4.529 -4.235 -4.006 -3.538 -2.925 -2.354
0.100 -10.453 -10.828 -11.127 -11.759 -11.849 -11.858 -11.844 -11.846 -11.792 -11.797 -11.753 -11.653 -11.506 -11.372 -11.072 -10.609 -10.141
0.200 -10.249 -10.731 -11.220 -12.227 -12.461 -12.531 -12.606 -12.577 -12.619 -12.585 -12.614 -12.568 -12.473 -12.374 -12.132 -11.722 -11.289
0.300 -9.966 -10.499 -11.133 -12.389 -12.728 -12.842 -12.980 -12.932 -13.040 -12.984 -13.062 -13.053 -12.998 -12.924 -12.726 -12.354 -11.947
0.400 -9.690 -10.250 -11.003 -12.449 -12.871 -13.020 -13.209 -13.147 -13.307 -13.237 -13.350 -13.373 -13.348 -13.295 -13.133 -12.793 -12.407
0.500 -9.418 -9.989 -10.849 -12.451 -12.945 -13.125 -13.357 -13.283 -13.487 -13.408 -13.550 -13.599 -13.602 -13.567 -13.437 -13.124 -12.757
0.600 -9.165 -9.735 -10.693 -12.425 -12.984 -13.190 -13.459 -13.377 -13.619 -13.533 -13.699 -13.771 -13.798 -13.779 -13.677 -13.389 -13.039
0.700 -8.929 -9.491 -10.538 -12.383 -12.999 -13.229 -13.532 -13.442 -13.718 -13.627 -13.814 -13.906 -13.955 -13.951 -13.875 -13.609 -13.274
0.800 -8.708 -9.256 -10.387 -12.331 -12.999 -13.251 -13.584 -13.488 -13.794 -13.699 -13.905 -14.014 -14.084 -14.093 -14.041 -13.796 -13.475
0.900 -8.496 -9.025 -10.236 -12.269 -12.986 -13.259 -13.619 -13.518 -13.852 -13.755 -13.976 -14.103 -14.191 -14.213 -14.183 -13.958 -13.650
1.000 -8.285 -8.790 -10.080 -12.195 -12.959 -13.251 -13.638 -13.532 -13.892 -13.794 -14.030 -14.172 -14.279 -14.313 -14.304 -14.098 -13.802
1.100 -8.098 -8.576 -9.939 -12.126 -12.932 -13.243 -13.653 -13.543 -13.926 -13.828 -14.077 -14.233 -14.357 -14.402 -14.413 -14.224 -13.940
1.200 -7.906 -8.354 -9.790 -12.045 -12.894 -13.222 -13.655 -13.542 -13.947 -13.849 -14.110 -14.281 -14.420 -14.476 -14.507 -14.335 -14.063
1.300 -7.732 -8.146 -9.652 -11.968 -12.856 -13.200 -13.655 -13.538 -13.965 -13.867 -14.139 -14.322 -14.477 -14.543 -14.592 -14.436 -14.175
1.400 -7.552 -7.930 -9.507 -11.882 -12.808 -13.169 -13.645 -13.525 -13.972 -13.875 -14.158 -14.353 -14.523 -14.599 -14.667 -14.527 -14.277
1.500 -7.393 -7.733 -9.377 -11.803 -12.766 -13.141 -13.636 -13.514 -13.979 -13.884 -14.175 -14.383 -14.566 -14.652 -14.736 -14.611 -14.371
1.600 -7.223 -7.522 -9.235 -11.712 -12.711 -13.101 -13.616 -13.492 -13.975 -13.882 -14.183 -14.402 -14.599 -14.694 -14.795 -14.686 -14.456
1.700 -7.068 -7.324 -9.104 -11.627 -12.660 -13.064 -13.597 -13.471 -13.972 -13.881 -14.190 -14.419 -14.630 -14.734 -14.851 -14.756 -14.536
1.800 -6.915 -7.127 -8.973 -11.539 -12.606 -13.024 -13.574 -13.447 -13.964 -13.875 -14.192 -14.432 -14.655 -14.768 -14.901 -14.820 -14.610
1.900 -6.758 -6.923 -8.836 -11.444 -12.545 -12.977 -13.545 -13.416 -13.949 -13.864 -14.187 -14.438 -14.674 -14.796 -14.945 -14.878 -14.677
2.000 -6.612 -6.729 -8.708 -11.354 -12.487 -12.932 -13.517 -13.386 -13.935 -13.853 -14.183 -14.443 -14.692 -14.822 -14.986 -14.933 -14.741
2.100 -6.470 -6.538 -8.582 -11.263 -12.428 -12.886 -13.486 -13.355 -13.919 -13.839 -14.176 -14.446 -14.706 -14.844 -15.023 -14.983 -14.801
2.200 -6.323 -6.337 -8.450 -11.165 -12.362 -12.833 -13.450 -13.317 -13.896 -13.820 -14.163 -14.442 -14.715 -14.861 -15.055 -15.028 -14.856
2.300 -6.178 -6.138 -8.318 -11.066 -12.294 -12.778 -13.411 -13.278 -13.872 -13.799 -14.148 -14.436 -14.721 -14.875 -15.084 -15.071 -14.907
2.400 -6.045 -5.950 -8.196 -10.972 -12.231 -12.727 -13.375 -13.241 -13.849 -13.780 -14.135 -14.431 -14.727 -14.889 -15.112 -15.111 -14.956
2.500 -5.906 -5.753 -8.067 -10.872 -12.161 -12.669 -13.333 -13.199 -13.820 -13.755 -14.115 -14.421 -14.728 -14.898 -15.135 -15.147 -15.001
2.600 -5.765 -5.552 -7.936 -10.767 -12.088 -12.608 -13.288 -13.153 -13.788 -13.727 -14.093 -14.407 -14.725 -14.903 -15.155 -15.180 -15.043
2.700 -5.626 -5.350 -7.805 -10.661 -12.012 -12.546 -13.240 -13.105 -13.753 -13.697 -14.068 -14.391 -14.721 -14.907 -15.173 -15.210 -15.082
2.800 -5.494 -5.156 -7.681 -10.559 -11.940 -12.485 -13.194 -13.059 -13.720 -13.669 -14.044 -14.375 -14.716 -14.909 -15.189 -15.239 -15.120
2.900 -5.361 -4.959 -7.554 -10.453 -11.865 -12.422 -13.145 -13.010 -13.684 -13.637 -14.017 -14.356 -14.708 -14.909 -15.203 -15.265 -15.154
3.000 -5.225 -4.755 -7.423 -10.342 -11.785 -12.354 -13.092 -12.957 -13.644 -13.602 -13.987 -14.334 -14.697 -14.906 -15.213 -15.288 -15.186
3.100 -5.086 -4.546 -7.289 -10.227 -11.700 -12.282 -13.035 -12.901 -13.600 -13.564 -13.953 -14.308 -14.682 -14.899 -15.221 -15.309 -15.216
3.200 -4.949 -4.337 -7.157 -10.111 -11.616 -12.210 -12.978 -12.844 -13.556 -13.525 -13.918 -14.282 -14.667 -14.891 -15.227 -15.328 -15.243
3.300 -4.820 -4.134 -7.031 -10.000 -11.537 -12.143 -12.927 -12.793 -13.518 -13.492 -13.890 -14.261 -14.657 -14.888 -15.235 -15.344 -15.264
3.400 -4.690 -3.927 -6.903 -9.886 -11.455 -12.074 -12.873 -12.740 -13.478 -13.457 -13.859 -14.238 -14.644 -14.882 -15.241 -15.358 -15.284
3.500 -4.556 -3.714 -6.771 -9.767 -11.369 -12.001 -12.815 -12.682 -13.434 -13.419 -13.825 -14.212 -14.629 -14.873 -15.244 -15.370 -15.301
3.600 -4.421 -3.495 -6.637 -9.643 -11.279 -11.924 -12.754 -12.622 -13.386 -13.378 -13.788 -14.183 -14.610 -14.862 -15.245 -15.380 -15.317
3.700 -4.285 -3.273 -6.502 -9.518 -11.188 -11.846 -12.691 -12.560 -13.337 -13.335 -13.749 -14.151 -14.590 -14.849 -15.244 -15.389 -15.331
3.800 -4.150 -3.051 -6.367 -9.391 -11.095 -11.766 -12.627 -12.497 -13.287 -13.291 -13.708 -14.119 -14.569 -14.835 -15.242 -15.396 -15.345
3.900 -4.018 -2.830 -6.235 -9.264 -11.002 -11.686 -12.562 -12.433 -13.235 -13.246 -13.668 -14.086 -14.546 -14.819 -15.238 -15.403 -15.357
4.000 -3.884 -2.606 -6.100 -9.134 -10.906 -11.603 -12.495 -12.367 -13.182 -13.200 -13.624 -14.050 -14.521 -14.802 -15.233 -15.408 -15.368
4.100 -3.747 -2.374 -5.962 -9.000 -10.806 -11.517 -12.424 -12.298 -13.125 -13.150 -13.578 -14.011 -14.494 -14.782 -15.226 -15.411 -15.377
4.200 -3.609 -2.139 -5.823 -8.862 -10.704 -11.428 -12.351 -12.226 -13.065 -13.098 -13.529 -13.970 -14.464 -14.760 -15.217 -15.412 -15.385
4.300 -3.469 -1.898 -5.681 -8.720 -10.598 -11.335 -12.274 -12.151 -13.003 -13.043 -13.478 -13.927 -14.432 -14.735 -15.205 -15.412 -15.392
4.400 -3.329 -1.655 -5.539 -8.576 -10.491 -11.241 -12.196 -12.074 -12.939 -12.987 -13.425 -13.882 -14.398 -14.709 -15.193 -15.410 -15.397
4.500 -3.190 -1.413 -5.398 -8.432 -10.383 -11.147 -12.117 -11.997 -12.874 -12.930 -13.371 -13.835 -14.363 -14.682 -15.179 -15.408 -15.402
4.600 -3.052 -1.169 -5.257 -8.287 -10.274 -11.051 -12.037 -11.919 -12.808 -12.872 -13.316 -13.788 -14.327 -14.653 -15.164 -15.404 -15.406
4.700 -2.913 -0.923 -5.115 -8.139 -10.162 -10.953 -11.955 -11.838 -12.740 -12.813 -13.259 -13.738 -14.289 -14.623 -15.148 -15.399 -15.408
4.800 -2.771 -0.672 -4.971 -7.988 -10.048 -10.852 -11.869 -11.755 -12.669 -12.750 -13.199 -13.686 -14.248 -14.590 -15.129 -15.392 -15.409
4.900 -2.629 -0.418 -4.826 -7.833 -9.930 -10.748 -11.781 -11.669 -12.595 -12.685 -13.137 -13.631 -14.205 -14.555 -15.109 -15.384 -15.409
5.000 -2.485 -0.162 -4.679 -7.676 -9.811 -10.642 -11.691 -11.581 -12.519 -12.618 -13.072 -13.574 -14.160 -14.518 -15.086 -15.374 -15.407
5.100 -2.342 0.095 -4.533 -7.518 -9.690 -10.534 -11.598 -11.492 -12.441 -12.550 -13.006 -13.515 -14.113 -14.480 -15.062 -15.363 -15.405
5.200 -2.198 0.350 -4.386 -7.359 -9.567 -10.424 -11.504 -11.400 -12.361 -12.479 -12.938 -13.454 -14.065 -14.440 -15.037 -15.350 -15.401
5.300 -2.057 0.600 -4.241 -7.201 -9.445 -10.315 -11.410 -11.308 -12.281 -12.409 -12.869 -13.393 -14.015 -14.398 -15.011 -15.337 -15.396
5.400 -1.933 0.812 -4.116 -7.063 -9.337 -10.218 -11.326 -11.226 -12.208 -12.344 -12.807 -13.336 -13.968 -14.359 -14.984 -15.322 -15.389
5.500 -1.913 0.832 -4.096 -7.043 -9.317 -10.198 -11.306 -11.206 -12.188 -12.324 -12.787 -13.316 -13.948 -14.339 -14.964 -15.302 -15.369
5.600 -1.892 0.854 -4.074 -7.022 -9.295 -10.176 -11.284 -11.185 -12.167 -12.303 -12.765 -13.295 -13.927 -14.317 -14.943 -15.280 -15.348
5.700 -1.870 0.876 -4.052 -6.999 -9.273 -10.154 -11.262 -11.163 -12.144 -12.281 -12.743 -13.272 -13.905 -14.295 -14.921 -15.258 -15.325
5.800 -1.847 0.899 -4.029 -6.977 -9.250 -10.131 -11.239 -11.140 -12.121 -12.258 -12.720 -13.249 -13.882 -14.272 -14.898 -15.235 -15.302
5.900 -1.823 0.923 -4.005 -6.953 -9.226 -10.107 -11.215 -11.116 -12.098 -12.234 -12.696 -13.226 -13.858 -14.248 -14.874 -15.211 -15.278
6.000 -1.799 0.947 -3.981 -6.928 -9.202 -10.083 -11.191 -11.092 -12.073 -12.209 -12.672 -13.201 -13.834 -14.224 -14.849 -15.187 -15.254
6.100 -1.774 0.972 -3.956 -6.903 -9.177 -10.058 -11.166 -11.067 -12.048 -12.184 -12.647 -13.176 -13.809 -14.199 -14.824 -15.162 -15.229
6.200 -1.748 0.997 -3.931 -6.878 -9.152 -10.033 -11.140 -11.041 -12.023 -12.159 -12.621 -13.151 -13.783 -14.174 -14.799 -15.137 -15.204
6.300 -1.722 1.023 -3.905 -6.852 -9.126 -10.007 -11.115 -11.015 -11.997 -12.133 -12.596 -13.125 -13.757 -14.148 -14.773 -15.111 -15.178
6.400 -1.696 1.050 -3.878 -6.826 -9.099 -9.980 -11.088 -10.989 -11.971 -12.107 -12.569 -13.099 -13.731 -14.121 -14.747 -15.084 -15.151
6.500 -1.669 1.077 -3.851 -6.799 -9.072 -9.953 -11.061 -10.962 -11.943 -12.080 -12.542 -13.072 -13.704 -14.094 -14.720 -15.057 -15.124
6.600 -1.641 1.105 -3.823 -6.771 -9.044 -9.925 -11.033 -10.934 -11.916 -12.052 -12.514 -13.044 -13.676 -14.066 -14.692 -15.030 -15.097
6.700 -1.613 1.133 -3.795 -6.742 -9.016 -9.897 -11.005 -10.906 -11.887 -12.023 -12.486 -13.015 -13.648 -14.038 -14.664 -15.001 -15.068
6.800 -1.584 1.162 -3.766 -6.714 -8.987 -9.868 -10.976 -10.877 -11.858 -11.995 -12.457 -12.987 -13.619 -14.009 -14.635 -14.972 -15.039
6.900 -1.554 1.191 -3.737 -6.684 -8.958 -9.839 -10.947 -10.847 -11.829 -11.965 -12.428 -12.957 -13.589 -13.980 -14.605 -14.943 -15.010
7.000 -1.525 1.221 -3.707 -6.654 -8.928 -9.809 -10.917 -10.818 -11.799 -11.935 -12.398 -12.927 -13.560 -13.950 -14.575 -14.913 -14.980
7.100 -1.494 1.251 -3.677 -6.624 -8.898 -9.779 -10.887 -10.787 -11.769 -11.905 -12.368 -12.897 -13.529 -13.920 -14.545 -14.883 -14.950
7.200 -1.464 1.282 -3.646 -6.593 -8.867 -9.748 -10.856 -10.757 -11.738 -11.875 -12.337 -12.866 -13.499 -13.889 -14.515 -14.852 -14.919
7.300 -1.433 1.313 -3.615 -6.563 -8.836 -9.717 -10.825 -10.726 -11.708 -11.844 -12.306 -12.836 -13.468 -13.858 -14.484 -14.821 -14.888
7.400 -1.402 1.344 -3.584 -6.532 -8.805 -9.686 -10.794 -10.695 -11.677 -11.813 -12.275 -12.805 -13.437 -13.827 -14.453 -14.790 -14.857
7.500 -1.371 1.375 -3.553 -6.500 -8.774 -9.655 -10.763 -10.664 -11.645 -11.781 -12.244 -12.773 -13.406 -13.796 -14.422 -14.759 -14.826
7.600 -1.339 1.407 -3.521 -6.469 -8.742 -9.623 -10.731 -10.632 -11.614 -11.750 -12.212 -12.742 -13.374 -13.764 -14.390 -14.728 -14.795
7.700 -1.307 1.438 -3.490 -6.437 -8.711 -9.592 -10.699 -10.600 -11.582 -11.718 -12.180 -12.710 -13.342 -13.733 -14.358 -14.696 -14.763
7.800 -1.275 1.471 -3.457 -6.405 -8.678 -9.559 -10.667 -10.568 -11.550 -11.686 -12.148 -12.678 -13.310 -13.700 -14.326 -14.663 -14.730
7.900 -1.242 1.503 -3.425 -6.372 -8.646 -9.527 -10.635 -10.535 -11.517 -11.653 -12.116 -12.645 -13.278 -13.668 -14.293 -14.631 -14.698
8.000 -1.210 1.536 -3.392 -6.340 -8.613 -9.494 -10.602 -10.503 -11.484 -11.621 -12.083 -12.613 -13.245 -13.635 -14.261 -14.598 -14.665
8.100 -1.177 1.568 -3.359 -6.307 -8.580 -9.461 -10.569 -10.470 -11.452 -11.588 -12.050 -12.580 -13.212 -13.602 -14.228 -14.566 -14.633
8.200 -1.144 1.601 -3.327 -6.274 -8.548 -9.429 -10.536 -10.437 -11.419 -11.555 -12.017 -12.547 -13.179 -13.570 -14.195 -14.533 -14.600
8.300 -1.111 1.634 -3.294 -6.241 -8.515 -9.396 -10.503 -10.404 -11.386 -11.522 -11.984 -12.514 -13.146 -13.537 -14.162 -14.500 -14.567
8.400 -1.078 1.667 -3.261 -6.208 -8.482 -9.363 -10.470 -10.371 -11.353 -11.489 -11.951 -12.481 -13.113 -13.504 -14.129 -14.467 -14.534
8.500 -1.045 1.700 -3.228 -6.175 -8.449 -9.330 -10.437 -10.338 -11.320 -11.456 -11.918 -12.448 -13.080 -13.471 -14.096 -14.434 -14.501
8.600 -1.012 1.733 -3.195 -6.142 -8.416 -9.297 -10.405 -10.305 -11.287 -11.423 -11.886 -12.415 -13.047 -13.438 -14.063 -14.401 -14.468
8.700 -0.980 1.766 -3.162 -6.109 -8.383 -9.264 -10.372 -10.272 -11.254 -11.390 -11.853 -12.382 -13.015 -13.405 -14.030 -14.368 -14.435
8.800 -0.947 1.799 -3.129 -6.077 -8.350 -9.231 -10.339 -10.240 -11.221 -11.358 -11.820 -12.349 -12.982 -13.372 -13.998 -14.335 -14.402
8.900 -0.914 1.831 -3.096 -6.044 -8.317 -9.198 -10.306 -10.207 -11.189 -11.325 -11.787 -12.317 -12.949 -13.339 -13.965 -14.303 -14.370
9.000 -0.882 1.864 -3.064 -6.011 -8.285 -9.166 -10.274 -10.175 -11.156 -11.292 -11.755 -12.284 -12.917 -13.307 -13.932 -14.270 -14.337
9.100 -0.849 1.896 -3.031 -5.979 -8.252 -9.133 -10.241 -10.142 -11.124 -11.260 -11.722 -12.252 -12.884 -13.274 -13.900 -14.238 -14.305
9.200 -0.817 1.929 -2.999 -5.946 -8.220 -9.101 -10.209 -10.110 -11.091 -11.228 -11.690 -12.219 -12.852 -13.242 -13.868 -14.205 -14.272
9.300 -0.785 1.961 -2.967 -5.914 -8.188 -9.069 -10.177 -10.078 -11.059 -11.195 -11.658 -12.187 -12.820 -13.210 -13.835 -14.173 -14.240
9.400 -0.753 1.993 -2.935 -5.882 -8.156 -9.037 -10.145 -10.046 -11.027 -11.163 -11.626 -12.155 -12.788 -13.178 -13.804 -14.141 -14.208
9.500 -0.721 2.025 -2.903 -5.851 -8.124 -9.005 -10.113 -10.014 -10.996 -11.132 -11.594 -12.124 -12.756 -13.146 -13.772 -14.109 -14.176
9.600 -0.689 2.056 -2.872 -5.819 -8.093 -8.974 -10.082 -9.982 -10.964 -11.100 -11.563 -12.092 -12.724 -13.115 -13.740 -14.078 -14.145
9.700 -0.658 2.087 -2.841 -5.788 -8.062 -8.943 -10.050 -9.951 -10.933 -11.069 -11.531 -12.061 -12.693 -13.084 -13.709 -14.047 -14.114
9.800 -0.627 2.118 -2.810 -5.757 -8.031 -8.912 -10.020 -9.920 -10.902 -11.038 -11.501 -12.030 -12.662 -13.053 -13.678 -14.016 -14.083
9.900 -0.597 2.149 -2.779 -5.726 -8.000 -8.881 -9.989 -9.890 -10.871 -11.008 -11.470 -11.999 -12.632 -13.022 -13.648 -13.985 -14.052
10.000 -0.566 2.179 -2.749 -5.696 -7.970 -8.851 -9.959 -9.859 -10.841 -10.977 -11.440 -11.969 -12.602 -12.992 -13.617 -13.955 -14.022
10.100 -0.537 2.209 -2.719 -5.666 -7.940 -8.821 -9.929 -9.830 -10.811 -10.947 -11.410 -11.939 -12.572 -12.962 -13.587 -13.925 -13.992
10.200 -0.507 2.239 -2.689 -5.637 -7.910 -8.791 -9.899 -9.800 -10.782 -10.918 -11.380 -11.910 -12.542 -12.932 -13.558 -13.896 -13.963
10.300 -0.478 2.268 -2.660 -5.608 -7.881 -8.762 -9.870 -9.771 -10.753 -10.889 -11.351 -11.881 -12.513 -12.903 -13.529 -13.866 -13.933
10.400 -0.449 2.296 -2.632 -5.579 -7.853 -8.734 -9.841 -9.742 -10.724 -10.860 -11.322 -11.852 -12.484 -12.875 -13.500 -13.838 -13.905
10.500 -0.421 2.325 -2.603 -5.551 -7.824 -8.705 -9.813 -9.714 -10.695 -10.832 -11.294 -11.823 -12.456 -12.846 -13.472 -13.809 -13.876
10.600 -0.393 2.353 -2.575 -5.523 -7.796 -8.677 -9.785 -9.686 -10.667 -10.804 -11.266 -11.796 -12.428 -12.818 -13.444 -13.781 -13.848
10.700 -0.365 2.380 -2.548 -5.495 -7.769 -8.650 -9.758 -9.658 -10.640 -10.776 -11.239 -11.768 -12.400 -12.791 -13.416 -13.754 -13.821
10.800 -0.338 2.407 -2.520 -5.468 -7.741 -8.622 -9.730 -9.631 -10.613 -10.749 -11.211 -11.741 -12.373 -12.763 -13.389 -13.727 -13.794
10.900 -0.311 2.434 -2.494 -5.441 -7.715 -8.596 -9.704 -9.604 -10.586 -10.722 -11.185 -11.714 -12.346 -12.737 -13.362 -13.700 -13.767
11.000 -0.285 2.461 -2.467 -5.415 -7.688 -8.569 -9.677 -9.578 -10.560 -10.696 -11.158 -11.688 -12.320 -12.710 -13.336 -13.674 -13.741
11.100 -0.259 2.486 -2.441 -5.389 -7.662 -8.543 -9.651 -9.552 -10.534 -10.670 -11.132 -11.662 -12.294 -12.684 -13.310 -13.648 -13.715
11.200 -0.234 2.512 -2.416 -5.363 -7.637 -8.518 -9.626 -9.527 -10.508 -10.644 -11.107 -11.636 -12.269 -12.659 -13.285 -13.622 -13.689
11.300 -0.209 2.537 -2.391 -5.338 -7.612 -8.493 -9.601 -9.502 -10.483 -10.619 -11.082 -11.611 -12.244 -12.634 -13.259 -13.597 -13.664
11.400 -0.184 2.562 -2.366 -5.314 -7.587 -8.468 -9.576 -9.477 -10.459 -10.595 -11.057 -11.587 -12.219 -12.609 -13.235 -13.572 -13.639
11.500 -0.160 2.586 -2.342 -5.289 -7.563 -8.444 -9.552 -9.453 -10.434 -10.571 -11.033 -11.562 -12.195 -12.585 -13.211 -13.548 -13.615
11.600 -0.136 2.610 -2.318 -5.266 -7.539 -8.420 -9.528 -9.429 -10.411 -10.547 -11.009 -11.539 -12.171 -12.561 -13.187 -13.524 -13.591
11.700 -0.113 2.633 -2.295 -5.242 -7.516 -8.397 -9.505 -9.406 -10.387 -10.523 -10.986 -11.515 -12.148 -12.538 -13.164 -13.501 -13.568
11.800 -0.090 2.656 -2.272 -5.219 -7.493 -8.374 -9.482 -9.383 -10.364 -10.500 -10.963 -11.492 -12.125 -12.515 -13.141 -13.478 -13.545
11.900 -0.067 2.678 -2.250 -5.197 -7.471 -8.352 -9.459 -9.360 -10.342 -10.478 -10.940 -11.470 -12.102 -12.493 -13.118 -13.456 -13.523
12.000 -0.045 2.701 -2.227 -5.175 -7.448 -8.329 -9.437 -9.338 -10.320 -10.456 -10.918 -11.448 -12.080 -12.470 -13.096 -13.434 -13.501
12.100 -0.023 2.722 -2.206 -5.153 -7.427 -8.308 -9.416 -9.316 -10.298 -10.434 -10.897 -11.426 -12.058 -12.449 -13.074 -13.412 -13.479
12.200 -0.002 2.744 -2.184 -5.132 -7.405 -8.286 -9.394 -9.295 -10.277 -10.413 -10.875 -11.405 -12.037 -12.427 -13.053 -13.391 -13.458
12.300 0.019 2.765 -2.163 -5.111 -7.384 -8.265 -9.373 -9.274 -10.256 -10.392 -10.854 -11.384 -12.016 -12.406 -13.032 -13.370 -13.437
12.400 0.039 2.785 -2.143 -5.090 -7.364 -8.245 -9.353 -9.253 -10.235 -10.371 -10.834 -11.363 -11.996 -12.386 -13.011 -13.349 -13.416
12.500 0.060 2.805 -2.123 -5.070 -7.344 -8.225 -9.333 -9.233 -10.215 -10.351 -10.814 -11.343 -11.975 -12.366 -12.991 -13.329 -13.396
12.600 0.080 2.825 -2.103 -5.050 -7.324 -8.205 -9.313 -9.213 -10.195 -10.331 -10.794 -11.323 -11.956 -12.346 -12.971 -13.309 -13.376
12.700 0.099 2.845 -2.083 -5.031 -7.304 -8.185 -9.293 -9.194 -10.176 -10.312 -10.774 -11.304 -11.936 -12.326 -12.952 -13.289 -13.357
12.800 0.118 2.864 -2.064 -5.012 -7.285 -8.166 -9.274 -9.175 -10.156 -10.293 -10.755 -11.285 -11.917 -12.307 -12.933 -13.270 -13.337
12.900 0.137 2.883 -2.045 -4.993 -7.266 -8.147 -9.255 -9.156 -10.138 -10.274 -10.736 -11.266 -11.898 -12.288 -12.914 -13.252 -13.319
13.000 0.155 2.901 -2.027 -4.974 -7.248 -8.129 -9.237 -9.138 -10.119 -10.255 -10.718 -11.247 -11.880 -12.270 -12.895 -13.233 -13.300
13.100 0.174 2.919 -2.009 -4.956 -7.230 -8.111 -9.219 -9.119 -10.101 -10.237 -10.700 -11.229 -11.861 -12.252 -12.877 -13.215 -13.282
13.200 0.192 2.937 -1.991 -4.938 -7.212 -8.093 -9.201 -9.101 -10.083 -10.219 -10.682 -11.211 -11.844 -12.234 -12.859 -13.197 -13.264
13.300 0.209 2.955 -1.973 -4.921 -7.194 -8.075 -9.183 -9.084 -10.066 -10.202 -10.664 -11.194 -11.826 -12.216 -12.842 -13.179 -13.246
13.400 0.226 2.972 -1.956 -4.903 -7.177 -8.058 -9.166 -9.067 -10.048 -10.184 -10.647 -11.176 -11.809 -12.199 -12.825 -13.162 -13.229
13.500 0.243 2.989 -1.939 -4.886 -7.160 -8.041 -9.149 -9.050 -10.031 -10.167 -10.630 -11.159 -11.792 -12.182 -12.808 -13.145 -13.212
13.600 0.260 3.006 -1.922 -4.870 -7.143 -8.024 -9.132 -9.033 -10.014 -10.151 -10.613 -11.143 -11.775 -12.165 -12.791 -13.128 -13.195
13.700 0.277 3.022 -1.906 -4.853 -7.127 -8.008 -9.116 -9.016 -9.998 -10.134 -10.597 -11.126 -11.758 -12.149 -12.774 -13.112 -13.179
13.800 0.293 3.038 -1.890 -4.837 -7.111 -7.992 -9.099 -9.000 -9.982 -10.118 -10.580 -11.110 -11.742 -12.133 -12.758 -13.096 -13.163
13.900 0.309 3.054 -1.874 -4.821 -7.095 -7.976 -9.083 -8.984 -9.966 -10.102 -10.564 -11.094 -11.726 -12.117 -12.742 -13.080 -13.147
14.000 0.325 3.070 -1.858 -4.805 -7.079 -7.960 -9.068 -8.968 -9.950 -10.086 -10.549 -11.078 -11.710 -12.101 -12.726 -13.064 -13.131
14.100 0.340 3.086 -1.842 -4.790 -7.063 -7.944 -9.052 -8.953 -9.934 -10.071 -10.533 -11.063 -11.695 -12.085 -12.711 -13.048 -13.115
14.200 0.355 3.101 -1.827 -4.774 -7.048 -7.929 -9.037 -8.938 -9.919 -10.055 -10.518 -11.047 -11.680 -12.070 -12.696 -13.033 -13.100
14.300 0.371 3.116 -1.812 -4.759 -7.033 -7.914 -9.022 -8.922 -9.904 -10.040 -10.503 -11.032 -11.665 -12.055 -12.680 -13.018 -13.085
14.400 0.385 3.131 -1.797 -4.744 -7.018 -7.899 -9.007 -8.908 -9.889 -10.025 -10.488 -11.017 -11.650 -12.040 -12.666 -13.003 -13.070
14.500 0.400 3.146 -1.782 -4.730 -7.003 -7.884 -8.992 -8.893 -9.875 -10.011 -10.473 -11.003 -11.635 -12.025 -12.651 -12.988 -13.055
14.600 0.415 3.160 -1.768 -4.715 -6.989 -7.870 -8.978 -8.878 -9.860 -9.996 -10.459 -10.988 -11.620 -12.011 -12.636 -12.974 -13.041
14.700 0.429 3.175 -1.753 -4.701 -6.974 -7.855 -8.963 -8.864 -9.846 -9.982 -10.444 -10.974 -11.606 -11.996 -12.622 -12.960 -13.027
14.800 0.443 3.189 -1.739 -4.687 -6.960 -7.841 -8.949 -8.850 -9.832 -9.968 -10.430 -10.960 -11.592 -11.982 -12.608 -12.945 -13.012
14.900 0.457 3.203 -1.725 -4.673 -6.946 -7.827 -8.935 -8.836 -9.818 -9.954 -10.416 -10.946 -11.578 -11.968 -12.594 -12.931 -12.998
15.000 0.471 3.216 -1.712 -4.659 -6.932 -7.813 -8.921 -8.822 -9.804 -9.940 -10.402 -10.932 -11.564 -11.954 -12.580 -12.918 -12.985
