# day W2 M2 W1 u B g V c r w o i z y J H K
0.000 -7.007 -6.867 -6.699 -6.010 -5.690 -5.532 -5.253 -5.363 -5.020 -5.180 -4.890 -4.631 -4.336 -4.106 -3.637 -3.024 -2.453
0.100 -12.130 -12.320 -12.395 -12.501 -12.418 -12.359 -12.243 -12.284 -12.125 -12.183 -12.055 -11.904 -11.715 -11.558 -11.222 -10.735 -10.256
0.200 -12.402 -12.698 -12.885 -13.263 -13.264 -13.238 -13.172 -13.193 -13.088 -13.119 -13.036 -12.914 -12.754 -12.615 -12.316 -11.865 -11.413
0.300 -12.426 -12.790 -13.065 -13.638 -13.703 -13.703 -13.676 -13.683 -13.618 -13.629 -13.578 -13.478 -13.338 -13.214 -12.939 -12.513 -12.080
0.400 -12.372 -12.785 -13.136 -13.863 -13.982 -14.004 -14.009 -14.004 -13.973 -13.970 -13.945 -13.863 -13.740 -13.626 -13.371 -12.965 -12.546
0.500 -12.276 -12.728 -13.146 -14.005 -14.173 -14.215 -14.249 -14.234 -14.233 -14.217 -14.215 -14.148 -14.040 -13.936 -13.699 -13.309 -12.903
0.600 -12.162 -12.644 -13.124 -14.098 -14.310 -14.370 -14.430 -14.406 -14.433 -14.406 -14.424 -14.372 -14.278 -14.183 -13.961 -13.586 -13.190
0.700 -12.039 -12.546 -13.083 -14.160 -14.413 -14.489 -14.573 -14.541 -14.593 -14.557 -14.593 -14.555 -14.473 -14.386 -14.178 -13.816 -13.431
0.800 -11.910 -12.436 -13.028 -14.198 -14.489 -14.581 -14.688 -14.649 -14.723 -14.679 -14.733 -14.706 -14.637 -14.558 -14.363 -14.013 -13.637
0.900 -11.772 -12.314 -12.958 -14.216 -14.543 -14.650 -14.778 -14.733 -14.829 -14.778 -14.847 -14.833 -14.775 -14.704 -14.522 -14.183 -13.816
1.000 -11.625 -12.180 -12.875 -14.216 -14.578 -14.700 -14.849 -14.797 -14.915 -14.857 -14.941 -14.939 -14.893 -14.829 -14.659 -14.332 -13.973
1.100 -11.488 -12.052 -12.796 -14.211 -14.606 -14.742 -14.910 -14.853 -14.990 -14.927 -15.024 -15.033 -14.998 -14.941 -14.783 -14.467 -14.115
1.200 -11.333 -11.904 -12.698 -14.187 -14.616 -14.765 -14.953 -14.890 -15.048 -14.979 -15.090 -15.110 -15.086 -15.036 -14.891 -14.584 -14.240
1.300 -11.190 -11.765 -12.606 -14.164 -14.624 -14.786 -14.992 -14.924 -15.100 -15.027 -15.150 -15.181 -15.168 -15.125 -14.990 -14.692 -14.352
1.400 -11.031 -11.608 -12.497 -14.123 -14.615 -14.791 -15.015 -14.943 -15.138 -15.060 -15.196 -15.238 -15.236 -15.200 -15.077 -14.788 -14.452
1.500 -10.884 -11.460 -12.396 -14.085 -14.607 -14.795 -15.037 -14.960 -15.173 -15.091 -15.239 -15.291 -15.300 -15.270 -15.159 -14.877 -14.546
1.600 -10.723 -11.298 -12.281 -14.033 -14.586 -14.787 -15.046 -14.965 -15.196 -15.111 -15.270 -15.333 -15.352 -15.330 -15.230 -14.958 -14.631
1.700 -10.563 -11.132 -12.164 -13.976 -14.559 -14.773 -15.050 -14.965 -15.213 -15.125 -15.295 -15.368 -15.398 -15.383 -15.294 -15.031 -14.710
1.800 -10.407 -10.970 -12.049 -13.918 -14.531 -14.756 -15.050 -14.961 -15.227 -15.136 -15.316 -15.399 -15.440 -15.431 -15.355 -15.100 -14.784
1.900 -10.240 -10.794 -11.921 -13.849 -14.492 -14.730 -15.041 -14.949 -15.231 -15.138 -15.329 -15.422 -15.474 -15.472 -15.407 -15.162 -14.852
2.000 -10.072 -10.615 -11.792 -13.775 -14.448 -14.699 -15.027 -14.931 -15.231 -15.135 -15.336 -15.439 -15.502 -15.508 -15.454 -15.220 -14.915
2.100 -9.911 -10.441 -11.666 -13.702 -14.404 -14.668 -15.012 -14.913 -15.229 -15.131 -15.342 -15.455 -15.528 -15.541 -15.499 -15.274 -14.975
2.200 -9.741 -10.255 -11.530 -13.619 -14.352 -14.628 -14.989 -14.886 -15.219 -15.120 -15.341 -15.464 -15.548 -15.567 -15.538 -15.322 -15.029
2.300 -9.563 -10.059 -11.386 -13.529 -14.292 -14.581 -14.959 -14.853 -15.203 -15.103 -15.333 -15.466 -15.561 -15.588 -15.572 -15.366 -15.080
2.400 -9.393 -9.869 -11.247 -13.440 -14.233 -14.535 -14.930 -14.821 -15.186 -15.086 -15.325 -15.468 -15.574 -15.608 -15.604 -15.408 -15.128
2.500 -9.219 -9.672 -11.103 -13.346 -14.169 -14.483 -14.895 -14.783 -15.165 -15.064 -15.312 -15.465 -15.582 -15.623 -15.631 -15.446 -15.172
2.600 -9.039 -9.467 -10.952 -13.244 -14.099 -14.425 -14.854 -14.740 -15.138 -15.037 -15.294 -15.457 -15.585 -15.634 -15.655 -15.481 -15.213
2.700 -8.853 -9.252 -10.795 -13.135 -14.022 -14.362 -14.808 -14.691 -15.106 -15.005 -15.271 -15.443 -15.584 -15.640 -15.674 -15.511 -15.250
2.800 -8.671 -9.039 -10.639 -13.026 -13.944 -14.297 -14.760 -14.641 -15.072 -14.972 -15.246 -15.429 -15.581 -15.645 -15.692 -15.540 -15.286
2.900 -8.491 -8.826 -10.483 -12.916 -13.865 -14.231 -14.710 -14.589 -15.036 -14.937 -15.219 -15.412 -15.576 -15.647 -15.708 -15.566 -15.320
3.000 -8.304 -8.603 -10.320 -12.797 -13.779 -14.158 -14.655 -14.532 -14.995 -14.897 -15.188 -15.390 -15.566 -15.645 -15.720 -15.589 -15.350
3.100 -8.111 -8.370 -10.150 -12.672 -13.686 -14.079 -14.594 -14.468 -14.949 -14.852 -15.151 -15.364 -15.551 -15.639 -15.728 -15.609 -15.377
3.200 -7.915 -8.130 -9.976 -12.540 -13.589 -13.996 -14.528 -14.401 -14.898 -14.803 -15.110 -15.334 -15.534 -15.630 -15.733 -15.627 -15.402
3.300 -7.722 -7.890 -9.802 -12.408 -13.490 -13.911 -14.461 -14.332 -14.846 -14.754 -15.068 -15.302 -15.515 -15.619 -15.736 -15.642 -15.426
3.400 -7.531 -7.650 -9.630 -12.275 -13.391 -13.825 -14.393 -14.263 -14.793 -14.703 -15.025 -15.269 -15.494 -15.607 -15.739 -15.657 -15.448
3.500 -7.334 -7.399 -9.450 -12.133 -13.284 -13.733 -14.319 -14.187 -14.734 -14.647 -14.977 -15.231 -15.469 -15.590 -15.737 -15.668 -15.467
3.600 -7.134 -7.141 -9.265 -11.986 -13.173 -13.636 -14.240 -14.107 -14.671 -14.588 -14.924 -15.189 -15.441 -15.571 -15.733 -15.677 -15.485
3.700 -6.929 -6.873 -9.075 -11.832 -13.056 -13.534 -14.157 -14.023 -14.604 -14.524 -14.868 -15.144 -15.409 -15.548 -15.726 -15.683 -15.500
3.800 -6.723 -6.600 -8.881 -11.673 -12.934 -13.428 -14.070 -13.935 -14.533 -14.458 -14.809 -15.095 -15.374 -15.522 -15.717 -15.688 -15.513
3.900 -6.519 -6.326 -8.689 -11.513 -12.811 -13.320 -13.981 -13.846 -14.461 -14.390 -14.748 -15.045 -15.338 -15.495 -15.706 -15.691 -15.525
4.000 -6.316 -6.049 -8.496 -11.351 -12.687 -13.211 -13.890 -13.755 -14.387 -14.321 -14.686 -14.994 -15.300 -15.467 -15.694 -15.692 -15.535
4.100 -6.109 -5.763 -8.298 -11.181 -12.556 -13.095 -13.795 -13.658 -14.308 -14.248 -14.619 -14.938 -15.258 -15.435 -15.679 -15.692 -15.544
4.200 -5.899 -5.469 -8.095 -11.005 -12.420 -12.976 -13.695 -13.559 -14.225 -14.171 -14.549 -14.879 -15.214 -15.400 -15.662 -15.689 -15.551
4.300 -5.685 -5.165 -7.888 -10.823 -12.279 -12.851 -13.590 -13.454 -14.138 -14.091 -14.475 -14.816 -15.166 -15.362 -15.642 -15.684 -15.555
4.400 -5.469 -4.855 -7.678 -10.635 -12.133 -12.722 -13.481 -13.345 -14.048 -14.007 -14.397 -14.750 -15.115 -15.322 -15.619 -15.677 -15.559
4.500 -5.253 -4.538 -7.465 -10.442 -11.983 -12.589 -13.369 -13.234 -13.954 -13.921 -14.317 -14.681 -15.061 -15.279 -15.595 -15.668 -15.560
4.600 -5.037 -4.220 -7.253 -10.247 -11.832 -12.454 -13.255 -13.121 -13.858 -13.834 -14.235 -14.610 -15.007 -15.235 -15.569 -15.659 -15.561
4.700 -4.823 -3.898 -7.040 -10.049 -11.678 -12.318 -13.140 -13.006 -13.761 -13.745 -14.152 -14.538 -14.950 -15.189 -15.543 -15.648 -15.560
4.800 -4.606 -3.566 -6.824 -9.845 -11.519 -12.176 -13.019 -12.887 -13.660 -13.652 -14.065 -14.463 -14.891 -15.140 -15.513 -15.635 -15.558
4.900 -4.386 -3.227 -6.604 -9.635 -11.355 -12.030 -12.895 -12.764 -13.555 -13.557 -13.975 -14.384 -14.828 -15.089 -15.482 -15.620 -15.554
5.000 -4.165 -2.880 -6.381 -9.419 -11.186 -11.880 -12.767 -12.638 -13.446 -13.459 -13.882 -14.302 -14.763 -15.035 -15.448 -15.603 -15.549
5.100 -3.940 -2.524 -6.156 -9.197 -11.013 -11.726 -12.634 -12.507 -13.334 -13.357 -13.785 -14.217 -14.695 -14.978 -15.412 -15.585 -15.542
5.200 -3.715 -2.162 -5.928 -8.970 -10.836 -11.567 -12.499 -12.374 -13.219 -13.253 -13.686 -14.129 -14.624 -14.919 -15.374 -15.565 -15.534
5.300 -3.490 -1.795 -5.700 -8.739 -10.656 -11.406 -12.360 -12.238 -13.101 -13.147 -13.584 -14.039 -14.551 -14.859 -15.334 -15.543 -15.524
5.400 -3.266 -1.426 -5.473 -8.506 -10.475 -11.244 -12.221 -12.101 -12.982 -13.040 -13.481 -13.947 -14.477 -14.796 -15.294 -15.521 -15.513
5.500 -3.044 -1.055 -5.247 -8.273 -10.292 -11.081 -12.080 -11.963 -12.862 -12.932 -13.378 -13.855 -14.402 -14.733 -15.252 -15.497 -15.502
5.600 -2.821 -0.679 -5.020 -8.034 -10.106 -10.914 -11.936 -11.822 -12.739 -12.822 -13.271 -13.760 -14.324 -14.668 -15.208 -15.472 -15.489
5.700 -2.598 -0.298 -4.792 -7.793 -9.917 -10.745 -11.789 -11.679 -12.613 -12.709 -13.163 -13.662 -14.244 -14.600 -15.162 -15.445 -15.475
5.800 -2.376 0.082 -4.566 -7.550 -9.727 -10.574 -11.641 -11.534 -12.485 -12.596 -13.052 -13.562 -14.162 -14.530 -15.114 -15.416 -15.459
5.900 -2.155 0.461 -4.341 -7.306 -9.536 -10.401 -11.491 -11.388 -12.356 -12.480 -12.940 -13.461 -14.078 -14.458 -15.065 -15.386 -15.442
6.000 -1.965 0.782 -4.147 -7.094 -9.368 -10.249 -11.357 -11.258 -12.239 -12.376 -12.838 -13.368 -14.000 -14.390 -15.016 -15.354 -15.421
6.100 -1.926 0.821 -4.108 -7.055 -9.329 -10.210 -11.318 -11.219 -12.200 -12.337 -12.799 -13.329 -13.961 -14.351 -14.977 -15.315 -15.382
6.200 -1.886 0.860 -4.069 -7.016 -9.290 -10.171 -11.279 -11.180 -12.161 -12.298 -12.760 -13.289 -13.922 -14.312 -14.938 -15.276 -15.343
6.300 -1.847 0.899 -4.030 -6.977 -9.251 -10.132 -11.240 -11.141 -12.122 -12.259 -12.721 -13.251 -13.883 -14.273 -14.899 -15.237 -15.304
6.400 -1.809 0.937 -3.991 -6.939 -9.212 -10.093 -11.201 -11.102 -12.084 -12.220 -12.682 -13.212 -13.844 -14.235 -14.860 -15.198 -15.265
6.500 -1.771 0.975 -3.953 -6.900 -9.174 -10.055 -11.163 -11.064 -12.046 -12.182 -12.644 -13.174 -13.806 -14.197 -14.822 -15.160 -15.227
6.600 -1.732 1.014 -3.915 -6.862 -9.136 -10.017 -11.125 -11.025 -12.007 -12.143 -12.606 -13.135 -13.768 -14.158 -14.784 -15.121 -15.188
6.700 -1.694 1.052 -3.876 -6.823 -9.097 -9.978 -11.086 -10.987 -11.969 -12.105 -12.567 -13.097 -13.729 -14.120 -14.745 -15.083 -15.150
6.800 -1.655 1.091 -3.838 -6.785 -9.059 -9.940 -11.048 -10.949 -11.930 -12.067 -12.529 -13.059 -13.691 -14.081 -14.707 -15.045 -15.112
6.900 -1.617 1.129 -3.800 -6.747 -9.021 -9.902 -11.010 -10.911 -11.892 -12.028 -12.491 -13.020 -13.653 -14.043 -14.669 -15.006 -15.074
7.000 -1.579 1.167 -3.762 -6.709 -8.983 -9.864 -10.972 -10.872 -11.854 -11.990 -12.453 -12.982 -13.615 -14.005 -14.631 -14.968 -15.035
7.100 -1.541 1.205 -3.724 -6.671 -8.945 -9.826 -10.934 -10.835 -11.816 -11.953 -12.415 -12.945 -13.577 -13.967 -14.593 -14.931 -14.998
7.200 -1.504 1.242 -3.686 -6.634 -8.907 -9.788 -10.896 -10.797 -11.779 -11.915 -12.378 -12.907 -13.539 -13.930 -14.555 -14.893 -14.960
7.300 -1.467 1.279 -3.649 -6.596 -8.870 -9.751 -10.859 -10.760 -11.742 -11.878 -12.340 -12.870 -13.502 -13.893 -14.518 -14.856 -14.923
7.400 -1.430 1.316 -3.613 -6.560 -8.834 -9.715 -10.823 -10.723 -11.705 -11.841 -12.304 -12.833 -13.466 -13.856 -14.482 -14.819 -14.886
7.500 -1.394 1.352 -3.576 -6.524 -8.797 -9.679 -10.787 -10.687 -11.669 -11.805 -12.268 -12.797 -13.430 -13.820 -14.446 -14.783 -14.850
7.600 -1.359 1.387 -3.541 -6.488 -8.762 -9.643 -10.751 -10.652 -11.633 -11.770 -12.232 -12.762 -13.394 -13.784 -14.410 -14.748 -14.815
7.700 -1.324 1.422 -3.506 -6.453 -8.727 -9.608 -10.716 -10.617 -11.599 -11.735 -12.197 -12.727 -13.359 -13.750 -14.375 -14.713 -14.780
7.800 -1.289 1.457 -3.471 -6.419 -8.692 -9.574 -10.681 -10.582 -11.564 -11.700 -12.163 -12.692 -13.325 -13.715 -14.341 -14.678 -14.745
7.900 -1.255 1.491 -3.437 -6.385 -8.658 -9.539 -10.647 -10.548 -11.530 -11.666 -12.128 -12.658 -13.290 -13.681 -14.306 -14.644 -14.711
8.000 -1.221 1.525 -3.404 -6.351 -8.625 -9.506 -10.614 -10.514 -11.496 -11.632 -12.095 -12.624 -13.257 -13.647 -14.273 -14.610 -14.677
8.100 -1.188 1.558 -3.371 -6.318 -8.592 -9.473 -10.581 -10.481 -11.463 -11.599 -12.062 -12.591 -13.224 -13.614 -14.240 -14.577 -14.644
8.200 -1.156 1.590 -3.338 -6.285 -8.559 -9.440 -10.548 -10.449 -11.431 -11.567 -12.029 -12.559 -13.191 -13.582 -14.207 -14.545 -14.612
8.300 -1.124 1.622 -3.306 -6.253 -8.527 -9.408 -10.516 -10.417 -11.399 -11.535 -11.997 -12.527 -13.159 -13.550 -14.175 -14.513 -14.580
8.400 -1.092 1.654 -3.275 -6.222 -8.496 -9.377 -10.485 -10.385 -11.367 -11.503 -11.966 -12.495 -13.128 -13.518 -14.144 -14.481 -14.548
8.500 -1.061 1.685 -3.244 -6.191 -8.465 -9.346 -10.454 -10.355 -11.336 -11.473 -11.935 -12.465 -13.097 -13.487 -14.113 -14.451 -14.518
8.600 -1.031 1.715 -3.214 -6.161 -8.435 -9.316 -10.424 -10.324 -11.306 -11.442 -11.905 -12.434 -13.067 -13.457 -14.083 -14.420 -14.487
8.700 -1.002 1.744 -3.184 -6.131 -8.405 -9.286 -10.394 -10.295 -11.277 -11.413 -11.875 -12.405 -13.037 -13.428 -14.053 -14.391 -14.458
8.800 -0.973 1.773 -3.155 -6.103 -8.376 -9.257 -10.365 -10.266 -11.248 -11.384 -11.847 -12.376 -13.008 -13.399 -14.024 -14.362 -14.429
8.900 -0.945 1.801 -3.127 -6.074 -8.348 -9.229 -10.337 -10.238 -11.220 -11.356 -11.818 -12.348 -12.980 -13.371 -13.996 -14.334 -14.401
9.000 -0.917 1.829 -3.100 -6.047 -8.321 -9.202 -10.310 -10.211 -11.192 -11.329 -11.791 -12.320 -12.953 -13.343 -13.969 -14.307 -14.374
9.100 -0.891 1.856 -3.073 -6.020 -8.294 -9.175 -10.283 -10.184 -11.165 -11.302 -11.764 -12.294 -12.926 -13.316 -13.942 -14.280 -14.347
9.200 -0.864 1.882 -3.047 -5.994 -8.268 -9.149 -10.257 -10.157 -11.139 -11.275 -11.738 -12.267 -12.900 -13.290 -13.916 -14.253 -14.320
9.300 -0.839 1.908 -3.021 -5.968 -8.242 -9.123 -10.231 -10.132 -11.113 -11.250 -11.712 -12.242 -12.874 -13.264 -13.890 -14.228 -14.295
9.400 -0.813 1.933 -2.996 -5.943 -8.217 -9.098 -10.206 -10.107 -11.088 -11.225 -11.687 -12.216 -12.849 -13.239 -13.865 -14.203 -14.270
9.500 -0.789 1.957 -2.971 -5.919 -8.192 -9.073 -10.181 -10.082 -11.064 -11.200 -11.662 -12.192 -12.824 -13.215 -13.840 -14.178 -14.245
9.600 -0.765 1.981 -2.947 -5.895 -8.168 -9.049 -10.157 -10.058 -11.040 -11.176 -11.638 -12.168 -12.800 -13.191 -13.816 -14.154 -14.221
9.700 -0.741 2.005 -2.924 -5.871 -8.145 -9.026 -10.134 -10.035 -11.016 -11.153 -11.615 -12.144 -12.777 -13.167 -13.793 -14.131 -14.198
9.800 -0.718 2.028 -2.901 -5.848 -8.122 -9.003 -10.111 -10.012 -10.993 -11.130 -11.592 -12.122 -12.754 -13.144 -13.770 -14.108 -14.175
9.900 -0.696 2.050 -2.878 -5.826 -8.100 -8.981 -10.089 -9.989 -10.971 -11.107 -11.570 -12.099 -12.732 -13.122 -13.748 -14.085 -14.152
10.000 -0.674 2.072 -2.857 -5.804 -8.078 -8.959 -10.067 -9.967 -10.949 -11.085 -11.548 -12.077 -12.710 -13.100 -13.726 -14.063 -14.130
10.100 -0.653 2.093 -2.835 -5.782 -8.056 -8.937 -10.045 -9.946 -10.928 -11.064 -11.526 -12.056 -12.688 -13.079 -13.704 -14.042 -14.109
10.200 -0.632 2.114 -2.814 -5.762 -8.035 -8.916 -10.024 -9.925 -10.907 -11.043 -11.505 -12.035 -12.667 -13.058 -13.683 -14.021 -14.088
10.300 -0.611 2.135 -2.794 -5.741 -8.015 -8.896 -10.004 -9.905 -10.886 -11.023 -11.485 -12.014 -12.647 -13.037 -13.663 -14.001 -14.068
10.400 -0.591 2.155 -2.774 -5.721 -7.995 -8.876 -9.984 -9.885 -10.866 -11.003 -11.465 -11.995 -12.627 -13.017 -13.643 -13.981 -14.048
10.500 -0.572 2.174 -2.754 -5.702 -7.975 -8.856 -9.964 -9.865 -10.847 -10.983 -11.445 -11.975 -12.607 -12.998 -13.623 -13.961 -14.028
10.600 -0.553 2.193 -2.735 -5.682 -7.956 -8.837 -9.945 -9.846 -10.828 -10.964 -11.426 -11.956 -12.588 -12.979 -13.604 -13.942 -14.009
10.700 -0.534 2.212 -2.716 -5.664 -7.937 -8.818 -9.926 -9.827 -10.809 -10.945 -11.408 -11.937 -12.570 -12.960 -13.585 -13.923 -13.990
10.800 -0.515 2.231 -2.698 -5.645 -7.919 -8.800 -9.908 -9.809 -10.790 -10.927 -11.389 -11.919 -12.551 -12.941 -13.567 -13.905 -13.972
10.900 -0.497 2.249 -2.680 -5.627 -7.901 -8.782 -9.890 -9.791 -10.772 -10.909 -11.371 -11.900 -12.533 -12.923 -13.549 -13.887 -13.954
11.000 -0.480 2.266 -2.662 -5.609 -7.883 -8.764 -9.872 -9.773 -10.754 -10.891 -11.353 -11.883 -12.515 -12.905 -13.531 -13.869 -13.936
11.100 -0.462 2.284 -2.644 -5.592 -7.865 -8.747 -9.854 -9.755 -10.737 -10.873 -11.336 -11.865 -12.498 -12.888 -13.514 -13.851 -13.918
11.200 -0.445 2.301 -2.627 -5.574 -7.848 -8.729 -9.837 -9.738 -10.720 -10.856 -11.318 -11.848 -12.480 -12.871 -13.496 -13.834 -13.901
11.300 -0.428 2.318 -2.610 -5.557 -7.831 -8.712 -9.820 -9.721 -10.703 -10.839 -11.301 -11.831 -12.463 -12.854 -13.479 -13.817 -13.884
11.400 -0.411 2.335 -2.593 -5.541 -7.814 -8.696 -9.803 -9.704 -10.686 -10.822 -11.285 -11.814 -12.447 -12.837 -13.463 -13.800 -13.867
11.500 -0.394 2.352 -2.577 -5.524 -7.798 -8.679 -9.787 -9.688 -10.669 -10.806 -11.268 -11.798 -12.430 -12.820 -13.446 -13.784 -13.851
11.600 -0.378 2.368 -2.561 -5.508 -7.782 -8.663 -9.771 -9.671 -10.653 -10.789 -11.252 -11.781 -12.414 -12.804 -13.430 -13.767 -13.834
11.700 -0.362 2.384 -2.544 -5.492 -7.766 -8.647 -9.755 -9.655 -10.637 -10.773 -11.236 -11.765 -12.398 -12.788 -13.414 -13.751 -13.818
11.800 -0.346 2.400 -2.529 -5.476 -7.750 -8.631 -9.739 -9.639 -10.621 -10.757 -11.220 -11.749 -12.382 -12.772 -13.398 -13.735 -13.802
11.900 -0.330 2.416 -2.513 -5.460 -7.734 -8.615 -9.723 -9.624 -10.605 -10.742 -11.204 -11.733 -12.366 -12.756 -13.382 -13.720 -13.787
12.000 -0.315 2.431 -2.497 -5.444 -7.718 -8.599 -9.707 -9.608 -10.590 -10.726 -11.188 -11.718 -12.350 -12.741 -13.366 -13.704 -13.771
12.100 -0.299 2.447 -2.482 -5.429 -7.703 -8.584 -9.692 -9.593 -10.574 -10.711 -11.173 -11.702 -12.335 -12.725 -13.351 -13.689 -13.756
12.200 -0.284 2.462 -2.466 -5.414 -7.687 -8.569 -9.676 -9.577 -10.559 -10.695 -11.158 -11.687 -12.320 -12.710 -13.336 -13.673 -13.740
12.300 -0.269 2.477 -2.451 -5.399 -7.672 -8.553 -9.661 -9.562 -10.544 -10.680 -11.142 -11.672 -12.304 -12.695 -13.320 -13.658 -13.725
12.400 -0.254 2.492 -2.436 -5.383 -7.657 -8.538 -9.646 -9.547 -10.529 -10.665 -11.127 -11.657 -12.289 -12.680 -13.305 -13.643 -13.710
12.500 -0.239 2.507 -2.421 -5.368 -7.642 -8.523 -9.631 -9.532 -10.514 -10.650 -11.112 -11.642 -12.274 -12.665 -13.290 -13.628 -13.695
12.600 -0.224 2.522 -2.406 -5.354 -7.627 -8.508 -9.616 -9.517 -10.499 -10.635 -11.097 -11.627 -12.259 -12.650 -13.275 -13.613 -13.680
12.700 -0.209 2.537 -2.391 -5.339 -7.613 -8.494 -9.602 -9.502 -10.484 -10.620 -11.083 -11.612 -12.245 -12.635 -13.261 -13.598 -13.665
12.800 -0.194 2.552 -2.377 -5.324 -7.598 -8.479 -9.587 -9.488 -10.469 -10.605 -11.068 -11.597 -12.230 -12.620 -13.246 -13.583 -13.651
12.900 -0.180 2.567 -2.362 -5.309 -7.583 -8.464 -9.572 -9.473 -10.454 -10.591 -11.053 -11.583 -12.215 -12.605 -13.231 -13.569 -13.636
13.000 -0.165 2.581 -2.347 -5.295 -7.568 -8.449 -9.557 -9.458 -10.440 -10.576 -11.038 -11.568 -12.200 -12.591 -13.216 -13.554 -13.621
13.100 -0.150 2.596 -2.333 -5.280 -7.554 -8.435 -9.543 -9.443 -10.425 -10.561 -11.024 -11.553 -12.186 -12.576 -13.202 -13.539 -13.606
13.200 -0.136 2.610 -2.318 -5.265 -7.539 -8.420 -9.528 -9.429 -10.411 -10.547 -11.009 -11.539 -12.171 -12.562 -13.187 -13.525 -13.592
13.300 -0.121 2.625 -2.304 -5.251 -7.525 -8.406 -9.514 -9.414 -10.396 -10.532 -10.995 -11.524 -12.157 -12.547 -13.173 -13.510 -13.577
13.400 -0.107 2.639 -2.289 -5.236 -7.510 -8.391 -9.499 -9.400 -10.382 -10.518 -10.980 -11.510 -12.142 -12.533 -13.158 -13.496 -13.563
13.500 -0.092 2.654 -2.275 -5.222 -7.496 -8.377 -9.485 -9.385 -10.367 -10.503 -10.966 -11.495 -12.128 -12.518 -13.144 -13.481 -13.548
13.600 -0.078 2.668 -2.260 -5.207 -7.481 -8.362 -9.470 -9.371 -10.353 -10.489 -10.951 -11.481 -12.113 -12.504 -13.129 -13.467 -13.534
13.700 -0.063 2.683 -2.246 -5.193 -7.467 -8.348 -9.456 -9.357 -10.338 -10.474 -10.937 -11.466 -12.099 -12.489 -13.115 -13.452 -13.520
13.800 -0.049 2.697 -2.231 -5.179 -7.452 -8.333 -9.441 -9.342 -10.324 -10.460 -10.922 -11.452 -12.084 -12.475 -13.100 -13.438 -13.505
13.900 -0.034 2.712 -2.217 -5.164 -7.438 -8.319 -9.427 -9.328 -10.309 -10.446 -10.908 -11.438 -12.070 -12.460 -13.086 -13.424 -13.491
14.000 -0.020 2.726 -2.202 -5.150 -7.424 -8.305 -9.413 -9.313 -10.295 -10.431 -10.894 -11.423 -12.056 -12.446 -13.072 -13.409 -13.476
14.100 -0.006 2.740 -2.188 -5.135 -7.409 -8.290 -9.398 -9.299 -10.281 -10.417 -10.879 -11.409 -12.041 -12.432 -13.057 -13.395 -13.462
14.200 0.009 2.755 -2.174 -5.121 -7.395 -8.276 -9.384 -9.285 -10.266 -10.402 -10.865 -11.394 -12.027 -12.417 -13.043 -13.380 -13.448
14.300 0.023 2.769 -2.159 -5.107 -7.380 -8.261 -9.369 -9.270 -10.252 -10.388 -10.851 -11.380 -12.012 -12.403 -13.028 -13.366 -13.433
14.400 0.037 2.784 -2.145 -5.092 -7.366 -8.247 -9.355 -9.256 -10.237 -10.374 -10.836 -11.366 -11.998 -12.388 -13.014 -13.352 -13.419
14.500 0.052 2.798 -2.131 -5.078 -7.352 -8.233 -9.341 -9.241 -10.223 -10.359 -10.822 -11.351 -11.984 -12.374 -13.000 -13.337 -13.404
14.600 0.066 2.812 -2.116 -5.063 -7.337 -8.218 -9.326 -9.227 -10.209 -10.345 -10.807 -11.337 -11.969 -12.360 -12.985 -13.323 -13.390
14.700 0.081 2.827 -2.102 -5.049 -7.323 -8.204 -9.312 -9.213 -10.194 -10.330 -10.793 -11.322 -11.955 -12.345 -12.971 -13.308 -13.376
14.800 0.095 2.841 -2.087 -5.035 -7.308 -8.189 -9.297 -9.198 -10.180 -10.316 -10.779 -11.308 -11.940 -12.331 -12.956 -13.294 -13.361
14.900 0.109 2.856 -2.073 -5.020 -7.294 -8.175 -9.283 -9.184 -10.165 -10.302 -10.764 -11.294 -11.926 -12.316 -12.942 -13.280 -13.347
15.000 0.124 2.870 -2.058 -5.006 -7.280 -8.161 -9.269 -9.169 -10.151 -10.287 -10.750 -11.279 -11.912 -12.302 -12.928 -13.265 -13.332
