# day W2 M2 W1 u B g V c r w o i z y J H K
0.000 -7.176 -7.030 -6.859 -6.153 -5.828 -5.668 -5.386 -5.497 -5.150 -5.313 -5.019 -4.757 -4.460 -4.229 -3.757 -3.141 -2.568
0.100 -12.422 -12.598 -12.659 -12.728 -12.633 -12.569 -12.445 -12.489 -12.320 -12.382 -12.246 -12.088 -11.891 -11.728 -11.380 -10.882 -10.393
0.200 -12.708 -12.989 -13.159 -13.496 -13.483 -13.451 -13.377 -13.401 -13.286 -13.321 -13.230 -13.102 -12.934 -12.790 -12.479 -12.016 -11.553
0.300 -12.738 -13.088 -13.344 -13.873 -13.924 -13.918 -13.881 -13.891 -13.817 -13.832 -13.773 -13.667 -13.520 -13.390 -13.104 -12.665 -12.220
0.400 -12.675 -13.076 -13.406 -14.093 -14.198 -14.214 -14.210 -14.208 -14.168 -14.168 -14.136 -14.048 -13.918 -13.800 -13.535 -13.116 -12.686
0.500 -12.570 -13.012 -13.409 -14.230 -14.384 -14.420 -14.445 -14.433 -14.423 -14.411 -14.402 -14.330 -14.216 -14.108 -13.860 -13.459 -13.041
0.600 -12.437 -12.911 -13.372 -14.312 -14.512 -14.566 -14.618 -14.597 -14.615 -14.592 -14.604 -14.547 -14.448 -14.349 -14.118 -13.732 -13.326
0.700 -12.283 -12.785 -13.306 -14.356 -14.598 -14.671 -14.749 -14.719 -14.764 -14.730 -14.762 -14.720 -14.634 -14.544 -14.329 -13.958 -13.562
0.800 -12.114 -12.637 -13.218 -14.371 -14.654 -14.744 -14.846 -14.809 -14.879 -14.836 -14.887 -14.859 -14.787 -14.705 -14.506 -14.148 -13.763
0.900 -11.937 -12.478 -13.116 -14.365 -14.689 -14.794 -14.920 -14.876 -14.970 -14.919 -14.987 -14.973 -14.914 -14.841 -14.656 -14.311 -13.936
1.000 -11.746 -12.301 -12.997 -14.338 -14.701 -14.823 -14.972 -14.921 -15.039 -14.981 -15.066 -15.064 -15.019 -14.955 -14.784 -14.453 -14.087
1.100 -11.545 -12.111 -12.865 -14.295 -14.696 -14.835 -15.007 -14.949 -15.091 -15.026 -15.127 -15.138 -15.106 -15.050 -14.895 -14.576 -14.220
1.200 -11.336 -11.909 -12.721 -14.236 -14.677 -14.831 -15.026 -14.962 -15.127 -15.056 -15.173 -15.198 -15.178 -15.131 -14.990 -14.685 -14.338
1.300 -11.117 -11.694 -12.565 -14.164 -14.644 -14.814 -15.032 -14.961 -15.150 -15.073 -15.205 -15.243 -15.237 -15.199 -15.073 -14.781 -14.443
1.400 -10.890 -11.466 -12.397 -14.079 -14.598 -14.785 -15.025 -14.949 -15.160 -15.079 -15.225 -15.277 -15.285 -15.255 -15.144 -14.865 -14.536
1.500 -10.654 -11.227 -12.220 -13.982 -14.541 -14.744 -15.007 -14.925 -15.160 -15.074 -15.235 -15.300 -15.322 -15.302 -15.206 -14.939 -14.617
1.600 -10.408 -10.975 -12.031 -13.873 -14.472 -14.692 -14.978 -14.891 -15.148 -15.059 -15.234 -15.313 -15.350 -15.339 -15.259 -15.004 -14.690
1.700 -10.154 -10.709 -11.831 -13.752 -14.392 -14.629 -14.938 -14.846 -15.127 -15.034 -15.224 -15.316 -15.368 -15.366 -15.303 -15.062 -14.755
1.800 -9.893 -10.432 -11.622 -13.620 -14.302 -14.556 -14.889 -14.792 -15.097 -15.001 -15.205 -15.311 -15.378 -15.386 -15.340 -15.112 -14.814
1.900 -9.622 -10.141 -11.402 -13.477 -14.201 -14.474 -14.830 -14.729 -15.057 -14.959 -15.177 -15.297 -15.380 -15.398 -15.369 -15.156 -14.866
2.000 -9.343 -9.836 -11.171 -13.322 -14.090 -14.381 -14.762 -14.656 -15.008 -14.908 -15.140 -15.275 -15.373 -15.403 -15.391 -15.193 -14.912
2.100 -9.058 -9.520 -10.932 -13.157 -13.970 -14.279 -14.685 -14.575 -14.951 -14.851 -15.096 -15.246 -15.360 -15.400 -15.408 -15.225 -14.954
2.200 -8.763 -9.188 -10.681 -12.980 -13.839 -14.168 -14.599 -14.484 -14.885 -14.785 -15.043 -15.208 -15.340 -15.391 -15.418 -15.251 -14.990
2.300 -8.462 -8.842 -10.421 -12.792 -13.698 -14.047 -14.504 -14.386 -14.812 -14.712 -14.983 -15.163 -15.312 -15.375 -15.422 -15.272 -15.021
2.400 -8.152 -8.480 -10.149 -12.591 -13.547 -13.916 -14.399 -14.277 -14.729 -14.630 -14.914 -15.110 -15.277 -15.352 -15.420 -15.287 -15.048
2.500 -7.837 -8.106 -9.870 -12.380 -13.387 -13.776 -14.287 -14.162 -14.639 -14.542 -14.839 -15.050 -15.237 -15.324 -15.414 -15.299 -15.071
2.600 -7.515 -7.716 -9.581 -12.158 -13.216 -13.627 -14.165 -14.038 -14.540 -14.447 -14.756 -14.983 -15.189 -15.290 -15.401 -15.305 -15.089
2.700 -7.187 -7.311 -9.283 -11.923 -13.036 -13.469 -14.035 -13.905 -14.434 -14.344 -14.666 -14.910 -15.135 -15.249 -15.384 -15.308 -15.104
2.800 -6.853 -6.891 -8.975 -11.677 -12.845 -13.301 -13.896 -13.764 -14.320 -14.235 -14.568 -14.829 -15.075 -15.203 -15.362 -15.305 -15.115
2.900 -6.512 -6.453 -8.658 -11.417 -12.643 -13.123 -13.748 -13.614 -14.197 -14.118 -14.463 -14.740 -15.008 -15.150 -15.335 -15.299 -15.122
3.000 -6.169 -6.001 -8.335 -11.147 -12.433 -12.937 -13.592 -13.456 -14.067 -13.995 -14.351 -14.646 -14.936 -15.092 -15.303 -15.289 -15.126
3.100 -5.820 -5.532 -8.002 -10.864 -12.212 -12.740 -13.426 -13.290 -13.928 -13.865 -14.232 -14.544 -14.857 -15.029 -15.266 -15.275 -15.126
3.200 -5.467 -5.048 -7.663 -10.569 -11.981 -12.535 -13.253 -13.117 -13.783 -13.729 -14.106 -14.436 -14.772 -14.960 -15.225 -15.257 -15.123
3.300 -5.112 -4.547 -7.317 -10.263 -11.740 -12.321 -13.071 -12.935 -13.629 -13.586 -13.974 -14.322 -14.682 -14.886 -15.179 -15.235 -15.117
3.400 -4.751 -4.028 -6.964 -9.942 -11.489 -12.097 -12.880 -12.745 -13.468 -13.437 -13.834 -14.200 -14.585 -14.806 -15.129 -15.210 -15.108
3.500 -4.391 -3.496 -6.607 -9.612 -11.229 -11.865 -12.682 -12.548 -13.300 -13.283 -13.689 -14.073 -14.484 -14.722 -15.075 -15.182 -15.096
3.600 -4.027 -2.947 -6.244 -9.269 -10.960 -11.624 -12.476 -12.344 -13.125 -13.122 -13.537 -13.940 -14.376 -14.632 -15.017 -15.150 -15.081
3.700 -3.661 -2.382 -5.878 -8.914 -10.682 -11.376 -12.263 -12.134 -12.943 -12.957 -13.380 -13.801 -14.264 -14.538 -14.955 -15.114 -15.063
3.800 -3.296 -1.803 -5.509 -8.550 -10.396 -11.120 -12.043 -11.917 -12.756 -12.787 -13.218 -13.657 -14.147 -14.439 -14.889 -15.076 -15.043
3.900 -2.930 -1.212 -5.140 -8.177 -10.104 -10.859 -11.818 -11.696 -12.563 -12.612 -13.051 -13.508 -14.026 -14.337 -14.819 -15.034 -15.020
4.000 -2.566 -0.610 -4.770 -7.797 -9.807 -10.592 -11.587 -11.470 -12.366 -12.435 -12.880 -13.355 -13.900 -14.230 -14.746 -14.990 -14.994
4.100 -2.207 -0.003 -4.404 -7.412 -9.506 -10.322 -11.353 -11.241 -12.165 -12.254 -12.705 -13.199 -13.771 -14.120 -14.670 -14.943 -14.966
4.200 -1.855 0.598 -4.045 -7.029 -9.206 -10.052 -11.119 -11.012 -11.963 -12.073 -12.530 -13.040 -13.640 -14.007 -14.592 -14.894 -14.936
4.300 -1.514 1.182 -3.698 -6.652 -8.909 -9.784 -10.884 -10.784 -11.760 -11.892 -12.353 -12.879 -13.506 -13.892 -14.510 -14.842 -14.904
4.400 -1.391 1.354 -3.574 -6.521 -8.795 -9.676 -10.784 -10.684 -11.666 -11.802 -12.265 -12.794 -13.427 -13.817 -14.442 -14.780 -14.847
4.500 -1.329 1.417 -3.511 -6.458 -8.732 -9.613 -10.721 -10.622 -11.603 -11.740 -12.202 -12.731 -13.364 -13.754 -14.380 -14.717 -14.784
4.600 -1.267 1.479 -3.449 -6.397 -8.670 -9.551 -10.659 -10.560 -11.541 -11.678 -12.140 -12.670 -13.302 -13.692 -14.318 -14.655 -14.722
4.700 -1.206 1.539 -3.389 -6.336 -8.610 -9.491 -10.599 -10.499 -11.481 -11.617 -12.080 -12.609 -13.241 -13.632 -14.257 -14.595 -14.662
4.800 -1.147 1.599 -3.329 -6.277 -8.550 -9.431 -10.539 -10.440 -11.421 -11.558 -12.020 -12.549 -13.182 -13.572 -14.198 -14.535 -14.602
4.900 -1.089 1.657 -3.271 -6.219 -8.492 -9.373 -10.481 -10.382 -11.364 -11.500 -11.962 -12.492 -13.124 -13.514 -14.140 -14.477 -14.544
5.000 -1.033 1.713 -3.215 -6.163 -8.436 -9.317 -10.425 -10.326 -11.307 -11.444 -11.906 -12.435 -13.068 -13.458 -14.084 -14.421 -14.488
5.100 -0.978 1.767 -3.161 -6.108 -8.382 -9.263 -10.370 -10.271 -11.253 -11.389 -11.851 -12.381 -13.013 -13.404 -14.029 -14.367 -14.434
5.200 -0.925 1.820 -3.108 -6.055 -8.329 -9.210 -10.318 -10.218 -11.200 -11.336 -11.799 -12.328 -12.960 -13.351 -13.976 -14.314 -14.381
5.300 -0.874 1.871 -3.057 -6.004 -8.278 -9.159 -10.267 -10.167 -11.149 -11.285 -11.748 -12.277 -12.909 -13.300 -13.925 -14.263 -14.330
5.400 -0.825 1.920 -3.008 -5.955 -8.229 -9.110 -10.217 -10.118 -11.100 -11.236 -11.698 -12.228 -12.860 -13.251 -13.876 -14.214 -14.281
5.500 -0.778 1.968 -2.960 -5.908 -8.181 -9.062 -10.170 -10.071 -11.053 -11.189 -11.651 -12.181 -12.813 -13.203 -13.829 -14.166 -14.234
5.600 -0.733 2.013 -2.915 -5.862 -8.136 -9.017 -10.125 -10.026 -11.007 -11.143 -11.606 -12.135 -12.768 -13.158 -13.783 -14.121 -14.188
5.700 -0.689 2.057 -2.871 -5.819 -8.092 -8.973 -10.081 -9.982 -10.964 -11.100 -11.562 -12.092 -12.724 -13.114 -13.740 -14.078 -14.145
5.800 -0.647 2.098 -2.830 -5.777 -8.051 -8.932 -10.040 -9.940 -10.922 -11.058 -11.521 -12.050 -12.682 -13.073 -13.698 -14.036 -14.103
5.900 -0.608 2.138 -2.790 -5.737 -8.011 -8.892 -10.000 -9.901 -10.882 -11.018 -11.481 -12.010 -12.643 -13.033 -13.659 -13.996 -14.063
6.000 -0.569 2.176 -2.752 -5.699 -7.973 -8.854 -9.962 -9.862 -10.844 -10.980 -11.443 -11.972 -12.605 -12.995 -13.620 -13.958 -14.025
6.100 -0.533 2.213 -2.715 -5.663 -7.936 -8.817 -9.925 -9.826 -10.808 -10.944 -11.406 -11.936 -12.568 -12.958 -13.584 -13.921 -13.989
6.200 -0.498 2.247 -2.681 -5.628 -7.902 -8.783 -9.890 -9.791 -10.773 -10.909 -11.371 -11.901 -12.533 -12.924 -13.549 -13.887 -13.954
6.300 -0.465 2.280 -2.648 -5.595 -7.869 -8.750 -9.857 -9.758 -10.740 -10.876 -11.338 -11.868 -12.500 -12.891 -13.516 -13.854 -13.921
6.400 -0.434 2.312 -2.616 -5.563 -7.837 -8.718 -9.826 -9.726 -10.708 -10.844 -11.307 -11.836 -12.469 -12.859 -13.484 -13.822 -13.889
6.500 -0.403 2.342 -2.586 -5.533 -7.806 -8.687 -9.795 -9.696 -10.678 -10.814 -11.276 -11.806 -12.438 -12.828 -13.454 -13.792 -13.859
6.600 -0.374 2.372 -2.556 -5.504 -7.777 -8.658 -9.766 -9.667 -10.649 -10.785 -11.247 -11.777 -12.409 -12.799 -13.425 -13.763 -13.830
6.700 -0.346 2.399 -2.529 -5.476 -7.750 -8.631 -9.738 -9.639 -10.621 -10.757 -11.219 -11.749 -12.381 -12.772 -13.397 -13.735 -13.802
6.800 -0.319 2.426 -2.502 -5.449 -7.723 -8.604 -9.712 -9.612 -10.594 -10.730 -11.193 -11.722 -12.355 -12.745 -13.370 -13.708 -13.775
6.900 -0.294 2.452 -2.476 -5.423 -7.697 -8.578 -9.686 -9.587 -10.568 -10.704 -11.167 -11.696 -12.329 -12.719 -13.345 -13.682 -13.749
7.000 -0.269 2.477 -2.451 -5.399 -7.672 -8.553 -9.661 -9.562 -10.543 -10.680 -11.142 -11.671 -12.304 -12.694 -13.320 -13.657 -13.724
7.100 -0.245 2.501 -2.427 -5.374 -7.648 -8.529 -9.637 -9.538 -10.519 -10.655 -11.118 -11.647 -12.280 -12.670 -13.296 -13.633 -13.700
7.200 -0.221 2.524 -2.404 -5.351 -7.625 -8.506 -9.614 -9.514 -10.496 -10.632 -11.095 -11.624 -12.256 -12.647 -13.272 -13.610 -13.677
7.300 -0.199 2.547 -2.381 -5.329 -7.602 -8.483 -9.591 -9.492 -10.474 -10.610 -11.072 -11.602 -12.234 -12.624 -13.250 -13.587 -13.654
7.400 -0.177 2.568 -2.359 -5.307 -7.580 -8.461 -9.569 -9.470 -10.452 -10.588 -11.050 -11.580 -12.212 -12.602 -13.228 -13.566 -13.633
7.500 -0.156 2.590 -2.338 -5.285 -7.559 -8.440 -9.548 -9.449 -10.430 -10.567 -11.029 -11.558 -12.191 -12.581 -13.207 -13.544 -13.611
7.600 -0.135 2.611 -2.317 -5.265 -7.538 -8.419 -9.527 -9.428 -10.409 -10.546 -11.008 -11.537 -12.170 -12.560 -13.186 -13.523 -13.590
7.700 -0.114 2.631 -2.297 -5.244 -7.518 -8.399 -9.507 -9.407 -10.389 -10.525 -10.988 -11.517 -12.149 -12.540 -13.165 -13.503 -13.570
7.800 -0.094 2.651 -2.277 -5.224 -7.498 -8.379 -9.486 -9.387 -10.369 -10.505 -10.967 -11.497 -12.129 -12.520 -13.145 -13.483 -13.550
7.900 -0.074 2.671 -2.257 -5.204 -7.478 -8.359 -9.467 -9.367 -10.349 -10.485 -10.948 -11.477 -12.110 -12.500 -13.125 -13.463 -13.530
8.000 -0.055 2.691 -2.237 -5.185 -7.458 -8.339 -9.447 -9.348 -10.330 -10.466 -10.928 -11.458 -12.090 -12.480 -13.106 -13.443 -13.510
8.100 -0.036 2.710 -2.218 -5.165 -7.439 -8.320 -9.428 -9.329 -10.310 -10.446 -10.909 -11.438 -12.071 -12.461 -13.087 -13.424 -13.491
8.200 -0.016 2.729 -2.199 -5.146 -7.420 -8.301 -9.409 -9.309 -10.291 -10.427 -10.890 -11.419 -12.052 -12.442 -13.067 -13.405 -13.472
8.300 0.003 2.748 -2.180 -5.127 -7.401 -8.282 -9.390 -9.290 -10.272 -10.408 -10.871 -11.400 -12.032 -12.423 -13.048 -13.386 -13.453
8.400 0.021 2.767 -2.161 -5.108 -7.382 -8.263 -9.371 -9.272 -10.253 -10.389 -10.852 -11.381 -12.014 -12.404 -13.030 -13.367 -13.434
8.500 0.040 2.786 -2.142 -5.090 -7.363 -8.244 -9.352 -9.253 -10.235 -10.371 -10.833 -11.363 -11.995 -12.385 -13.011 -13.348 -13.415
8.600 0.059 2.804 -2.124 -5.071 -7.345 -8.226 -9.334 -9.234 -10.216 -10.352 -10.815 -11.344 -11.976 -12.367 -12.992 -13.330 -13.397
8.700 0.077 2.823 -2.105 -5.053 -7.326 -8.207 -9.315 -9.216 -10.197 -10.334 -10.796 -11.325 -11.958 -12.348 -12.974 -13.311 -13.378
8.800 0.096 2.841 -2.087 -5.034 -7.308 -8.189 -9.297 -9.197 -10.179 -10.315 -10.778 -11.307 -11.939 -12.330 -12.955 -13.293 -13.360
8.900 0.114 2.860 -2.068 -5.015 -7.289 -8.170 -9.278 -9.179 -10.160 -10.296 -10.759 -11.288 -11.921 -12.311 -12.937 -13.274 -13.341
9.000 0.133 2.878 -2.050 -4.997 -7.271 -8.152 -9.259 -9.160 -10.142 -10.278 -10.740 -11.270 -11.902 -12.293 -12.918 -13.256 -13.323
9.100 0.151 2.897 -2.031 -4.978 -7.252 -8.133 -9.241 -9.142 -10.123 -10.259 -10.722 -11.251 -11.884 -12.274 -12.900 -13.237 -13.304
9.200 0.170 2.915 -2.013 -4.960 -7.234 -8.115 -9.222 -9.123 -10.105 -10.241 -10.703 -11.233 -11.865 -12.256 -12.881 -13.219 -13.286
9.300 0.188 2.934 -1.994 -4.941 -7.215 -8.096 -9.204 -9.105 -10.086 -10.222 -10.685 -11.214 -11.847 -12.237 -12.862 -13.200 -13.267
9.400 0.207 2.953 -1.975 -4.923 -7.196 -8.077 -9.185 -9.086 -10.068 -10.204 -10.666 -11.196 -11.828 -12.218 -12.844 -13.181 -13.248
9.500 0.226 2.971 -1.957 -4.904 -7.178 -8.059 -9.166 -9.067 -10.049 -10.185 -10.647 -11.177 -11.809 -12.200 -12.825 -13.163 -13.230
9.600 0.245 2.990 -1.938 -4.885 -7.159 -8.040 -9.148 -9.048 -10.030 -10.166 -10.629 -11.158 -11.791 -12.181 -12.806 -13.144 -13.211
9.700 0.263 3.009 -1.919 -4.866 -7.140 -8.021 -9.129 -9.030 -10.011 -10.147 -10.610 -11.139 -11.772 -12.162 -12.787 -13.125 -13.192
9.800 0.282 3.028 -1.900 -4.847 -7.121 -8.002 -9.110 -9.011 -9.992 -10.129 -10.591 -11.120 -11.753 -12.143 -12.769 -13.106 -13.173
9.900 0.301 3.047 -1.881 -4.829 -7.102 -7.983 -9.091 -8.992 -9.973 -10.110 -10.572 -11.101 -11.734 -12.124 -12.750 -13.087 -13.154
10.000 0.320 3.066 -1.862 -4.810 -7.083 -7.964 -9.072 -8.973 -9.954 -10.091 -10.553 -11.083 -11.715 -12.105 -12.731 -13.068 -13.135
10.100 0.339 3.085 -1.843 -4.791 -7.064 -7.945 -9.053 -8.954 -9.935 -10.072 -10.534 -11.064 -11.696 -12.086 -12.712 -13.049 -13.116
10.200 0.358 3.104 -1.824 -4.772 -7.045 -7.926 -9.034 -8.935 -9.916 -10.053 -10.515 -11.044 -11.677 -12.067 -12.693 -13.030 -13.097
10.300 0.377 3.123 -1.805 -4.752 -7.026 -7.907 -9.015 -8.916 -9.897 -10.033 -10.496 -11.025 -11.658 -12.048 -12.674 -13.011 -13.078
10.400 0.397 3.142 -1.786 -4.733 -7.007 -7.888 -8.995 -8.896 -9.878 -10.014 -10.476 -11.006 -11.638 -12.029 -12.654 -12.992 -13.059
10.500 0.416 3.162 -1.766 -4.714 -6.987 -7.868 -8.976 -8.877 -9.859 -9.995 -10.457 -10.987 -11.619 -12.009 -12.635 -12.972 -13.039
10.600 0.435 3.181 -1.747 -4.694 -6.968 -7.849 -8.957 -8.858 -9.839 -9.975 -10.438 -10.967 -11.600 -11.990 -12.615 -12.953 -13.020
10.700 0.455 3.200 -1.728 -4.675 -6.948 -7.829 -8.937 -8.838 -9.820 -9.956 -10.418 -10.948 -11.580 -11.970 -12.596 -12.934 -13.001
10.800 0.474 3.220 -1.708 -4.655 -6.929 -7.810 -8.918 -8.819 -9.800 -9.936 -10.399 -10.928 -11.561 -11.951 -12.577 -12.914 -12.981
10.900 0.494 3.240 -1.688 -4.636 -6.909 -7.790 -8.898 -8.799 -9.781 -9.917 -10.379 -10.909 -11.541 -11.931 -12.557 -12.895 -12.962
11.000 0.514 3.259 -1.669 -4.616 -6.890 -7.771 -8.879 -8.779 -9.761 -9.897 -10.360 -10.889 -11.521 -11.912 -12.537 -12.875 -12.942
11.100 0.533 3.279 -1.649 -4.596 -6.870 -7.751 -8.859 -8.760 -9.741 -9.878 -10.340 -10.869 -11.502 -11.892 -12.518 -12.855 -12.922
11.200 0.553 3.299 -1.629 -4.577 -6.850 -7.731 -8.839 -8.740 -9.722 -9.858 -10.320 -10.850 -11.482 -11.872 -12.498 -12.835 -12.902
11.300 0.573 3.318 -1.610 -4.557 -6.831 -7.712 -8.819 -8.720 -9.702 -9.838 -10.300 -10.830 -11.462 -11.853 -12.478 -12.816 -12.883
11.400 0.593 3.338 -1.590 -4.537 -6.811 -7.692 -8.800 -8.700 -9.682 -9.818 -10.281 -10.810 -11.442 -11.833 -12.458 -12.796 -12.863
11.500 0.613 3.358 -1.570 -4.517 -6.791 -7.672 -8.780 -8.680 -9.662 -9.798 -10.261 -10.790 -11.423 -11.813 -12.438 -12.776 -12.843
11.600 0.632 3.378 -1.550 -4.497 -6.771 -7.652 -8.760 -8.661 -9.642 -9.778 -10.241 -10.770 -11.403 -11.793 -12.419 -12.756 -12.823
11.700 0.652 3.398 -1.530 -4.478 -6.751 -7.632 -8.740 -8.641 -9.622 -9.759 -10.221 -10.750 -11.383 -11.773 -12.399 -12.736 -12.803
11.800 0.672 3.418 -1.510 -4.458 -6.731 -7.612 -8.720 -8.621 -9.603 -9.739 -10.201 -10.731 -11.363 -11.753 -12.379 -12.716 -12.783
11.900 0.692 3.438 -1.490 -4.438 -6.711 -7.592 -8.700 -8.601 -9.583 -9.719 -10.181 -10.711 -11.343 -11.733 -12.359 -12.696 -12.764
12.000 0.712 3.458 -1.470 -4.418 -6.691 -7.572 -8.680 -8.581 -9.563 -9.699 -10.161 -10.691 -11.323 -11.713 -12.339 -12.677 -12.744
12.100 0.732 3.477 -1.450 -4.398 -6.671 -7.552 -8.660 -8.561 -9.543 -9.679 -10.141 -10.671 -11.303 -11.693 -12.319 -12.657 -12.724
12.200 0.752 3.497 -1.431 -4.378 -6.652 -7.533 -8.640 -8.541 -9.523 -9.659 -10.121 -10.651 -11.283 -11.674 -12.299 -12.637 -12.704
12.300 0.772 3.517 -1.411 -4.358 -6.632 -7.513 -8.620 -8.521 -9.503 -9.639 -10.101 -10.631 -11.263 -11.654 -12.279 -12.617 -12.684
12.400 0.792 3.537 -1.391 -4.338 -6.612 -7.493 -8.601 -8.501 -9.483 -9.619 -10.082 -10.611 -11.243 -11.634 -12.259 -12.597 -12.664
12.500 0.812 3.557 -1.371 -4.318 -6.592 -7.473 -8.581 -8.481 -9.463 -9.599 -10.062 -10.591 -11.224 -11.614 -12.239 -12.577 -12.644
12.600 0.831 3.577 -1.351 -4.298 -6.572 -7.453 -8.561 -8.462 -9.443 -9.579 -10.042 -10.571 -11.204 -11.594 -12.220 -12.557 -12.624
12.700 0.851 3.597 -1.331 -4.278 -6.552 -7.433 -8.541 -8.442 -9.423 -9.560 -10.022 -10.551 -11.184 -11.574 -12.200 -12.537 -12.604
12.800 0.871 3.617 -1.311 -4.259 -6.532 -7.413 -8.521 -8.422 -9.404 -9.540 -10.002 -10.532 -11.164 -11.554 -12.180 -12.517 -12.584
12.900 0.891 3.636 -1.292 -4.239 -6.513 -7.394 -8.501 -8.402 -9.384 -9.520 -9.982 -10.512 -11.144 -11.535 -12.160 -12.498 -12.565
13.000 0.911 3.656 -1.272 -4.219 -6.493 -7.374 -8.482 -8.382 -9.364 -9.500 -9.963 -10.492 -11.125 -11.515 -12.140 -12.478 -12.545
13.100 0.930 3.676 -1.252 -4.200 -6.473 -7.354 -8.462 -8.363 -9.344 -9.481 -9.943 -10.473 -11.105 -11.495 -12.121 -12.458 -12.525
13.200 0.950 3.695 -1.233 -4.180 -6.454 -7.335 -8.442 -8.343 -9.325 -9.461 -9.923 -10.453 -11.085 -11.476 -12.101 -12.439 -12.506
13.300 0.969 3.715 -1.213 -4.160 -6.434 -7.315 -8.423 -8.324 -9.305 -9.441 -9.904 -10.433 -11.066 -11.456 -12.082 -12.419 -12.486
13.400 0.989 3.734 -1.194 -4.141 -6.415 -7.296 -8.403 -8.304 -9.286 -9.422 -9.884 -10.414 -11.046 -11.437 -12.062 -12.400 -12.467
13.500 1.008 3.754 -1.174 -4.122 -6.395 -7.276 -8.384 -8.285 -9.266 -9.403 -9.865 -10.395 -11.027 -11.417 -12.043 -12.380 -12.447
13.600 1.027 3.773 -1.155 -4.102 -6.376 -7.257 -8.365 -8.266 -9.247 -9.383 -9.846 -10.375 -11.008 -11.398 -12.024 -12.361 -12.428
13.700 1.047 3.792 -1.136 -4.083 -6.357 -7.238 -8.346 -8.246 -9.228 -9.364 -9.827 -10.356 -10.988 -11.379 -12.004 -12.342 -12.409
13.800 1.066 3.811 -1.117 -4.064 -6.338 -7.219 -8.326 -8.227 -9.209 -9.345 -9.807 -10.337 -10.969 -11.360 -11.985 -12.323 -12.390
13.900 1.085 3.830 -1.098 -4.045 -6.319 -7.200 -8.307 -8.208 -9.190 -9.326 -9.788 -10.318 -10.950 -11.341 -11.966 -12.304 -12.371
14.000 1.104 3.849 -1.079 -4.026 -6.300 -7.181 -8.289 -8.189 -9.171 -9.307 -9.770 -10.299 -10.931 -11.322 -11.947 -12.285 -12.352
14.100 1.123 3.868 -1.060 -4.007 -6.281 -7.162 -8.270 -8.170 -9.152 -9.288 -9.751 -10.280 -10.913 -11.303 -11.928 -12.266 -12.333
14.200 1.141 3.887 -1.041 -3.988 -6.262 -7.143 -8.251 -8.152 -9.133 -9.270 -9.732 -10.261 -10.894 -11.284 -11.910 -12.247 -12.314
14.300 1.160 3.905 -1.023 -3.970 -6.243 -7.124 -8.232 -8.133 -9.115 -9.251 -9.713 -10.243 -10.875 -11.265 -11.891 -12.229 -12.296
14.400 1.178 3.924 -1.004 -3.951 -6.225 -7.106 -8.214 -8.115 -9.096 -9.232 -9.695 -10.224 -10.857 -11.247 -11.873 -12.210 -12.277
14.500 1.197 3.942 -0.986 -3.933 -6.207 -7.088 -8.196 -8.096 -9.078 -9.214 -9.677 -10.206 -10.838 -11.229 -11.854 -12.192 -12.259
14.600 1.215 3.961 -0.967 -3.915 -6.188 -7.069 -8.177 -8.078 -9.060 -9.196 -9.658 -10.188 -10.820 -11.210 -11.836 -12.174 -12.241
14.700 1.233 3.979 -0.949 -3.897 -6.170 -7.051 -8.159 -8.060 -9.042 -9.178 -9.640 -10.170 -10.802 -11.192 -11.818 -12.155 -12.222
14.800 1.251 3.997 -0.931 -3.879 -6.152 -7.033 -8.141 -8.042 -9.024 -9.160 -9.622 -10.152 -10.784 -11.174 -11.800 -12.137 -12.204
14.900 1.269 4.015 -0.913 -3.861 -6.134 -7.015 -8.123 -8.024 -9.006 -9.142 -9.604 -10.134 -10.766 -11.156 -11.782 -12.120 -12.187
15.000 1.287 4.032 -0.896 -3.843 -6.117 -6.998 -8.106 -8.006 -8.988 -9.124 -9.587 -10.116 -10.748 -11.139 -11.764 -12.102 -12.169
