# day W2 M2 W1 u B g V c r w o i z y J H K
0.000 -10.142 -9.937 -9.734 -8.877 -8.509 -8.331 -8.019 -8.143 -7.762 -7.947 -7.621 -7.339 -7.024 -6.781 -6.289 -5.653 -5.066
0.100 -14.766 -14.723 -14.625 -14.239 -14.031 -13.924 -13.733 -13.805 -13.565 -13.666 -13.469 -13.273 -13.041 -12.853 -12.463 -11.924 -11.406
0.200 -14.516 -14.619 -14.632 -14.605 -14.510 -14.451 -14.338 -14.378 -14.225 -14.280 -14.158 -14.013 -13.829 -13.675 -13.343 -12.857 -12.377
0.300 -13.926 -14.167 -14.311 -14.633 -14.649 -14.636 -14.593 -14.606 -14.530 -14.549 -14.490 -14.387 -14.246 -14.118 -13.834 -13.392 -12.941
0.400 -13.229 -13.590 -13.882 -14.530 -14.655 -14.685 -14.709 -14.698 -14.692 -14.681 -14.676 -14.613 -14.508 -14.405 -14.164 -13.759 -13.334
0.500 -12.530 -12.985 -13.428 -14.368 -14.596 -14.668 -14.753 -14.722 -14.779 -14.745 -14.787 -14.758 -14.688 -14.608 -14.405 -14.035 -13.632
0.600 -11.894 -12.411 -12.997 -14.183 -14.505 -14.616 -14.755 -14.708 -14.822 -14.769 -14.851 -14.854 -14.816 -14.756 -14.589 -14.250 -13.869
0.700 -11.363 -11.913 -12.618 -13.996 -14.400 -14.545 -14.733 -14.672 -14.835 -14.769 -14.885 -14.916 -14.907 -14.867 -14.734 -14.424 -14.063
0.800 -10.939 -11.499 -12.296 -13.817 -14.291 -14.465 -14.695 -14.623 -14.829 -14.753 -14.898 -14.954 -14.972 -14.950 -14.848 -14.567 -14.225
0.900 -10.589 -11.152 -12.019 -13.649 -14.180 -14.380 -14.645 -14.564 -14.808 -14.726 -14.894 -14.973 -15.016 -15.010 -14.939 -14.684 -14.360
1.000 -10.277 -10.840 -11.771 -13.491 -14.071 -14.292 -14.588 -14.501 -14.777 -14.691 -14.879 -14.978 -15.044 -15.054 -15.011 -14.782 -14.476
1.100 -9.973 -10.533 -11.529 -13.333 -13.958 -14.200 -14.523 -14.431 -14.735 -14.647 -14.852 -14.970 -15.057 -15.082 -15.066 -14.862 -14.574
1.200 -9.657 -10.209 -11.279 -13.171 -13.841 -14.101 -14.451 -14.354 -14.684 -14.595 -14.816 -14.950 -15.058 -15.096 -15.107 -14.927 -14.657
1.300 -9.320 -9.858 -11.012 -12.996 -13.714 -13.994 -14.371 -14.268 -14.625 -14.534 -14.770 -14.921 -15.047 -15.099 -15.135 -14.979 -14.726
1.400 -8.961 -9.474 -10.723 -12.807 -13.577 -13.878 -14.282 -14.175 -14.558 -14.467 -14.717 -14.884 -15.029 -15.093 -15.153 -15.021 -14.784
1.500 -8.577 -9.054 -10.409 -12.598 -13.425 -13.749 -14.182 -14.070 -14.481 -14.390 -14.654 -14.837 -15.000 -15.078 -15.161 -15.051 -14.831
1.600 -8.173 -8.598 -10.074 -12.372 -13.262 -13.611 -14.075 -13.959 -14.398 -14.307 -14.586 -14.785 -14.967 -15.057 -15.162 -15.074 -14.870
1.700 -7.753 -8.110 -9.719 -12.125 -13.084 -13.459 -13.957 -13.836 -14.306 -14.216 -14.510 -14.726 -14.927 -15.029 -15.156 -15.088 -14.899
1.800 -7.325 -7.594 -9.351 -11.863 -12.894 -13.299 -13.832 -13.707 -14.209 -14.121 -14.431 -14.665 -14.885 -15.000 -15.148 -15.095 -14.916
1.900 -6.901 -7.061 -8.978 -11.592 -12.699 -13.133 -13.704 -13.574 -14.111 -14.026 -14.351 -14.603 -14.845 -14.972 -15.139 -15.097 -14.923
2.000 -6.490 -6.525 -8.610 -11.313 -12.496 -12.960 -13.567 -13.435 -14.003 -13.924 -14.263 -14.534 -14.797 -14.938 -15.125 -15.098 -14.929
2.100 -6.100 -5.999 -8.253 -11.034 -12.290 -12.783 -13.426 -13.292 -13.892 -13.819 -14.170 -14.460 -14.745 -14.899 -15.108 -15.096 -14.936
2.200 -5.749 -5.510 -7.925 -10.769 -12.093 -12.613 -13.288 -13.153 -13.781 -13.716 -14.079 -14.386 -14.692 -14.859 -15.090 -15.094 -14.943
2.300 -5.432 -5.063 -7.623 -10.514 -11.901 -12.445 -13.151 -13.015 -13.670 -13.612 -13.985 -14.309 -14.635 -14.816 -15.069 -15.091 -14.950
2.400 -5.149 -4.664 -7.350 -10.275 -11.717 -12.284 -13.017 -12.881 -13.560 -13.511 -13.893 -14.231 -14.577 -14.771 -15.046 -15.086 -14.956
2.500 -4.903 -4.319 -7.109 -10.058 -11.548 -12.134 -12.891 -12.755 -13.456 -13.415 -13.804 -14.156 -14.520 -14.727 -15.024 -15.081 -14.962
2.600 -4.688 -4.019 -6.897 -9.864 -11.395 -11.997 -12.775 -12.640 -13.358 -13.326 -13.721 -14.085 -14.466 -14.684 -15.002 -15.076 -14.969
2.700 -4.490 -3.741 -6.702 -9.682 -11.249 -11.867 -12.664 -12.530 -13.264 -13.240 -13.641 -14.015 -14.412 -14.641 -14.979 -15.071 -14.975
2.800 -4.302 -3.474 -6.516 -9.508 -11.111 -11.743 -12.556 -12.423 -13.173 -13.157 -13.562 -13.947 -14.359 -14.598 -14.955 -15.065 -14.981
2.900 -4.124 -3.214 -6.340 -9.343 -10.978 -11.623 -12.454 -12.322 -13.086 -13.077 -13.487 -13.881 -14.307 -14.557 -14.932 -15.059 -14.986
3.000 -3.962 -2.971 -6.178 -9.190 -10.857 -11.515 -12.360 -12.229 -13.006 -13.004 -13.418 -13.821 -14.260 -14.518 -14.911 -15.054 -14.993
3.100 -3.802 -2.726 -6.019 -9.039 -10.738 -11.408 -12.268 -12.138 -12.928 -12.933 -13.351 -13.762 -14.213 -14.481 -14.890 -15.049 -14.999
3.200 -3.646 -2.475 -5.862 -8.890 -10.624 -11.307 -12.183 -12.054 -12.857 -12.869 -13.290 -13.709 -14.172 -14.447 -14.871 -15.041 -15.000
3.300 -3.492 -2.219 -5.708 -8.742 -10.514 -11.211 -12.104 -11.976 -12.792 -12.811 -13.236 -13.662 -14.136 -14.418 -14.854 -15.032 -14.996
3.400 -3.335 -1.954 -5.550 -8.587 -10.398 -11.110 -12.020 -11.894 -12.723 -12.749 -13.178 -13.613 -14.098 -14.388 -14.835 -15.023 -14.993
3.500 -3.183 -1.695 -5.397 -8.436 -10.285 -11.011 -11.937 -11.813 -12.655 -12.689 -13.121 -13.564 -14.060 -14.358 -14.818 -15.016 -14.991
3.600 -3.031 -1.433 -5.243 -8.281 -10.169 -10.910 -11.853 -11.730 -12.585 -12.627 -13.063 -13.514 -14.022 -14.327 -14.800 -15.009 -14.991
3.700 -2.875 -1.162 -5.084 -8.120 -10.048 -10.803 -11.763 -11.642 -12.511 -12.562 -13.000 -13.459 -13.980 -14.293 -14.781 -15.001 -14.990
3.800 -2.713 -0.882 -4.920 -7.952 -9.921 -10.691 -11.669 -11.550 -12.432 -12.492 -12.934 -13.402 -13.934 -14.256 -14.759 -14.992 -14.989
3.900 -2.548 -0.595 -4.752 -7.778 -9.788 -10.574 -11.570 -11.453 -12.350 -12.419 -12.864 -13.340 -13.886 -14.217 -14.735 -14.981 -14.987
4.000 -2.380 -0.299 -4.580 -7.598 -9.651 -10.452 -11.466 -11.352 -12.263 -12.342 -12.790 -13.275 -13.835 -14.175 -14.709 -14.969 -14.984
4.100 -2.214 -0.007 -4.411 -7.419 -9.514 -10.331 -11.363 -11.251 -12.175 -12.265 -12.716 -13.210 -13.783 -14.132 -14.683 -14.957 -14.981
4.200 -2.049 0.286 -4.242 -7.239 -9.376 -10.208 -11.258 -11.148 -12.086 -12.186 -12.640 -13.142 -13.729 -14.088 -14.656 -14.944 -14.977
4.300 -1.880 0.582 -4.070 -7.053 -9.233 -10.080 -11.148 -11.042 -11.994 -12.105 -12.561 -13.072 -13.673 -14.041 -14.627 -14.929 -14.973
4.400 -1.709 0.883 -3.896 -6.864 -9.086 -9.949 -11.035 -10.932 -11.897 -12.019 -12.479 -12.998 -13.613 -13.991 -14.595 -14.913 -14.967
4.500 -1.535 1.187 -3.718 -6.669 -8.935 -9.813 -10.917 -10.817 -11.796 -11.930 -12.392 -12.920 -13.550 -13.938 -14.560 -14.895 -14.960
4.600 -1.482 1.264 -3.664 -6.611 -8.885 -9.766 -10.874 -10.775 -11.756 -11.893 -12.355 -12.884 -13.517 -13.907 -14.533 -14.870 -14.937
4.700 -1.455 1.291 -3.637 -6.584 -8.858 -9.739 -10.847 -10.748 -11.729 -11.866 -12.328 -12.857 -13.490 -13.880 -14.506 -14.843 -14.910
4.800 -1.427 1.318 -3.610 -6.557 -8.831 -9.712 -10.820 -10.720 -11.702 -11.838 -12.301 -12.830 -13.463 -13.853 -14.478 -14.816 -14.883
4.900 -1.400 1.345 -3.582 -6.530 -8.803 -9.684 -10.792 -10.693 -11.675 -11.811 -12.273 -12.803 -13.435 -13.825 -14.451 -14.789 -14.856
5.000 -1.372 1.374 -3.554 -6.502 -8.775 -9.656 -10.764 -10.665 -11.647 -11.783 -12.245 -12.775 -13.407 -13.797 -14.423 -14.761 -14.828
5.100 -1.343 1.403 -3.525 -6.473 -8.746 -9.627 -10.735 -10.636 -11.617 -11.754 -12.216 -12.746 -13.378 -13.768 -14.394 -14.731 -14.798
5.200 -1.313 1.433 -3.495 -6.442 -8.716 -9.597 -10.705 -10.606 -11.587 -11.723 -12.186 -12.715 -13.348 -13.738 -14.364 -14.701 -14.768
5.300 -1.281 1.464 -3.464 -6.411 -8.685 -9.566 -10.674 -10.574 -11.556 -11.692 -12.155 -12.684 -13.316 -13.707 -14.332 -14.670 -14.737
5.400 -1.249 1.496 -3.432 -6.379 -8.653 -9.534 -10.642 -10.542 -11.524 -11.660 -12.123 -12.652 -13.284 -13.675 -14.300 -14.638 -14.705
5.500 -1.216 1.529 -3.399 -6.346 -8.620 -9.501 -10.609 -10.509 -11.491 -11.627 -12.090 -12.619 -13.252 -13.642 -14.267 -14.605 -14.672
5.600 -1.183 1.563 -3.365 -6.312 -8.586 -9.467 -10.575 -10.476 -11.457 -11.594 -12.056 -12.585 -13.218 -13.608 -14.234 -14.571 -14.638
5.700 -1.149 1.596 -3.332 -6.279 -8.553 -9.434 -10.541 -10.442 -11.424 -11.560 -12.022 -12.552 -13.184 -13.575 -14.200 -14.538 -14.605
5.800 -1.115 1.630 -3.298 -6.245 -8.519 -9.400 -10.507 -10.408 -11.390 -11.526 -11.988 -12.518 -13.150 -13.541 -14.166 -14.504 -14.571
5.900 -1.081 1.665 -3.263 -6.211 -8.484 -9.365 -10.473 -10.374 -11.355 -11.492 -11.954 -12.484 -13.116 -13.506 -14.132 -14.469 -14.536
6.000 -1.046 1.700 -3.228 -6.176 -8.449 -9.330 -10.438 -10.339 -11.321 -11.457 -11.919 -12.449 -13.081 -13.471 -14.097 -14.434 -14.501
6.100 -1.010 1.735 -3.193 -6.140 -8.414 -9.295 -10.403 -10.303 -11.285 -11.421 -11.884 -12.413 -13.046 -13.436 -14.061 -14.399 -14.466
6.200 -0.974 1.771 -3.157 -6.104 -8.378 -9.259 -10.367 -10.267 -11.249 -11.385 -11.848 -12.377 -13.010 -13.400 -14.025 -14.363 -14.430
6.300 -0.938 1.808 -3.120 -6.068 -8.341 -9.222 -10.330 -10.231 -11.213 -11.349 -11.811 -12.341 -12.973 -13.363 -13.989 -14.326 -14.393
6.400 -0.901 1.844 -3.084 -6.031 -8.305 -9.186 -10.293 -10.194 -11.176 -11.312 -11.774 -12.304 -12.936 -13.327 -13.952 -14.290 -14.357
6.500 -0.864 1.881 -3.047 -5.994 -8.267 -9.148 -10.256 -10.157 -11.139 -11.275 -11.737 -12.267 -12.899 -13.290 -13.915 -14.253 -14.320
6.600 -0.827 1.919 -3.009 -5.957 -8.230 -9.111 -10.219 -10.120 -11.101 -11.238 -11.700 -12.230 -12.862 -13.252 -13.878 -14.215 -14.282
6.700 -0.790 1.956 -2.972 -5.920 -8.193 -9.074 -10.182 -10.083 -11.064 -11.201 -11.663 -12.192 -12.825 -13.215 -13.841 -14.178 -14.245
6.800 -0.753 1.993 -2.935 -5.883 -8.156 -9.037 -10.145 -10.046 -11.028 -11.164 -11.626 -12.156 -12.788 -13.178 -13.804 -14.141 -14.208
6.900 -0.716 2.030 -2.898 -5.846 -8.119 -9.000 -10.108 -10.009 -10.991 -11.127 -11.589 -12.119 -12.751 -13.141 -13.767 -14.105 -14.172
7.000 -0.679 2.066 -2.862 -5.809 -8.083 -8.964 -10.071 -9.972 -10.954 -11.090 -11.552 -12.082 -12.714 -13.105 -13.730 -14.068 -14.135
7.100 -0.642 2.103 -2.825 -5.772 -8.046 -8.927 -10.035 -9.935 -10.917 -11.053 -11.516 -12.045 -12.677 -13.068 -13.693 -14.031 -14.098
7.200 -0.606 2.140 -2.788 -5.735 -8.009 -8.890 -9.998 -9.899 -10.880 -11.016 -11.479 -12.008 -12.641 -13.031 -13.657 -13.994 -14.061
7.300 -0.569 2.177 -2.751 -5.699 -7.972 -8.853 -9.961 -9.862 -10.844 -10.980 -11.442 -11.972 -12.604 -12.994 -13.620 -13.958 -14.025
7.400 -0.533 2.213 -2.715 -5.662 -7.936 -8.817 -9.925 -9.826 -10.807 -10.943 -11.406 -11.935 -12.568 -12.958 -13.584 -13.921 -13.988
7.500 -0.496 2.249 -2.679 -5.626 -7.900 -8.781 -9.889 -9.789 -10.771 -10.907 -11.370 -11.899 -12.532 -12.922 -13.547 -13.885 -13.952
7.600 -0.461 2.285 -2.643 -5.590 -7.864 -8.745 -9.853 -9.754 -10.735 -10.871 -11.334 -11.863 -12.496 -12.886 -13.511 -13.849 -13.916
7.700 -0.425 2.321 -2.607 -5.555 -7.828 -8.709 -9.817 -9.718 -10.700 -10.836 -11.298 -11.828 -12.460 -12.850 -13.476 -13.813 -13.880
7.800 -0.390 2.356 -2.572 -5.519 -7.793 -8.674 -9.782 -9.683 -10.664 -10.800 -11.263 -11.792 -12.425 -12.815 -13.441 -13.778 -13.845
7.900 -0.355 2.391 -2.537 -5.485 -7.758 -8.639 -9.747 -9.648 -10.630 -10.766 -11.228 -11.758 -12.390 -12.780 -13.406 -13.744 -13.811
8.000 -0.321 2.425 -2.503 -5.451 -7.724 -8.605 -9.713 -9.614 -10.596 -10.732 -11.194 -11.724 -12.356 -12.746 -13.372 -13.709 -13.776
8.100 -0.287 2.458 -2.470 -5.417 -7.691 -8.572 -9.679 -9.580 -10.562 -10.698 -11.160 -11.690 -12.322 -12.713 -13.338 -13.676 -13.743
8.200 -0.254 2.491 -2.437 -5.384 -7.658 -8.539 -9.646 -9.547 -10.529 -10.665 -11.127 -11.657 -12.289 -12.680 -13.305 -13.643 -13.710
8.300 -0.222 2.524 -2.404 -5.351 -7.625 -8.506 -9.614 -9.514 -10.496 -10.632 -11.095 -11.624 -12.257 -12.647 -13.272 -13.610 -13.677
8.400 -0.189 2.556 -2.372 -5.319 -7.593 -8.474 -9.582 -9.482 -10.464 -10.600 -11.063 -11.592 -12.224 -12.615 -13.240 -13.578 -13.645
8.500 -0.158 2.588 -2.340 -5.288 -7.561 -8.442 -9.550 -9.451 -10.432 -10.569 -11.031 -11.560 -12.193 -12.583 -13.209 -13.546 -13.613
8.600 -0.127 2.619 -2.309 -5.256 -7.530 -8.411 -9.519 -9.420 -10.401 -10.537 -11.000 -11.529 -12.162 -12.552 -13.178 -13.515 -13.582
8.700 -0.096 2.649 -2.279 -5.226 -7.500 -8.381 -9.488 -9.389 -10.371 -10.507 -10.969 -11.499 -12.131 -12.522 -13.147 -13.485 -13.552
8.800 -0.066 2.679 -2.249 -5.196 -7.470 -8.351 -9.458 -9.359 -10.341 -10.477 -10.939 -11.469 -12.101 -12.492 -13.117 -13.455 -13.522
8.900 -0.037 2.709 -2.219 -5.167 -7.440 -8.321 -9.429 -9.330 -10.311 -10.448 -10.910 -11.440 -12.072 -12.462 -13.088 -13.425 -13.492
9.000 -0.008 2.738 -2.190 -5.138 -7.411 -8.292 -9.400 -9.301 -10.283 -10.419 -10.881 -11.411 -12.043 -12.433 -13.059 -13.397 -13.464
9.100 0.020 2.766 -2.162 -5.110 -7.383 -8.264 -9.372 -9.273 -10.254 -10.391 -10.853 -11.382 -12.015 -12.405 -13.031 -13.368 -13.435
9.200 0.048 2.793 -2.135 -5.082 -7.356 -8.237 -9.344 -9.245 -10.227 -10.363 -10.825 -11.355 -11.987 -12.378 -13.003 -13.341 -13.408
9.300 0.075 2.820 -2.107 -5.055 -7.328 -8.209 -9.317 -9.218 -10.200 -10.336 -10.798 -11.328 -11.960 -12.350 -12.976 -13.314 -13.381
9.400 0.101 2.847 -2.081 -5.028 -7.302 -8.183 -9.291 -9.192 -10.173 -10.309 -10.772 -11.301 -11.934 -12.324 -12.950 -13.287 -13.354
9.500 0.127 2.873 -2.055 -5.002 -7.276 -8.157 -9.265 -9.166 -10.147 -10.284 -10.746 -11.275 -11.908 -12.298 -12.924 -13.261 -13.328
9.600 0.153 2.898 -2.030 -4.977 -7.251 -8.132 -9.240 -9.140 -10.122 -10.258 -10.721 -11.250 -11.882 -12.273 -12.898 -13.236 -13.303
9.700 0.177 2.923 -2.005 -4.952 -7.226 -8.107 -9.215 -9.115 -10.097 -10.233 -10.696 -11.225 -11.858 -12.248 -12.873 -13.211 -13.278
9.800 0.202 2.947 -1.981 -4.928 -7.202 -8.083 -9.190 -9.091 -10.073 -10.209 -10.671 -11.201 -11.833 -12.224 -12.849 -13.187 -13.254
9.900 0.226 2.971 -1.957 -4.904 -7.178 -8.059 -9.167 -9.067 -10.049 -10.185 -10.648 -11.177 -11.809 -12.200 -12.825 -13.163 -13.230
10.000 0.249 2.995 -1.933 -4.881 -7.154 -8.035 -9.143 -9.044 -10.026 -10.162 -10.624 -11.154 -11.786 -12.176 -12.802 -13.140 -13.207
10.100 0.272 3.017 -1.911 -4.858 -7.132 -8.013 -9.120 -9.021 -10.003 -10.139 -10.601 -11.131 -11.763 -12.154 -12.779 -13.117 -13.184
10.200 0.294 3.040 -1.888 -4.835 -7.109 -7.990 -9.098 -8.999 -9.980 -10.117 -10.579 -11.108 -11.741 -12.131 -12.757 -13.094 -13.161
10.300 0.316 3.062 -1.866 -4.814 -7.087 -7.968 -9.076 -8.977 -9.958 -10.095 -10.557 -11.086 -11.719 -12.109 -12.735 -13.072 -13.139
10.400 0.338 3.083 -1.845 -4.792 -7.066 -7.947 -9.054 -8.955 -9.937 -10.073 -10.535 -11.065 -11.697 -12.088 -12.713 -13.051 -13.118
10.500 0.359 3.105 -1.823 -4.771 -7.044 -7.925 -9.033 -8.934 -9.916 -10.052 -10.514 -11.044 -11.676 -12.066 -12.692 -13.030 -13.097
10.600 0.380 3.125 -1.803 -4.750 -7.024 -7.905 -9.013 -8.913 -9.895 -10.031 -10.494 -11.023 -11.655 -12.046 -12.671 -13.009 -13.076
10.700 0.400 3.146 -1.782 -4.730 -7.003 -7.884 -8.992 -8.893 -9.875 -10.011 -10.473 -11.003 -11.635 -12.025 -12.651 -12.988 -13.055
10.800 0.420 3.166 -1.762 -4.710 -6.983 -7.864 -8.972 -8.873 -9.855 -9.991 -10.453 -10.983 -11.615 -12.005 -12.631 -12.968 -13.035
10.900 0.440 3.185 -1.743 -4.690 -6.964 -7.845 -8.953 -8.853 -9.835 -9.971 -10.434 -10.963 -11.595 -11.986 -12.611 -12.949 -13.016
11.000 0.459 3.205 -1.723 -4.671 -6.944 -7.825 -8.933 -8.834 -9.816 -9.952 -10.414 -10.944 -11.576 -11.966 -12.592 -12.930 -12.997
11.100 0.478 3.224 -1.704 -4.652 -6.925 -7.806 -8.914 -8.815 -9.797 -9.933 -10.395 -10.925 -11.557 -11.947 -12.573 -12.911 -12.978
11.200 0.497 3.242 -1.686 -4.633 -6.907 -7.788 -8.896 -8.796 -9.778 -9.914 -10.377 -10.906 -11.538 -11.929 -12.554 -12.892 -12.959
11.300 0.515 3.261 -1.667 -4.615 -6.888 -7.769 -8.877 -8.778 -9.760 -9.896 -10.358 -10.888 -11.520 -11.910 -12.536 -12.873 -12.940
11.400 0.533 3.279 -1.649 -4.597 -6.870 -7.751 -8.859 -8.760 -9.741 -9.878 -10.340 -10.870 -11.502 -11.892 -12.518 -12.855 -12.922
11.500 0.551 3.297 -1.631 -4.579 -6.852 -7.733 -8.841 -8.742 -9.724 -9.860 -10.322 -10.852 -11.484 -11.874 -12.500 -12.837 -12.905
11.600 0.569 3.314 -1.614 -4.561 -6.835 -7.716 -8.824 -8.724 -9.706 -9.842 -10.305 -10.834 -11.466 -11.857 -12.482 -12.820 -12.887
11.700 0.586 3.332 -1.596 -4.544 -6.817 -7.698 -8.806 -8.707 -9.689 -9.825 -10.287 -10.817 -11.449 -11.839 -12.465 -12.803 -12.870
11.800 0.603 3.349 -1.579 -4.527 -6.800 -7.681 -8.789 -8.690 -9.672 -9.808 -10.270 -10.800 -11.432 -11.822 -12.448 -12.785 -12.852
11.900 0.620 3.366 -1.562 -4.510 -6.783 -7.664 -8.772 -8.673 -9.655 -9.791 -10.253 -10.783 -11.415 -11.805 -12.431 -12.769 -12.836
12.000 0.637 3.382 -1.546 -4.493 -6.767 -7.648 -8.756 -8.656 -9.638 -9.774 -10.237 -10.766 -11.398 -11.789 -12.414 -12.752 -12.819
12.100 0.653 3.399 -1.529 -4.477 -6.750 -7.631 -8.739 -8.640 -9.622 -9.758 -10.220 -10.750 -11.382 -11.772 -12.398 -12.735 -12.802
12.200 0.669 3.415 -1.513 -4.460 -6.734 -7.615 -8.723 -8.624 -9.605 -9.741 -10.204 -10.733 -11.366 -11.756 -12.382 -12.719 -12.786
12.300 0.685 3.431 -1.497 -4.444 -6.718 -7.599 -8.707 -8.608 -9.589 -9.725 -10.188 -10.717 -11.350 -11.740 -12.366 -12.703 -12.770
12.400 0.701 3.447 -1.481 -4.428 -6.702 -7.583 -8.691 -8.592 -9.573 -9.710 -10.172 -10.701 -11.334 -11.724 -12.350 -12.687 -12.754
12.500 0.717 3.463 -1.465 -4.413 -6.686 -7.567 -8.675 -8.576 -9.558 -9.694 -10.156 -10.686 -11.318 -11.708 -12.334 -12.671 -12.739
12.600 0.733 3.478 -1.450 -4.397 -6.671 -7.552 -8.660 -8.560 -9.542 -9.678 -10.141 -10.670 -11.303 -11.693 -12.318 -12.656 -12.723
12.700 0.748 3.494 -1.434 -4.382 -6.655 -7.536 -8.644 -8.545 -9.527 -9.663 -10.125 -10.655 -11.287 -11.677 -12.303 -12.641 -12.708
12.800 0.763 3.509 -1.419 -4.367 -6.640 -7.521 -8.629 -8.530 -9.511 -9.648 -10.110 -10.640 -11.272 -11.662 -12.288 -12.625 -12.692
12.900 0.778 3.524 -1.404 -4.351 -6.625 -7.506 -8.614 -8.515 -9.496 -9.633 -10.095 -10.624 -11.257 -11.647 -12.273 -12.610 -12.677
13.000 0.793 3.539 -1.389 -4.337 -6.610 -7.491 -8.599 -8.500 -9.481 -9.618 -10.080 -10.610 -11.242 -11.632 -12.258 -12.595 -12.662
13.100 0.808 3.554 -1.374 -4.322 -6.595 -7.476 -8.584 -8.485 -9.467 -9.603 -10.065 -10.595 -11.227 -11.617 -12.243 -12.581 -12.648
13.200 0.823 3.568 -1.360 -4.307 -6.581 -7.462 -8.570 -8.470 -9.452 -9.588 -10.051 -10.580 -11.212 -11.603 -12.228 -12.566 -12.633
13.300 0.837 3.583 -1.345 -4.293 -6.566 -7.447 -8.555 -8.456 -9.437 -9.574 -10.036 -10.566 -11.198 -11.588 -12.214 -12.551 -12.618
13.400 0.852 3.597 -1.331 -4.278 -6.552 -7.433 -8.541 -8.441 -9.423 -9.559 -10.022 -10.551 -11.184 -11.574 -12.199 -12.537 -12.604
13.500 0.866 3.611 -1.317 -4.264 -6.538 -7.419 -8.526 -8.427 -9.409 -9.545 -10.007 -10.537 -11.169 -11.560 -12.185 -12.523 -12.590
13.600 0.880 3.626 -1.302 -4.250 -6.523 -7.404 -8.512 -8.413 -9.395 -9.531 -9.993 -10.523 -11.155 -11.545 -12.171 -12.509 -12.576
13.700 0.894 3.640 -1.288 -4.236 -6.509 -7.390 -8.498 -8.399 -9.381 -9.517 -9.979 -10.509 -11.141 -11.531 -12.157 -12.495 -12.562
13.800 0.908 3.653 -1.274 -4.222 -6.495 -7.376 -8.484 -8.385 -9.367 -9.503 -9.965 -10.495 -11.127 -11.517 -12.143 -12.481 -12.548
13.900 0.922 3.667 -1.261 -4.208 -6.482 -7.363 -8.471 -8.371 -9.353 -9.489 -9.952 -10.481 -11.113 -11.504 -12.129 -12.467 -12.534
14.000 0.935 3.681 -1.247 -4.194 -6.468 -7.349 -8.457 -8.358 -9.339 -9.475 -9.938 -10.467 -11.100 -11.490 -12.116 -12.453 -12.520
14.100 0.949 3.695 -1.233 -4.181 -6.454 -7.335 -8.443 -8.344 -9.326 -9.462 -9.924 -10.454 -11.086 -11.476 -12.102 -12.440 -12.507
14.200 0.962 3.708 -1.220 -4.167 -6.441 -7.322 -8.430 -8.331 -9.312 -9.448 -9.911 -10.440 -11.073 -11.463 -12.088 -12.426 -12.493
14.300 0.976 3.721 -1.207 -4.154 -6.428 -7.309 -8.416 -8.317 -9.299 -9.435 -9.897 -10.427 -11.059 -11.450 -12.075 -12.413 -12.480
14.400 0.989 3.735 -1.193 -4.141 -6.414 -7.295 -8.403 -8.304 -9.285 -9.422 -9.884 -10.414 -11.046 -11.436 -12.062 -12.399 -12.466
14.500 1.002 3.748 -1.180 -4.127 -6.401 -7.282 -8.390 -8.291 -9.272 -9.409 -9.871 -10.400 -11.033 -11.423 -12.049 -12.386 -12.453
14.600 1.015 3.761 -1.167 -4.114 -6.388 -7.269 -8.377 -8.278 -9.259 -9.395 -9.858 -10.387 -11.020 -11.410 -12.036 -12.373 -12.440
14.700 1.028 3.774 -1.154 -4.101 -6.375 -7.256 -8.364 -8.265 -9.246 -9.382 -9.845 -10.374 -11.007 -11.397 -12.023 -12.360 -12.427
14.800 1.041 3.787 -1.141 -4.088 -6.362 -7.243 -8.351 -8.252 -9.233 -9.370 -9.832 -10.361 -10.994 -11.384 -12.010 -12.347 -12.414
14.900 1.054 3.800 -1.128 -4.076 -6.349 -7.230 -8.338 -8.239 -9.221 -9.357 -9.819 -10.349 -10.981 -11.371 -11.997 -12.334 -12.401
15.000 1.067 3.812 -1.116 -4.063 -6.337 -7.218 -8.325 -8.226 -9.208 -9.344 -9.806 -10.336 -10.968 -11.359 -11.984 -12.322 -12.389
