# day W2 M2 W1 u B g V c r w o i z y J H K
0.000 -6.708 -6.593 -6.439 -5.803 -5.495 -5.342 -5.071 -5.177 -4.843 -4.998 -4.715 -4.460 -4.169 -3.942 -3.477 -2.868 -2.299
0.100 -9.570 -10.023 -10.445 -11.316 -11.488 -11.531 -11.566 -11.550 -11.547 -11.530 -11.526 -11.453 -11.332 -11.215 -10.942 -10.504 -10.052
0.200 -9.140 -9.687 -10.353 -11.652 -11.998 -12.114 -12.253 -12.204 -12.311 -12.255 -12.332 -12.321 -12.261 -12.184 -11.980 -11.602 -11.190
0.300 -8.715 -9.289 -10.141 -11.720 -12.192 -12.360 -12.574 -12.504 -12.688 -12.612 -12.740 -12.774 -12.759 -12.712 -12.559 -12.224 -11.842
0.400 -8.335 -8.905 -9.913 -11.700 -12.274 -12.485 -12.758 -12.673 -12.917 -12.829 -12.996 -13.065 -13.087 -13.064 -12.953 -12.655 -12.296
0.500 -7.990 -8.537 -9.684 -11.638 -12.300 -12.547 -12.870 -12.775 -13.069 -12.973 -13.171 -13.269 -13.324 -13.322 -13.247 -12.980 -12.643
0.600 -7.679 -8.191 -9.464 -11.556 -12.295 -12.575 -12.941 -12.837 -13.174 -13.074 -13.297 -13.422 -13.505 -13.521 -13.480 -13.241 -12.922
0.700 -7.395 -7.863 -9.253 -11.463 -12.271 -12.580 -12.984 -12.874 -13.249 -13.147 -13.392 -13.539 -13.648 -13.682 -13.670 -13.457 -13.155
0.800 -7.134 -7.552 -9.052 -11.362 -12.235 -12.569 -13.009 -12.893 -13.302 -13.201 -13.463 -13.631 -13.764 -13.813 -13.829 -13.640 -13.354
0.900 -6.893 -7.256 -8.862 -11.259 -12.190 -12.549 -13.021 -12.901 -13.340 -13.240 -13.518 -13.705 -13.860 -13.924 -13.965 -13.798 -13.527
1.000 -6.669 -6.972 -8.679 -11.153 -12.139 -12.521 -13.022 -12.898 -13.366 -13.268 -13.560 -13.765 -13.940 -14.018 -14.084 -13.938 -13.681
1.100 -6.457 -6.697 -8.502 -11.044 -12.082 -12.486 -13.015 -12.888 -13.382 -13.287 -13.592 -13.812 -14.007 -14.098 -14.187 -14.061 -13.817
1.200 -6.261 -6.436 -8.335 -10.937 -12.024 -12.448 -13.003 -12.874 -13.392 -13.300 -13.616 -13.852 -14.065 -14.168 -14.279 -14.172 -13.941
1.300 -6.075 -6.182 -8.174 -10.829 -11.963 -12.406 -12.985 -12.854 -13.395 -13.307 -13.633 -13.883 -14.114 -14.230 -14.361 -14.272 -14.053
1.400 -5.900 -5.938 -8.020 -10.722 -11.901 -12.362 -12.964 -12.832 -13.394 -13.310 -13.646 -13.909 -14.157 -14.283 -14.435 -14.363 -14.156
1.500 -5.732 -5.700 -7.870 -10.615 -11.836 -12.315 -12.939 -12.805 -13.388 -13.308 -13.653 -13.929 -14.193 -14.330 -14.501 -14.446 -14.250
1.600 -5.574 -5.470 -7.727 -10.509 -11.772 -12.267 -12.912 -12.778 -13.379 -13.304 -13.656 -13.945 -14.224 -14.372 -14.562 -14.523 -14.338
1.700 -5.424 -5.248 -7.588 -10.405 -11.706 -12.218 -12.883 -12.748 -13.367 -13.297 -13.657 -13.957 -14.251 -14.409 -14.617 -14.594 -14.419
1.800 -5.278 -5.029 -7.453 -10.300 -11.640 -12.167 -12.852 -12.716 -13.352 -13.288 -13.654 -13.965 -14.274 -14.442 -14.667 -14.659 -14.495
1.900 -5.140 -4.818 -7.323 -10.197 -11.574 -12.116 -12.819 -12.683 -13.336 -13.277 -13.650 -13.971 -14.293 -14.471 -14.713 -14.720 -14.565
2.000 -5.006 -4.611 -7.198 -10.095 -11.508 -12.064 -12.785 -12.649 -13.317 -13.264 -13.642 -13.974 -14.310 -14.497 -14.756 -14.777 -14.632
2.100 -4.877 -4.408 -7.074 -9.993 -11.441 -12.011 -12.749 -12.613 -13.297 -13.250 -13.633 -13.974 -14.324 -14.519 -14.795 -14.830 -14.694
2.200 -4.753 -4.210 -6.955 -9.893 -11.374 -11.958 -12.712 -12.577 -13.275 -13.234 -13.622 -13.973 -14.335 -14.539 -14.830 -14.880 -14.753
2.300 -4.633 -4.017 -6.839 -9.794 -11.308 -11.904 -12.675 -12.540 -13.252 -13.217 -13.610 -13.969 -14.344 -14.557 -14.863 -14.926 -14.809
2.400 -4.515 -3.825 -6.724 -9.694 -11.240 -11.850 -12.636 -12.502 -13.227 -13.198 -13.596 -13.964 -14.351 -14.572 -14.894 -14.970 -14.861
2.500 -4.403 -3.639 -6.614 -9.596 -11.174 -11.796 -12.597 -12.463 -13.202 -13.179 -13.581 -13.957 -14.356 -14.586 -14.922 -15.011 -14.911
2.600 -4.291 -3.454 -6.505 -9.498 -11.107 -11.741 -12.557 -12.424 -13.175 -13.158 -13.564 -13.949 -14.359 -14.597 -14.948 -15.050 -14.958
2.700 -4.183 -3.273 -6.398 -9.401 -11.040 -11.686 -12.517 -12.384 -13.148 -13.137 -13.547 -13.939 -14.361 -14.607 -14.972 -15.086 -15.003
2.800 -4.077 -3.092 -6.292 -9.303 -10.972 -11.630 -12.475 -12.343 -13.119 -13.114 -13.528 -13.928 -14.361 -14.614 -14.994 -15.120 -15.046
2.900 -3.973 -2.915 -6.189 -9.207 -10.905 -11.574 -12.433 -12.302 -13.089 -13.091 -13.508 -13.916 -14.360 -14.621 -15.014 -15.152 -15.087
3.000 -3.872 -2.741 -6.088 -9.111 -10.837 -11.518 -12.390 -12.260 -13.059 -13.067 -13.487 -13.902 -14.357 -14.626 -15.032 -15.183 -15.125
3.100 -3.773 -2.568 -5.988 -9.015 -10.770 -11.461 -12.347 -12.219 -13.028 -13.043 -13.466 -13.888 -14.353 -14.629 -15.050 -15.212 -15.162
3.200 -3.674 -2.397 -5.889 -8.920 -10.702 -11.405 -12.303 -12.176 -12.996 -13.017 -13.443 -13.873 -14.348 -14.631 -15.065 -15.239 -15.197
3.300 -3.576 -2.224 -5.790 -8.823 -10.633 -11.346 -12.258 -12.132 -12.963 -12.990 -13.419 -13.855 -14.342 -14.632 -15.079 -15.265 -15.231
3.400 -3.480 -2.055 -5.694 -8.727 -10.565 -11.288 -12.213 -12.088 -12.929 -12.963 -13.395 -13.838 -14.334 -14.632 -15.092 -15.289 -15.263
3.500 -3.386 -1.888 -5.598 -8.632 -10.496 -11.230 -12.167 -12.044 -12.895 -12.936 -13.370 -13.819 -14.326 -14.630 -15.103 -15.312 -15.293
3.600 -3.292 -1.720 -5.502 -8.536 -10.427 -11.171 -12.120 -11.998 -12.860 -12.907 -13.344 -13.800 -14.316 -14.628 -15.113 -15.333 -15.323
3.700 -3.198 -1.553 -5.408 -8.439 -10.358 -11.112 -12.073 -11.953 -12.824 -12.878 -13.317 -13.779 -14.306 -14.624 -15.122 -15.354 -15.351
3.800 -3.106 -1.386 -5.313 -8.343 -10.288 -11.052 -12.025 -11.906 -12.787 -12.848 -13.290 -13.758 -14.294 -14.619 -15.130 -15.373 -15.377
3.900 -3.012 -1.218 -5.218 -8.245 -10.216 -10.991 -11.976 -11.858 -12.749 -12.817 -13.260 -13.735 -14.281 -14.613 -15.137 -15.390 -15.402
4.000 -2.927 -1.058 -5.132 -8.154 -10.152 -10.936 -11.932 -11.817 -12.716 -12.790 -13.236 -13.716 -14.271 -14.609 -15.143 -15.406 -15.425
4.100 -2.859 -0.910 -5.061 -8.080 -10.103 -10.896 -11.903 -11.788 -12.695 -12.774 -13.222 -13.706 -14.267 -14.610 -15.152 -15.420 -15.442
4.200 -2.791 -0.765 -4.992 -8.007 -10.054 -10.856 -11.873 -11.760 -12.674 -12.758 -13.207 -13.696 -14.264 -14.610 -15.159 -15.433 -15.458
4.300 -2.725 -0.623 -4.924 -7.934 -10.006 -10.816 -11.843 -11.731 -12.652 -12.741 -13.192 -13.685 -14.259 -14.609 -15.165 -15.445 -15.474
4.400 -2.660 -0.483 -4.857 -7.862 -9.958 -10.776 -11.812 -11.701 -12.630 -12.724 -13.176 -13.673 -14.253 -14.608 -15.171 -15.456 -15.489
4.500 -2.596 -0.344 -4.791 -7.791 -9.909 -10.736 -11.781 -11.671 -12.606 -12.705 -13.159 -13.660 -14.246 -14.605 -15.175 -15.466 -15.502
4.600 -2.534 -0.209 -4.727 -7.721 -9.861 -10.696 -11.750 -11.641 -12.583 -12.687 -13.142 -13.647 -14.239 -14.602 -15.179 -15.476 -15.516
4.700 -2.473 -0.079 -4.665 -7.652 -9.814 -10.656 -11.719 -11.612 -12.560 -12.668 -13.124 -13.633 -14.232 -14.599 -15.183 -15.485 -15.528
4.800 -2.413 0.049 -4.603 -7.583 -9.767 -10.616 -11.687 -11.581 -12.535 -12.649 -13.106 -13.618 -14.223 -14.594 -15.185 -15.493 -15.540
4.900 -2.355 0.171 -4.543 -7.517 -9.720 -10.576 -11.655 -11.551 -12.511 -12.629 -13.087 -13.603 -14.214 -14.589 -15.187 -15.501 -15.552
5.000 -2.298 0.289 -4.484 -7.452 -9.674 -10.537 -11.623 -11.520 -12.486 -12.609 -13.068 -13.588 -14.204 -14.583 -15.187 -15.507 -15.562
5.100 -2.242 0.402 -4.427 -7.387 -9.628 -10.497 -11.591 -11.489 -12.461 -12.588 -13.048 -13.571 -14.193 -14.576 -15.187 -15.513 -15.572
5.200 -2.187 0.510 -4.371 -7.325 -9.582 -10.457 -11.559 -11.458 -12.435 -12.567 -13.028 -13.554 -14.181 -14.568 -15.187 -15.518 -15.581
5.300 -2.134 0.612 -4.316 -7.263 -9.537 -10.418 -11.526 -11.427 -12.409 -12.545 -13.007 -13.537 -14.169 -14.560 -15.185 -15.523 -15.590
5.400 -2.135 0.611 -4.318 -7.265 -9.539 -10.420 -11.528 -11.429 -12.410 -12.547 -13.009 -13.539 -14.171 -14.561 -15.187 -15.525 -15.592
5.500 -2.137 0.609 -4.319 -7.267 -9.540 -10.421 -11.529 -11.430 -12.412 -12.548 -13.011 -13.540 -14.173 -14.563 -15.188 -15.526 -15.593
5.600 -2.138 0.608 -4.320 -7.268 -9.541 -10.422 -11.530 -11.431 -12.413 -12.549 -13.011 -13.541 -14.173 -14.564 -15.189 -15.527 -15.594
5.700 -2.138 0.608 -4.321 -7.268 -9.542 -10.423 -11.531 -11.431 -12.413 -12.549 -13.012 -13.541 -14.174 -14.564 -15.190 -15.527 -15.594
5.800 -2.138 0.608 -4.321 -7.268 -9.542 -10.423 -11.531 -11.431 -12.413 -12.549 -13.012 -13.541 -14.174 -14.564 -15.190 -15.527 -15.594
5.900 -2.137 0.609 -4.320 -7.267 -9.541 -10.422 -11.530 -11.431 -12.412 -12.549 -13.011 -13.541 -14.173 -14.563 -15.189 -15.527 -15.594
6.000 -2.136 0.610 -4.319 -7.266 -9.540 -10.421 -11.529 -11.430 -12.411 -12.547 -13.010 -13.539 -14.172 -14.562 -15.188 -15.525 -15.593
6.100 -2.135 0.611 -4.317 -7.264 -9.538 -10.419 -11.527 -11.428 -12.410 -12.546 -13.008 -13.538 -14.170 -14.561 -15.186 -15.524 -15.591
6.200 -2.133 0.613 -4.315 -7.262 -9.536 -10.417 -11.525 -11.426 -12.408 -12.544 -13.006 -13.536 -14.168 -14.558 -15.184 -15.522 -15.589
6.300 -2.130 0.616 -4.313 -7.260 -9.534 -10.415 -11.523 -11.423 -12.405 -12.541 -13.004 -13.533 -14.166 -14.556 -15.182 -15.519 -15.586
6.400 -2.127 0.619 -4.310 -7.257 -9.531 -10.412 -11.520 -11.421 -12.402 -12.539 -13.001 -13.530 -14.163 -14.553 -15.179 -15.517 -15.584
6.500 -2.124 0.622 -4.307 -7.254 -9.528 -10.409 -11.517 -11.417 -12.399 -12.535 -12.998 -13.527 -14.160 -14.550 -15.176 -15.513 -15.580
6.600 -2.120 0.626 -4.303 -7.250 -9.524 -10.405 -11.513 -11.414 -12.395 -12.532 -12.994 -13.523 -14.156 -14.546 -15.172 -15.510 -15.577
6.700 -2.116 0.630 -4.299 -7.246 -9.520 -10.401 -11.509 -11.409 -12.391 -12.527 -12.990 -13.519 -14.152 -14.542 -15.168 -15.505 -15.572
6.800 -2.112 0.634 -4.294 -7.241 -9.515 -10.396 -11.504 -11.405 -12.387 -12.523 -12.985 -13.515 -14.147 -14.538 -15.163 -15.501 -15.568
6.900 -2.107 0.639 -4.289 -7.236 -9.510 -10.391 -11.499 -11.400 -12.382 -12.518 -12.980 -13.510 -14.142 -14.532 -15.158 -15.496 -15.563
7.000 -2.101 0.645 -4.284 -7.231 -9.505 -10.386 -11.494 -11.394 -12.376 -12.512 -12.975 -13.504 -14.137 -14.527 -15.153 -15.490 -15.557
7.100 -2.095 0.651 -4.278 -7.225 -9.499 -10.380 -11.488 -11.389 -12.370 -12.507 -12.969 -13.498 -14.131 -14.521 -15.147 -15.485 -15.552
7.200 -2.089 0.657 -4.272 -7.219 -9.493 -10.374 -11.482 -11.382 -12.364 -12.500 -12.963 -13.492 -14.125 -14.515 -15.141 -15.478 -15.545
7.300 -2.083 0.663 -4.265 -7.212 -9.486 -10.367 -11.475 -11.376 -12.358 -12.494 -12.956 -13.486 -14.118 -14.509 -15.134 -15.472 -15.539
7.400 -2.076 0.670 -4.258 -7.205 -9.479 -10.360 -11.468 -11.369 -12.351 -12.487 -12.949 -13.479 -14.111 -14.502 -15.127 -15.465 -15.532
7.500 -2.069 0.677 -4.251 -7.198 -9.472 -10.353 -11.461 -11.362 -12.344 -12.480 -12.942 -13.472 -14.104 -14.494 -15.120 -15.458 -15.525
7.600 -2.061 0.685 -4.243 -7.191 -9.465 -10.346 -11.454 -11.354 -12.336 -12.472 -12.935 -13.464 -14.097 -14.487 -15.113 -15.450 -15.517
7.700 -2.053 0.693 -4.235 -7.183 -9.457 -10.338 -11.446 -11.346 -12.328 -12.464 -12.927 -13.456 -14.089 -14.479 -15.105 -15.442 -15.509
7.800 -2.045 0.701 -4.227 -7.175 -9.448 -10.329 -11.437 -11.338 -12.320 -12.456 -12.918 -13.448 -14.080 -14.471 -15.096 -15.434 -15.501
7.900 -2.036 0.710 -4.219 -7.166 -9.440 -10.321 -11.429 -11.329 -12.311 -12.447 -12.910 -13.439 -14.072 -14.462 -15.088 -15.425 -15.492
8.000 -2.027 0.719 -4.210 -7.157 -9.431 -10.312 -11.420 -11.320 -12.302 -12.438 -12.901 -13.430 -14.063 -14.453 -15.079 -15.416 -15.483
8.100 -2.018 0.728 -4.200 -7.148 -9.421 -10.302 -11.410 -11.311 -12.293 -12.429 -12.892 -13.421 -14.054 -14.444 -15.070 -15.407 -15.474
8.200 -2.008 0.738 -4.191 -7.138 -9.412 -10.293 -11.401 -11.302 -12.283 -12.420 -12.882 -13.412 -14.044 -14.434 -15.060 -15.398 -15.465
8.300 -1.999 0.747 -4.181 -7.128 -9.402 -10.283 -11.391 -11.292 -12.273 -12.410 -12.872 -13.402 -14.034 -14.424 -15.050 -15.388 -15.455
8.400 -1.988 0.758 -4.171 -7.118 -9.392 -10.273 -11.381 -11.282 -12.263 -12.400 -12.862 -13.391 -14.024 -14.414 -15.040 -15.378 -15.445
8.500 -1.978 0.768 -4.160 -7.108 -9.381 -10.262 -11.370 -11.271 -12.253 -12.389 -12.852 -13.381 -14.013 -14.404 -15.029 -15.367 -15.434
8.600 -1.967 0.779 -4.150 -7.097 -9.371 -10.252 -11.360 -11.260 -12.242 -12.378 -12.841 -13.370 -14.003 -14.393 -15.019 -15.356 -15.423
8.700 -1.956 0.790 -4.139 -7.086 -9.360 -10.241 -11.349 -11.250 -12.231 -12.367 -12.830 -13.359 -13.992 -14.382 -15.008 -15.345 -15.413
8.800 -1.945 0.801 -4.128 -7.075 -9.349 -10.230 -11.338 -11.238 -12.220 -12.356 -12.819 -13.348 -13.981 -14.371 -14.997 -15.334 -15.401
8.900 -1.934 0.812 -4.116 -7.063 -9.337 -10.218 -11.326 -11.227 -12.209 -12.345 -12.807 -13.337 -13.969 -14.360 -14.985 -15.323 -15.390
9.000 -1.922 0.824 -4.104 -7.051 -9.325 -10.206 -11.314 -11.215 -12.197 -12.333 -12.795 -13.325 -13.957 -14.348 -14.973 -15.311 -15.378
9.100 -1.910 0.836 -4.092 -7.040 -9.313 -10.194 -11.302 -11.203 -12.185 -12.321 -12.783 -13.313 -13.945 -14.336 -14.961 -15.299 -15.366
9.200 -1.898 0.848 -4.080 -7.027 -9.301 -10.182 -11.290 -11.191 -12.173 -12.309 -12.771 -13.301 -13.933 -14.323 -14.949 -15.287 -15.354
9.300 -1.885 0.861 -4.068 -7.015 -9.289 -10.170 -11.278 -11.178 -12.160 -12.296 -12.759 -13.288 -13.921 -14.311 -14.937 -15.274 -15.341
9.400 -1.872 0.874 -4.055 -7.002 -9.276 -10.157 -11.265 -11.166 -12.147 -12.284 -12.746 -13.276 -13.908 -14.298 -14.924 -15.262 -15.329
9.500 -1.860 0.886 -4.042 -6.989 -9.263 -10.144 -11.252 -11.153 -12.135 -12.271 -12.733 -13.263 -13.895 -14.285 -14.911 -15.249 -15.316
9.600 -1.846 0.900 -4.029 -6.976 -9.250 -10.131 -11.239 -11.140 -12.121 -12.258 -12.720 -13.250 -13.882 -14.272 -14.898 -15.236 -15.303
9.700 -1.833 0.913 -4.016 -6.963 -9.237 -10.118 -11.226 -11.126 -12.108 -12.244 -12.707 -13.236 -13.869 -14.259 -14.885 -15.222 -15.289
9.800 -1.820 0.926 -4.002 -6.949 -9.223 -10.104 -11.212 -11.113 -12.095 -12.231 -12.693 -13.223 -13.855 -14.246 -14.871 -15.209 -15.276
9.900 -1.806 0.940 -3.988 -6.936 -9.210 -10.091 -11.199 -11.099 -12.081 -12.217 -12.680 -13.209 -13.842 -14.232 -14.858 -15.195 -15.262
10.000 -1.792 0.954 -3.975 -6.922 -9.196 -10.077 -11.185 -11.085 -12.067 -12.203 -12.666 -13.195 -13.828 -14.218 -14.844 -15.181 -15.248
10.100 -1.778 0.968 -3.961 -6.908 -9.182 -10.063 -11.171 -11.072 -12.053 -12.189 -12.652 -13.181 -13.814 -14.204 -14.830 -15.167 -15.235
10.200 -1.764 0.982 -3.947 -6.894 -9.168 -10.049 -11.157 -11.057 -12.039 -12.175 -12.638 -13.167 -13.800 -14.190 -14.816 -15.153 -15.220
10.300 -1.750 0.996 -3.932 -6.880 -9.153 -10.034 -11.142 -11.043 -12.025 -12.161 -12.623 -13.153 -13.785 -14.176 -14.801 -15.139 -15.206
10.400 -1.735 1.011 -3.918 -6.865 -9.139 -10.020 -11.128 -11.029 -12.010 -12.147 -12.609 -13.138 -13.771 -14.161 -14.787 -15.125 -15.192
10.500 -1.721 1.025 -3.903 -6.850 -9.124 -10.005 -11.113 -11.014 -11.996 -12.132 -12.594 -13.124 -13.756 -14.147 -14.772 -15.110 -15.177
10.600 -1.706 1.040 -3.888 -6.836 -9.109 -9.991 -11.098 -10.999 -11.981 -12.117 -12.580 -13.109 -13.742 -14.132 -14.758 -15.095 -15.162
10.700 -1.691 1.055 -3.873 -6.821 -9.095 -9.976 -11.084 -10.984 -11.966 -12.102 -12.565 -13.094 -13.727 -14.117 -14.743 -15.080 -15.147
10.800 -1.676 1.070 -3.858 -6.806 -9.080 -9.961 -11.069 -10.969 -11.951 -12.087 -12.550 -13.079 -13.712 -14.102 -14.728 -15.065 -15.132
10.900 -1.661 1.085 -3.843 -6.791 -9.064 -9.946 -11.053 -10.954 -11.936 -12.072 -12.535 -13.064 -13.697 -14.087 -14.713 -15.050 -15.117
11.000 -1.646 1.100 -3.828 -6.775 -9.049 -9.930 -11.038 -10.939 -11.921 -12.057 -12.519 -13.049 -13.681 -14.072 -14.697 -15.035 -15.102
11.100 -1.630 1.116 -3.813 -6.760 -9.034 -9.915 -11.023 -10.924 -11.905 -12.042 -12.504 -13.034 -13.666 -14.056 -14.682 -15.020 -15.087
11.200 -1.615 1.131 -3.797 -6.745 -9.018 -9.900 -11.007 -10.908 -11.890 -12.026 -12.489 -13.018 -13.651 -14.041 -14.667 -15.004 -15.071
11.300 -1.600 1.147 -3.782 -6.729 -9.003 -9.884 -10.992 -10.893 -11.874 -12.011 -12.473 -13.003 -13.635 -14.025 -14.651 -14.989 -15.056
11.400 -1.584 1.162 -3.766 -6.714 -8.987 -9.868 -10.976 -10.877 -11.859 -11.995 -12.458 -12.987 -13.619 -14.010 -14.635 -14.973 -15.040
11.500 -1.568 1.178 -3.751 -6.698 -8.972 -9.853 -10.961 -10.861 -11.843 -11.979 -12.442 -12.971 -13.604 -13.994 -14.620 -14.957 -15.024
11.600 -1.552 1.194 -3.735 -6.682 -8.956 -9.837 -10.945 -10.846 -11.827 -11.964 -12.426 -12.956 -13.588 -13.978 -14.604 -14.942 -15.009
11.700 -1.537 1.209 -3.719 -6.666 -8.940 -9.821 -10.929 -10.830 -11.812 -11.948 -12.410 -12.940 -13.572 -13.963 -14.588 -14.926 -14.993
11.800 -1.521 1.225 -3.703 -6.650 -8.924 -9.805 -10.913 -10.814 -11.796 -11.932 -12.394 -12.924 -13.556 -13.947 -14.572 -14.910 -14.977
11.900 -1.505 1.241 -3.687 -6.635 -8.908 -9.789 -10.897 -10.798 -11.780 -11.916 -12.378 -12.908 -13.540 -13.931 -14.556 -14.894 -14.961
12.000 -1.489 1.257 -3.671 -6.619 -8.892 -9.773 -10.881 -10.782 -11.764 -11.900 -12.362 -12.892 -13.524 -13.915 -14.540 -14.878 -14.945
12.100 -1.473 1.273 -3.655 -6.602 -8.876 -9.757 -10.865 -10.766 -11.748 -11.884 -12.346 -12.876 -13.508 -13.899 -14.524 -14.862 -14.929
12.200 -1.457 1.289 -3.639 -6.586 -8.860 -9.741 -10.849 -10.750 -11.732 -11.868 -12.330 -12.860 -13.492 -13.883 -14.508 -14.846 -14.913
12.300 -1.440 1.306 -3.623 -6.570 -8.844 -9.725 -10.833 -10.734 -11.715 -11.852 -12.314 -12.844 -13.476 -13.866 -14.492 -14.830 -14.897
12.400 -1.424 1.322 -3.607 -6.554 -8.828 -9.709 -10.817 -10.717 -11.699 -11.835 -12.298 -12.827 -13.460 -13.850 -14.476 -14.813 -14.880
12.500 -1.408 1.338 -3.590 -6.538 -8.811 -9.693 -10.801 -10.701 -11.683 -11.819 -12.282 -12.811 -13.444 -13.834 -14.460 -14.797 -14.864
12.600 -1.392 1.354 -3.574 -6.521 -8.795 -9.676 -10.784 -10.685 -11.667 -11.803 -12.265 -12.795 -13.427 -13.818 -14.443 -14.781 -14.848
12.700 -1.376 1.371 -3.558 -6.505 -8.779 -9.660 -10.768 -10.669 -11.650 -11.787 -12.249 -12.779 -13.411 -13.801 -14.427 -14.765 -14.832
12.800 -1.359 1.387 -3.542 -6.489 -8.763 -9.644 -10.752 -10.652 -11.634 -11.770 -12.233 -12.762 -13.395 -13.785 -14.411 -14.748 -14.815
12.900 -1.343 1.403 -3.525 -6.473 -8.746 -9.627 -10.735 -10.636 -11.618 -11.754 -12.217 -12.746 -13.379 -13.769 -14.394 -14.732 -14.799
13.000 -1.327 1.419 -3.509 -6.456 -8.730 -9.611 -10.719 -10.620 -11.602 -11.738 -12.200 -12.730 -13.362 -13.753 -14.378 -14.716 -14.783
13.100 -1.310 1.436 -3.493 -6.440 -8.714 -9.595 -10.703 -10.604 -11.585 -11.721 -12.184 -12.713 -13.346 -13.736 -14.362 -14.699 -14.767
13.200 -1.294 1.452 -3.476 -6.424 -8.697 -9.579 -10.686 -10.587 -11.569 -11.705 -12.168 -12.697 -13.330 -13.720 -14.346 -14.683 -14.750
13.300 -1.278 1.468 -3.460 -6.407 -8.681 -9.562 -10.670 -10.571 -11.553 -11.689 -12.151 -12.681 -13.313 -13.704 -14.329 -14.667 -14.734
13.400 -1.261 1.485 -3.444 -6.391 -8.665 -9.546 -10.654 -10.555 -11.536 -11.673 -12.135 -12.664 -13.297 -13.687 -14.313 -14.651 -14.718
13.500 -1.245 1.501 -3.427 -6.375 -8.649 -9.530 -10.638 -10.538 -11.520 -11.656 -12.119 -12.648 -13.281 -13.671 -14.297 -14.634 -14.701
13.600 -1.229 1.517 -3.411 -6.358 -8.632 -9.513 -10.621 -10.522 -11.504 -11.640 -12.102 -12.632 -13.264 -13.655 -14.280 -14.618 -14.685
13.700 -1.212 1.534 -3.395 -6.342 -8.616 -9.497 -10.605 -10.506 -11.487 -11.624 -12.086 -12.616 -13.248 -13.638 -14.264 -14.602 -14.669
13.800 -1.196 1.550 -3.378 -6.326 -8.600 -9.481 -10.589 -10.489 -11.471 -11.607 -12.070 -12.599 -13.232 -13.622 -14.248 -14.585 -14.652
13.900 -1.180 1.566 -3.362 -6.309 -8.583 -9.464 -10.572 -10.473 -11.455 -11.591 -12.053 -12.583 -13.215 -13.606 -14.231 -14.569 -14.636
14.000 -1.164 1.583 -3.346 -6.293 -8.567 -9.448 -10.556 -10.457 -11.438 -11.575 -12.037 -12.567 -13.199 -13.589 -14.215 -14.553 -14.620
14.100 -1.147 1.599 -3.330 -6.277 -8.551 -9.432 -10.540 -10.440 -11.422 -11.558 -12.021 -12.550 -13.183 -13.573 -14.199 -14.536 -14.603
14.200 -1.131 1.615 -3.313 -6.261 -8.534 -9.416 -10.523 -10.424 -11.406 -11.542 -12.005 -12.534 -13.167 -13.557 -14.183 -14.520 -14.587
14.300 -1.115 1.631 -3.297 -6.244 -8.518 -9.399 -10.507 -10.408 -11.390 -11.526 -11.988 -12.518 -13.150 -13.541 -14.166 -14.504 -14.571
14.400 -1.098 1.648 -3.281 -6.228 -8.502 -9.383 -10.491 -10.392 -11.373 -11.510 -11.972 -12.502 -13.134 -13.524 -14.150 -14.488 -14.555
14.500 -1.082 1.664 -3.265 -6.212 -8.486 -9.367 -10.475 -10.376 -11.357 -11.494 -11.956 -12.485 -13.118 -13.508 -14.134 -14.472 -14.539
14.600 -1.066 1.680 -3.249 -6.196 -8.470 -9.351 -10.459 -10.359 -11.341 -11.477 -11.940 -12.469 -13.102 -13.492 -14.118 -14.455 -14.522
14.700 -1.050 1.696 -3.232 -6.180 -8.454 -9.335 -10.443 -10.343 -11.325 -11.461 -11.924 -12.453 -13.086 -13.476 -14.102 -14.439 -14.506
14.800 -1.034 1.712 -3.216 -6.164 -8.437 -9.318 -10.426 -10.327 -11.309 -11.445 -11.908 -12.437 -13.070 -13.460 -14.085 -14.423 -14.490
14.900 -1.018 1.728 -3.200 -6.148 -8.421 -9.302 -10.410 -10.311 -11.293 -11.429 -11.891 -12.421 -13.053 -13.444 -14.069 -14.407 -14.474
15.000 -1.002 1.744 -3.184 -6.132 -8.405 -9.286 -10.394 -10.295 -11.277 -11.413 -11.875 -12.405 -13.037 -13.428 -14.053 -14.391 -14.458
