# day W2 M2 W1 u B g V c r w o i z y J H K
0.000 -7.661 -7.513 -7.341 -6.628 -6.300 -6.138 -5.854 -5.966 -5.616 -5.781 -5.484 -5.220 -4.921 -4.689 -4.216 -3.598 -3.023
0.100 -12.836 -13.001 -13.064 -13.161 -13.086 -13.030 -12.920 -12.958 -12.803 -12.857 -12.733 -12.580 -12.387 -12.224 -11.874 -11.370 -10.876
0.200 -13.110 -13.369 -13.529 -13.872 -13.879 -13.859 -13.803 -13.820 -13.726 -13.751 -13.676 -13.559 -13.400 -13.261 -12.954 -12.489 -12.022
0.300 -13.076 -13.405 -13.651 -14.189 -14.263 -14.270 -14.256 -14.259 -14.210 -14.215 -14.177 -14.086 -13.954 -13.833 -13.557 -13.122 -12.676
0.400 -12.948 -13.332 -13.654 -14.356 -14.488 -14.519 -14.541 -14.531 -14.521 -14.510 -14.502 -14.433 -14.323 -14.216 -13.968 -13.557 -13.128
0.500 -12.737 -13.168 -13.569 -14.425 -14.614 -14.668 -14.724 -14.702 -14.728 -14.704 -14.723 -14.675 -14.585 -14.492 -14.268 -13.880 -13.467
0.600 -12.458 -12.932 -13.415 -14.423 -14.669 -14.747 -14.838 -14.805 -14.867 -14.829 -14.874 -14.846 -14.777 -14.697 -14.497 -14.131 -13.733
0.700 -12.120 -12.630 -13.202 -14.364 -14.671 -14.773 -14.899 -14.855 -14.953 -14.904 -14.974 -14.966 -14.917 -14.851 -14.674 -14.330 -13.947
0.800 -11.727 -12.268 -12.938 -14.256 -14.626 -14.755 -14.917 -14.862 -14.997 -14.937 -15.034 -15.046 -15.018 -14.965 -14.812 -14.490 -14.122
0.900 -11.291 -11.854 -12.630 -14.108 -14.544 -14.700 -14.900 -14.835 -15.008 -14.937 -15.060 -15.094 -15.087 -15.048 -14.920 -14.619 -14.267
1.000 -10.823 -11.396 -12.287 -13.923 -14.430 -14.614 -14.852 -14.777 -14.989 -14.910 -15.057 -15.113 -15.129 -15.104 -15.002 -14.724 -14.388
1.100 -10.340 -10.909 -11.920 -13.711 -14.288 -14.501 -14.779 -14.695 -14.946 -14.859 -15.031 -15.109 -15.148 -15.139 -15.063 -14.808 -14.488
1.200 -9.864 -10.417 -11.548 -13.480 -14.129 -14.370 -14.687 -14.594 -14.883 -14.791 -14.987 -15.087 -15.149 -15.155 -15.106 -14.875 -14.571
1.300 -9.416 -9.940 -11.183 -13.241 -13.957 -14.226 -14.580 -14.479 -14.806 -14.709 -14.927 -15.048 -15.134 -15.156 -15.134 -14.927 -14.640
1.400 -9.009 -9.498 -10.842 -13.003 -13.781 -14.076 -14.465 -14.358 -14.719 -14.620 -14.857 -14.999 -15.107 -15.144 -15.149 -14.967 -14.696
1.500 -8.647 -9.099 -10.528 -12.774 -13.607 -13.926 -14.346 -14.234 -14.626 -14.527 -14.780 -14.941 -15.072 -15.124 -15.155 -14.996 -14.743
1.600 -8.320 -8.734 -10.241 -12.558 -13.439 -13.779 -14.227 -14.111 -14.530 -14.432 -14.701 -14.880 -15.031 -15.097 -15.153 -15.017 -14.779
1.700 -8.018 -8.394 -9.975 -12.354 -13.280 -13.639 -14.113 -13.993 -14.438 -14.342 -14.623 -14.818 -14.989 -15.068 -15.148 -15.030 -14.803
1.800 -7.733 -8.065 -9.723 -12.160 -13.128 -13.505 -14.002 -13.880 -14.347 -14.253 -14.546 -14.756 -14.945 -15.037 -15.138 -15.039 -14.823
1.900 -7.454 -7.737 -9.476 -11.971 -12.980 -13.374 -13.894 -13.769 -14.258 -14.167 -14.470 -14.694 -14.900 -15.003 -15.126 -15.044 -14.840
2.000 -7.177 -7.404 -9.229 -11.781 -12.832 -13.244 -13.786 -13.659 -14.169 -14.081 -14.394 -14.631 -14.854 -14.968 -15.111 -15.046 -14.854
2.100 -6.902 -7.066 -8.982 -11.590 -12.685 -13.114 -13.679 -13.550 -14.081 -13.996 -14.318 -14.568 -14.806 -14.932 -15.094 -15.047 -14.865
2.200 -6.623 -6.716 -8.728 -11.391 -12.533 -12.980 -13.568 -13.437 -13.989 -13.908 -14.239 -14.502 -14.757 -14.893 -15.074 -15.044 -14.875
2.300 -6.342 -6.356 -8.471 -11.187 -12.376 -12.843 -13.454 -13.322 -13.895 -13.818 -14.159 -14.434 -14.705 -14.852 -15.053 -15.040 -14.882
2.400 -6.057 -5.982 -8.205 -10.972 -12.211 -12.698 -13.333 -13.200 -13.795 -13.723 -14.073 -14.362 -14.650 -14.808 -15.029 -15.033 -14.887
2.500 -5.770 -5.598 -7.936 -10.750 -12.041 -12.548 -13.209 -13.075 -13.692 -13.626 -13.985 -14.288 -14.592 -14.762 -15.002 -15.024 -14.889
2.600 -5.481 -5.202 -7.662 -10.520 -11.865 -12.395 -13.083 -12.947 -13.589 -13.529 -13.897 -14.214 -14.537 -14.718 -14.976 -15.011 -14.883
2.700 -5.188 -4.793 -7.381 -10.279 -11.681 -12.233 -12.948 -12.813 -13.478 -13.426 -13.803 -14.135 -14.476 -14.669 -14.947 -14.996 -14.876
2.800 -4.892 -4.371 -7.094 -10.028 -11.488 -12.063 -12.806 -12.671 -13.360 -13.317 -13.703 -14.049 -14.410 -14.615 -14.914 -14.979 -14.869
2.900 -4.591 -3.934 -6.801 -9.766 -11.286 -11.884 -12.656 -12.521 -13.235 -13.201 -13.596 -13.957 -14.337 -14.556 -14.877 -14.960 -14.860
3.000 -4.289 -3.486 -6.503 -9.494 -11.076 -11.698 -12.499 -12.365 -13.104 -13.081 -13.483 -13.860 -14.260 -14.493 -14.837 -14.938 -14.850
3.100 -3.982 -3.022 -6.199 -9.211 -10.856 -11.503 -12.334 -12.201 -12.965 -12.953 -13.363 -13.756 -14.178 -14.424 -14.793 -14.914 -14.838
3.200 -3.673 -2.546 -5.891 -8.918 -10.628 -11.300 -12.161 -12.031 -12.819 -12.820 -13.238 -13.646 -14.090 -14.351 -14.746 -14.887 -14.824
3.300 -3.362 -2.056 -5.578 -8.615 -10.392 -11.090 -11.982 -11.853 -12.667 -12.682 -13.106 -13.530 -13.997 -14.273 -14.694 -14.857 -14.809
3.400 -3.045 -1.551 -5.259 -8.300 -10.147 -10.871 -11.794 -11.668 -12.507 -12.537 -12.968 -13.407 -13.897 -14.189 -14.638 -14.825 -14.791
3.500 -2.729 -1.036 -4.939 -7.978 -9.895 -10.646 -11.600 -11.478 -12.341 -12.387 -12.825 -13.280 -13.793 -14.101 -14.579 -14.789 -14.771
3.600 -2.409 -0.507 -4.614 -7.645 -9.635 -10.412 -11.399 -11.280 -12.169 -12.232 -12.676 -13.146 -13.684 -14.008 -14.515 -14.750 -14.749
3.700 -2.088 0.031 -4.287 -7.303 -9.367 -10.172 -11.191 -11.077 -11.990 -12.072 -12.521 -13.007 -13.569 -13.911 -14.448 -14.709 -14.724
3.800 -1.766 0.576 -3.959 -6.956 -9.095 -9.927 -10.977 -10.868 -11.807 -11.907 -12.361 -12.863 -13.450 -13.809 -14.377 -14.664 -14.698
3.900 -1.444 1.123 -3.631 -6.602 -8.816 -9.676 -10.758 -10.655 -11.617 -11.737 -12.196 -12.714 -13.326 -13.702 -14.302 -14.617 -14.669
4.000 -1.175 1.571 -3.357 -6.305 -8.578 -9.460 -10.567 -10.468 -11.450 -11.586 -12.049 -12.578 -13.211 -13.601 -14.227 -14.564 -14.631
4.100 -1.113 1.633 -3.295 -6.243 -8.516 -9.397 -10.505 -10.406 -11.388 -11.524 -11.987 -12.516 -13.149 -13.539 -14.165 -14.502 -14.569
4.200 -1.051 1.695 -3.233 -6.180 -8.454 -9.335 -10.443 -10.344 -11.326 -11.462 -11.924 -12.454 -13.086 -13.477 -14.102 -14.440 -14.507
4.300 -0.988 1.758 -3.170 -6.118 -8.391 -9.272 -10.380 -10.281 -11.263 -11.399 -11.862 -12.391 -13.024 -13.414 -14.039 -14.377 -14.444
4.400 -0.925 1.821 -3.107 -6.054 -8.328 -9.209 -10.317 -10.218 -11.200 -11.336 -11.798 -12.328 -12.960 -13.351 -13.976 -14.314 -14.381
4.500 -0.862 1.884 -3.044 -5.992 -8.265 -9.146 -10.254 -10.155 -11.137 -11.273 -11.735 -12.265 -12.897 -13.288 -13.913 -14.251 -14.318
4.600 -0.799 1.947 -2.981 -5.928 -8.202 -9.083 -10.191 -10.092 -11.074 -11.210 -11.672 -12.202 -12.834 -13.225 -13.850 -14.188 -14.255
4.700 -0.736 2.010 -2.918 -5.866 -8.139 -9.020 -10.128 -10.029 -11.011 -11.147 -11.609 -12.139 -12.771 -13.162 -13.787 -14.125 -14.192
4.800 -0.673 2.073 -2.855 -5.803 -8.077 -8.958 -10.066 -9.966 -10.948 -11.084 -11.547 -12.076 -12.709 -13.099 -13.725 -14.062 -14.129
4.900 -0.611 2.135 -2.793 -5.740 -8.014 -8.895 -10.003 -9.904 -10.886 -11.022 -11.484 -12.014 -12.646 -13.037 -13.662 -14.000 -14.067
5.000 -0.549 2.197 -2.732 -5.679 -7.953 -8.834 -9.942 -9.842 -10.824 -10.960 -11.423 -11.952 -12.585 -12.975 -13.601 -13.938 -14.005
5.100 -0.488 2.258 -2.670 -5.618 -7.892 -8.773 -9.881 -9.781 -10.763 -10.899 -11.362 -11.891 -12.524 -12.914 -13.540 -13.877 -13.944
5.200 -0.428 2.318 -2.610 -5.557 -7.831 -8.712 -9.820 -9.721 -10.703 -10.839 -11.301 -11.831 -12.463 -12.854 -13.479 -13.817 -13.884
5.300 -0.368 2.378 -2.551 -5.498 -7.772 -8.653 -9.761 -9.662 -10.643 -10.779 -11.242 -11.771 -12.404 -12.794 -13.420 -13.757 -13.825
5.400 -0.310 2.436 -2.492 -5.440 -7.713 -8.594 -9.702 -9.603 -10.585 -10.721 -11.183 -11.713 -12.345 -12.736 -13.361 -13.699 -13.766
5.500 -0.252 2.494 -2.435 -5.382 -7.656 -8.537 -9.645 -9.546 -10.527 -10.664 -11.126 -11.656 -12.288 -12.678 -13.304 -13.642 -13.709
5.600 -0.196 2.550 -2.378 -5.326 -7.600 -8.481 -9.589 -9.489 -10.471 -10.607 -11.070 -11.599 -12.232 -12.622 -13.248 -13.585 -13.652
5.700 -0.141 2.605 -2.323 -5.271 -7.544 -8.425 -9.533 -9.434 -10.416 -10.552 -11.015 -11.544 -12.177 -12.567 -13.192 -13.530 -13.597
5.800 -0.087 2.659 -2.269 -5.217 -7.491 -8.372 -9.480 -9.380 -10.362 -10.498 -10.961 -11.490 -12.123 -12.513 -13.139 -13.476 -13.543
5.900 -0.035 2.711 -2.217 -5.164 -7.438 -8.319 -9.427 -9.328 -10.310 -10.446 -10.908 -11.438 -12.070 -12.461 -13.086 -13.424 -13.491
6.000 0.017 2.763 -2.166 -5.113 -7.387 -8.268 -9.376 -9.277 -10.258 -10.395 -10.857 -11.387 -12.019 -12.409 -13.035 -13.373 -13.440
6.100 0.066 2.812 -2.116 -5.063 -7.337 -8.218 -9.326 -9.227 -10.209 -10.345 -10.807 -11.337 -11.969 -12.360 -12.985 -13.323 -13.390
6.200 0.115 2.861 -2.068 -5.015 -7.289 -8.170 -9.278 -9.178 -10.160 -10.296 -10.759 -11.288 -11.921 -12.311 -12.937 -13.274 -13.341
6.300 0.162 2.908 -2.020 -4.968 -7.242 -8.123 -9.231 -9.131 -10.113 -10.249 -10.712 -11.241 -11.874 -12.264 -12.890 -13.227 -13.294
6.400 0.208 2.954 -1.975 -4.922 -7.196 -8.077 -9.185 -9.086 -10.067 -10.204 -10.666 -11.196 -11.828 -12.218 -12.844 -13.182 -13.249
6.500 0.252 2.998 -1.931 -4.878 -7.152 -8.033 -9.141 -9.041 -10.023 -10.159 -10.622 -11.151 -11.784 -12.174 -12.800 -13.137 -13.204
6.600 0.295 3.041 -1.888 -4.835 -7.109 -7.990 -9.098 -8.998 -9.980 -10.116 -10.579 -11.108 -11.741 -12.131 -12.757 -13.094 -13.161
6.700 0.336 3.083 -1.846 -4.793 -7.067 -7.948 -9.056 -8.957 -9.938 -10.075 -10.537 -11.067 -11.699 -12.089 -12.715 -13.053 -13.120
6.800 0.377 3.123 -1.805 -4.753 -7.027 -7.908 -9.016 -8.916 -9.898 -10.034 -10.497 -11.026 -11.659 -12.049 -12.675 -13.012 -13.079
6.900 0.416 3.162 -1.766 -4.714 -6.987 -7.868 -8.976 -8.877 -9.859 -9.995 -10.458 -10.987 -11.620 -12.010 -12.635 -12.973 -13.040
7.000 0.454 3.200 -1.728 -4.676 -6.949 -7.831 -8.938 -8.839 -9.821 -9.957 -10.420 -10.949 -11.582 -11.972 -12.598 -12.935 -13.002
7.100 0.491 3.237 -1.692 -4.639 -6.913 -7.794 -8.902 -8.802 -9.784 -9.920 -10.383 -10.912 -11.545 -11.935 -12.561 -12.898 -12.965
7.200 0.527 3.273 -1.656 -4.603 -6.877 -7.758 -8.866 -8.767 -9.748 -9.885 -10.347 -10.877 -11.509 -11.899 -12.525 -12.863 -12.930
7.300 0.561 3.307 -1.621 -4.568 -6.842 -7.723 -8.831 -8.732 -9.714 -9.850 -10.312 -10.842 -11.474 -11.865 -12.490 -12.828 -12.895
7.400 0.595 3.341 -1.587 -4.535 -6.809 -7.690 -8.798 -8.698 -9.680 -9.816 -10.279 -10.808 -11.441 -11.831 -12.457 -12.794 -12.861
7.500 0.628 3.374 -1.555 -4.502 -6.776 -7.657 -8.765 -8.666 -9.647 -9.783 -10.246 -10.775 -11.408 -11.798 -12.424 -12.761 -12.829
7.600 0.660 3.406 -1.523 -4.470 -6.744 -7.625 -8.733 -8.634 -9.615 -9.752 -10.214 -10.744 -11.376 -11.766 -12.392 -12.730 -12.797
7.700 0.691 3.437 -1.492 -4.439 -6.713 -7.594 -8.702 -8.603 -9.584 -9.721 -10.183 -10.712 -11.345 -11.735 -12.361 -12.699 -12.766
7.800 0.721 3.467 -1.462 -4.409 -6.683 -7.564 -8.672 -8.572 -9.554 -9.690 -10.153 -10.682 -11.315 -11.705 -12.331 -12.668 -12.735
7.900 0.750 3.496 -1.432 -4.379 -6.653 -7.534 -8.642 -8.543 -9.525 -9.661 -10.123 -10.653 -11.285 -11.676 -12.301 -12.639 -12.706
8.000 0.779 3.525 -1.403 -4.351 -6.624 -7.505 -8.613 -8.514 -9.496 -9.632 -10.094 -10.624 -11.256 -11.647 -12.272 -12.610 -12.677
8.100 0.807 3.553 -1.375 -4.322 -6.596 -7.477 -8.585 -8.486 -9.468 -9.604 -10.066 -10.596 -11.228 -11.619 -12.244 -12.582 -12.649
8.200 0.835 3.581 -1.348 -4.295 -6.569 -7.450 -8.558 -8.458 -9.440 -9.576 -10.039 -10.568 -11.201 -11.591 -12.217 -12.554 -12.621
8.300 0.862 3.608 -1.321 -4.268 -6.542 -7.423 -8.531 -8.432 -9.413 -9.549 -10.012 -10.541 -11.174 -11.564 -12.190 -12.527 -12.595
8.400 0.888 3.634 -1.294 -4.242 -6.515 -7.396 -8.504 -8.405 -9.387 -9.523 -9.986 -10.515 -11.147 -11.538 -12.163 -12.501 -12.568
8.500 0.914 3.660 -1.268 -4.216 -6.490 -7.371 -8.479 -8.379 -9.361 -9.497 -9.960 -10.489 -11.122 -11.512 -12.138 -12.475 -12.542
8.600 0.939 3.685 -1.243 -4.190 -6.464 -7.345 -8.453 -8.354 -9.336 -9.472 -9.934 -10.464 -11.096 -11.487 -12.112 -12.450 -12.517
8.700 0.964 3.710 -1.218 -4.165 -6.439 -7.320 -8.428 -8.329 -9.311 -9.447 -9.909 -10.439 -11.071 -11.462 -12.087 -12.425 -12.492
8.800 0.989 3.735 -1.194 -4.141 -6.415 -7.296 -8.404 -8.305 -9.286 -9.422 -9.885 -10.414 -11.047 -11.437 -12.063 -12.400 -12.468
8.900 1.013 3.759 -1.170 -4.117 -6.391 -7.272 -8.380 -8.281 -9.262 -9.398 -9.861 -10.390 -11.023 -11.413 -12.039 -12.376 -12.444
9.000 1.036 3.782 -1.146 -4.093 -6.367 -7.248 -8.356 -8.257 -9.239 -9.375 -9.837 -10.367 -10.999 -11.390 -12.015 -12.353 -12.420
9.100 1.060 3.806 -1.123 -4.070 -6.344 -7.225 -8.333 -8.234 -9.215 -9.352 -9.814 -10.343 -10.976 -11.366 -11.992 -12.330 -12.397
9.200 1.083 3.829 -1.100 -4.047 -6.321 -7.202 -8.310 -8.211 -9.192 -9.329 -9.791 -10.321 -10.953 -11.343 -11.969 -12.307 -12.374
9.300 1.105 3.851 -1.077 -4.025 -6.298 -7.179 -8.287 -8.188 -9.170 -9.306 -9.768 -10.298 -10.930 -11.321 -11.946 -12.284 -12.351
9.400 1.127 3.873 -1.055 -4.002 -6.276 -7.157 -8.265 -8.166 -9.148 -9.284 -9.746 -10.276 -10.908 -11.299 -11.924 -12.262 -12.329
9.500 1.149 3.895 -1.033 -3.980 -6.254 -7.135 -8.243 -8.144 -9.126 -9.262 -9.724 -10.254 -10.886 -11.277 -11.902 -12.240 -12.307
9.600 1.171 3.917 -1.011 -3.959 -6.232 -7.114 -8.221 -8.122 -9.104 -9.240 -9.703 -10.232 -10.865 -11.255 -11.881 -12.218 -12.285
9.700 1.192 3.938 -0.990 -3.937 -6.211 -7.092 -8.200 -8.101 -9.083 -9.219 -9.681 -10.211 -10.843 -11.234 -11.859 -12.197 -12.264
9.800 1.213 3.959 -0.969 -3.916 -6.190 -7.071 -8.179 -8.080 -9.061 -9.198 -9.660 -10.190 -10.822 -11.212 -11.838 -12.176 -12.243
9.900 1.234 3.980 -0.948 -3.895 -6.169 -7.050 -8.158 -8.059 -9.041 -9.177 -9.639 -10.169 -10.801 -11.192 -11.817 -12.155 -12.222
10.000 1.255 4.001 -0.928 -3.875 -6.149 -7.030 -8.138 -8.038 -9.020 -9.156 -9.619 -10.148 -10.781 -11.171 -11.797 -12.134 -12.201
10.100 1.275 4.021 -0.907 -3.855 -6.128 -7.009 -8.117 -8.018 -9.000 -9.136 -9.598 -10.128 -10.760 -11.151 -11.776 -12.114 -12.181
10.200 1.295 4.041 -0.887 -3.834 -6.108 -6.989 -8.097 -7.998 -8.980 -9.116 -9.578 -10.108 -10.740 -11.131 -11.756 -12.094 -12.161
10.300 1.315 4.061 -0.867 -3.815 -6.088 -6.969 -8.077 -7.978 -8.960 -9.096 -9.559 -10.088 -10.721 -11.111 -11.737 -12.074 -12.141
10.400 1.335 4.081 -0.848 -3.795 -6.069 -6.950 -8.058 -7.959 -8.940 -9.077 -9.539 -10.068 -10.701 -11.091 -11.717 -12.055 -12.122
10.500 1.354 4.100 -0.828 -3.776 -6.049 -6.930 -8.038 -7.939 -8.921 -9.057 -9.520 -10.049 -10.682 -11.072 -11.697 -12.035 -12.102
10.600 1.373 4.119 -0.809 -3.756 -6.030 -6.911 -8.019 -7.920 -8.902 -9.038 -9.500 -10.030 -10.662 -11.053 -11.678 -12.016 -12.083
10.700 1.392 4.138 -0.790 -3.737 -6.011 -6.892 -8.000 -7.901 -8.883 -9.019 -9.481 -10.011 -10.643 -11.034 -11.659 -11.997 -12.064
10.800 1.411 4.157 -0.771 -3.719 -5.992 -6.873 -7.981 -7.882 -8.864 -9.000 -9.463 -9.992 -10.625 -11.015 -11.641 -11.978 -12.045
10.900 1.430 4.176 -0.753 -3.700 -5.974 -6.855 -7.963 -7.864 -8.845 -8.982 -9.444 -9.973 -10.606 -10.996 -11.622 -11.960 -12.027
11.000 1.448 4.194 -0.734 -3.682 -5.955 -6.837 -7.944 -7.845 -8.827 -8.963 -9.426 -9.955 -10.588 -10.978 -11.604 -11.941 -12.008
11.100 1.466 4.212 -0.716 -3.663 -5.937 -6.818 -7.926 -7.827 -8.809 -8.945 -9.407 -9.937 -10.569 -10.960 -11.585 -11.923 -11.990
11.200 1.484 4.230 -0.698 -3.645 -5.919 -6.800 -7.908 -7.809 -8.791 -8.927 -9.389 -9.919 -10.551 -10.942 -11.567 -11.905 -11.972
11.300 1.502 4.248 -0.680 -3.628 -5.901 -6.782 -7.890 -7.791 -8.773 -8.909 -9.371 -9.901 -10.533 -10.924 -11.549 -11.887 -11.954
11.400 1.520 4.266 -0.663 -3.610 -5.884 -6.765 -7.873 -7.773 -8.755 -8.891 -9.354 -9.883 -10.516 -10.906 -11.532 -11.869 -11.936
11.500 1.537 4.283 -0.645 -3.592 -5.866 -6.747 -7.855 -7.756 -8.738 -8.874 -9.336 -9.866 -10.498 -10.889 -11.514 -11.852 -11.919
11.600 1.555 4.301 -0.628 -3.575 -5.849 -6.730 -7.838 -7.739 -8.720 -8.856 -9.319 -9.848 -10.481 -10.871 -11.497 -11.834 -11.902
11.700 1.572 4.318 -0.610 -3.558 -5.832 -6.713 -7.821 -7.721 -8.703 -8.839 -9.302 -9.831 -10.464 -10.854 -11.480 -11.817 -11.884
11.800 1.589 4.335 -0.593 -3.541 -5.815 -6.696 -7.804 -7.704 -8.686 -8.822 -9.285 -9.814 -10.447 -10.837 -11.463 -11.800 -11.867
11.900 1.606 4.352 -0.577 -3.524 -5.798 -6.679 -7.787 -7.687 -8.669 -8.805 -9.268 -9.797 -10.430 -10.820 -11.446 -11.783 -11.850
12.000 1.623 4.369 -0.560 -3.507 -5.781 -6.662 -7.770 -7.671 -8.652 -8.789 -9.251 -9.781 -10.413 -10.803 -11.429 -11.767 -11.834
12.100 1.639 4.385 -0.543 -3.491 -5.764 -6.645 -7.753 -7.654 -8.636 -8.772 -9.234 -9.764 -10.396 -10.787 -11.412 -11.750 -11.817
12.200 1.656 4.402 -0.527 -3.474 -5.748 -6.629 -7.737 -7.638 -8.619 -8.756 -9.218 -9.748 -10.380 -10.770 -11.396 -11.734 -11.801
12.300 1.672 4.418 -0.511 -3.458 -5.732 -6.613 -7.721 -7.621 -8.603 -8.739 -9.202 -9.731 -10.364 -10.754 -11.380 -11.717 -11.784
12.400 1.688 4.434 -0.494 -3.442 -5.715 -6.596 -7.704 -7.605 -8.587 -8.723 -9.186 -9.715 -10.348 -10.738 -11.364 -11.701 -11.768
12.500 1.704 4.450 -0.478 -3.426 -5.699 -6.580 -7.688 -7.589 -8.571 -8.707 -9.170 -9.699 -10.332 -10.722 -11.347 -11.685 -11.752
12.600 1.720 4.466 -0.462 -3.410 -5.684 -6.565 -7.673 -7.573 -8.555 -8.691 -9.154 -9.683 -10.316 -10.706 -11.332 -11.669 -11.736
12.700 1.736 4.482 -0.447 -3.394 -5.668 -6.549 -7.657 -7.558 -8.539 -8.675 -9.138 -9.667 -10.300 -10.690 -11.316 -11.653 -11.721
12.800 1.751 4.497 -0.431 -3.378 -5.652 -6.533 -7.641 -7.542 -8.524 -8.660 -9.122 -9.652 -10.284 -10.675 -11.300 -11.638 -11.705
12.900 1.767 4.513 -0.416 -3.363 -5.637 -6.518 -7.626 -7.526 -8.508 -8.644 -9.107 -9.636 -10.269 -10.659 -11.285 -11.622 -11.689
13.000 1.782 4.528 -0.400 -3.347 -5.621 -6.502 -7.610 -7.511 -8.493 -8.629 -9.091 -9.621 -10.253 -10.644 -11.269 -11.607 -11.674
13.100 1.797 4.544 -0.385 -3.332 -5.606 -6.487 -7.595 -7.496 -8.477 -8.614 -9.076 -9.606 -10.238 -10.628 -11.254 -11.592 -11.659
13.200 1.813 4.559 -0.370 -3.317 -5.591 -6.472 -7.580 -7.481 -8.462 -8.599 -9.061 -9.590 -10.223 -10.613 -11.239 -11.577 -11.644
13.300 1.828 4.574 -0.355 -3.302 -5.576 -6.457 -7.565 -7.466 -8.447 -8.584 -9.046 -9.575 -10.208 -10.598 -11.224 -11.562 -11.629
13.400 1.843 4.589 -0.340 -3.287 -5.561 -6.442 -7.550 -7.451 -8.432 -8.569 -9.031 -9.561 -10.193 -10.583 -11.209 -11.547 -11.614
13.500 1.857 4.603 -0.325 -3.272 -5.546 -6.427 -7.535 -7.436 -8.418 -8.554 -9.016 -9.546 -10.178 -10.569 -11.194 -11.532 -11.599
13.600 1.872 4.618 -0.310 -3.258 -5.531 -6.412 -7.520 -7.421 -8.403 -8.539 -9.002 -9.531 -10.164 -10.554 -11.180 -11.517 -11.584
13.700 1.887 4.633 -0.296 -3.243 -5.517 -6.398 -7.506 -7.407 -8.388 -8.525 -8.987 -9.516 -10.149 -10.539 -11.165 -11.503 -11.570
13.800 1.901 4.647 -0.281 -3.229 -5.502 -6.383 -7.491 -7.392 -8.374 -8.510 -8.973 -9.502 -10.135 -10.525 -11.150 -11.488 -11.555
13.900 1.915 4.661 -0.267 -3.214 -5.488 -6.369 -7.477 -7.378 -8.360 -8.496 -8.958 -9.488 -10.120 -10.510 -11.136 -11.474 -11.541
14.000 1.930 4.676 -0.253 -3.200 -5.474 -6.355 -7.463 -7.364 -8.345 -8.482 -8.944 -9.473 -10.106 -10.496 -11.122 -11.460 -11.527
14.100 1.944 4.690 -0.239 -3.186 -5.460 -6.341 -7.449 -7.349 -8.331 -8.467 -8.930 -9.459 -10.092 -10.482 -11.108 -11.445 -11.512
14.200 1.958 4.704 -0.225 -3.172 -5.446 -6.327 -7.435 -7.335 -8.317 -8.453 -8.916 -9.445 -10.078 -10.468 -11.094 -11.431 -11.498
14.300 1.972 4.718 -0.211 -3.158 -5.432 -6.313 -7.421 -7.321 -8.303 -8.439 -8.902 -9.431 -10.064 -10.454 -11.080 -11.417 -11.484
14.400 1.986 4.732 -0.197 -3.144 -5.418 -6.299 -7.407 -7.308 -8.289 -8.426 -8.888 -9.417 -10.050 -10.440 -11.066 -11.404 -11.471
14.500 1.999 4.745 -0.183 -3.130 -5.404 -6.285 -7.393 -7.294 -8.276 -8.412 -8.874 -9.404 -10.036 -10.427 -11.052 -11.390 -11.457
14.600 2.013 4.759 -0.169 -3.117 -5.390 -6.271 -7.379 -7.280 -8.262 -8.398 -8.861 -9.390 -10.023 -10.413 -11.038 -11.376 -11.443
14.700 2.027 4.773 -0.156 -3.103 -5.377 -6.258 -7.366 -7.267 -8.248 -8.385 -8.847 -9.376 -10.009 -10.399 -11.025 -11.363 -11.430
14.800 2.040 4.786 -0.142 -3.090 -5.363 -6.244 -7.352 -7.253 -8.235 -8.371 -8.834 -9.363 -9.995 -10.386 -11.011 -11.349 -11.416
14.900 2.053 4.800 -0.129 -3.076 -5.350 -6.231 -7.339 -7.240 -8.221 -8.358 -8.820 -9.350 -9.982 -10.372 -10.998 -11.336 -11.403
15.000 2.067 4.813 -0.116 -3.063 -5.337 -6.218 -7.326 -7.226 -8.208 -8.344 -8.807 -9.336 -9.969 -10.359 -10.985 -11.322 -11.389
