# day W2 M2 W1 u B g V c r w o i z y J H K
0.000 -9.946 -9.744 -9.541 -8.690 -8.324 -8.147 -7.836 -7.960 -7.580 -7.764 -7.439 -7.159 -6.844 -6.602 -6.110 -5.476 -4.889
0.100 -14.567 -14.611 -14.566 -14.330 -14.143 -14.040 -13.853 -13.922 -13.683 -13.783 -13.586 -13.387 -13.149 -12.959 -12.562 -12.017 -11.495
0.200 -14.414 -14.614 -14.701 -14.838 -14.760 -14.701 -14.584 -14.625 -14.461 -14.519 -14.387 -14.229 -14.030 -13.864 -13.512 -13.010 -12.518
0.300 -14.058 -14.360 -14.561 -14.978 -14.993 -14.972 -14.912 -14.930 -14.829 -14.856 -14.775 -14.651 -14.484 -14.340 -14.026 -13.558 -13.091
0.400 -13.614 -13.998 -14.307 -14.960 -15.058 -15.071 -15.064 -15.063 -15.018 -15.020 -14.983 -14.890 -14.754 -14.630 -14.351 -13.915 -13.471
0.500 -13.154 -13.597 -14.004 -14.855 -15.029 -15.074 -15.114 -15.097 -15.102 -15.084 -15.087 -15.023 -14.916 -14.811 -14.567 -14.163 -13.741
0.600 -12.807 -13.280 -13.754 -14.737 -14.967 -15.038 -15.116 -15.087 -15.134 -15.101 -15.135 -15.097 -15.016 -14.929 -14.717 -14.344 -13.944
0.700 -12.598 -13.089 -13.602 -14.658 -14.923 -15.009 -15.112 -15.075 -15.150 -15.109 -15.164 -15.144 -15.084 -15.012 -14.829 -14.484 -14.105
0.800 -12.463 -12.970 -13.518 -14.629 -14.914 -15.009 -15.125 -15.085 -15.175 -15.130 -15.196 -15.188 -15.142 -15.080 -14.919 -14.598 -14.238
0.900 -12.350 -12.874 -13.461 -14.633 -14.936 -15.037 -15.162 -15.119 -15.218 -15.171 -15.243 -15.241 -15.202 -15.147 -15.001 -14.698 -14.353
1.000 -12.234 -12.772 -13.403 -14.642 -14.967 -15.077 -15.211 -15.165 -15.273 -15.222 -15.301 -15.302 -15.269 -15.217 -15.080 -14.790 -14.458
1.100 -12.121 -12.671 -13.344 -14.650 -15.001 -15.119 -15.266 -15.216 -15.335 -15.280 -15.366 -15.371 -15.340 -15.291 -15.159 -14.877 -14.555
1.200 -12.006 -12.565 -13.280 -14.651 -15.029 -15.157 -15.318 -15.263 -15.395 -15.335 -15.430 -15.440 -15.413 -15.366 -15.237 -14.962 -14.647
1.300 -11.887 -12.453 -13.209 -14.644 -15.049 -15.189 -15.364 -15.305 -15.451 -15.387 -15.491 -15.508 -15.486 -15.441 -15.315 -15.041 -14.727
1.400 -11.768 -12.339 -13.136 -14.631 -15.063 -15.214 -15.404 -15.341 -15.502 -15.433 -15.547 -15.572 -15.556 -15.514 -15.392 -15.117 -14.802
1.500 -11.649 -12.223 -13.061 -14.613 -15.071 -15.233 -15.438 -15.371 -15.547 -15.474 -15.598 -15.630 -15.622 -15.583 -15.465 -15.192 -14.876
1.600 -11.523 -12.100 -12.977 -14.587 -15.071 -15.243 -15.464 -15.393 -15.584 -15.507 -15.641 -15.682 -15.681 -15.647 -15.534 -15.262 -14.944
1.700 -11.403 -11.980 -12.897 -14.559 -15.069 -15.252 -15.487 -15.412 -15.618 -15.538 -15.682 -15.731 -15.738 -15.708 -15.601 -15.331 -15.011
1.800 -11.276 -11.852 -12.808 -14.524 -15.059 -15.252 -15.502 -15.424 -15.645 -15.561 -15.714 -15.772 -15.787 -15.763 -15.663 -15.395 -15.076
1.900 -11.149 -11.722 -12.717 -14.484 -15.044 -15.248 -15.512 -15.430 -15.666 -15.580 -15.742 -15.808 -15.832 -15.812 -15.720 -15.457 -15.139
2.000 -11.025 -11.594 -12.628 -14.443 -15.028 -15.242 -15.520 -15.435 -15.685 -15.596 -15.767 -15.841 -15.873 -15.859 -15.774 -15.517 -15.200
2.100 -10.895 -11.458 -12.532 -14.396 -15.005 -15.230 -15.522 -15.434 -15.697 -15.607 -15.786 -15.869 -15.909 -15.900 -15.824 -15.572 -15.258
2.200 -10.763 -11.319 -12.433 -14.344 -14.978 -15.213 -15.519 -15.428 -15.706 -15.613 -15.801 -15.892 -15.941 -15.937 -15.870 -15.624 -15.314
2.300 -10.633 -11.181 -12.334 -14.291 -14.949 -15.195 -15.515 -15.420 -15.712 -15.617 -15.814 -15.912 -15.969 -15.971 -15.913 -15.674 -15.366
2.400 -10.502 -11.041 -12.233 -14.235 -14.918 -15.173 -15.507 -15.409 -15.714 -15.618 -15.823 -15.929 -15.995 -16.002 -15.953 -15.720 -15.416
2.500 -10.366 -10.893 -12.126 -14.172 -14.880 -15.146 -15.493 -15.393 -15.712 -15.614 -15.827 -15.941 -16.016 -16.029 -15.989 -15.763 -15.464
2.600 -10.229 -10.743 -12.018 -14.107 -14.839 -15.115 -15.476 -15.374 -15.706 -15.607 -15.828 -15.950 -16.034 -16.053 -16.022 -15.804 -15.508
2.700 -10.093 -10.593 -11.909 -14.041 -14.797 -15.083 -15.458 -15.353 -15.699 -15.599 -15.827 -15.957 -16.050 -16.074 -16.052 -15.842 -15.551
2.800 -9.957 -10.441 -11.799 -13.972 -14.753 -15.049 -15.437 -15.330 -15.688 -15.588 -15.823 -15.962 -16.063 -16.093 -16.081 -15.878 -15.591
2.900 -9.816 -10.282 -11.683 -13.897 -14.703 -15.010 -15.412 -15.302 -15.674 -15.573 -15.816 -15.962 -16.072 -16.108 -16.106 -15.911 -15.629
3.000 -9.673 -10.121 -11.565 -13.820 -14.651 -14.968 -15.383 -15.271 -15.657 -15.555 -15.805 -15.960 -16.079 -16.121 -16.129 -15.941 -15.664
3.100 -9.530 -9.956 -11.445 -13.740 -14.596 -14.923 -15.352 -15.238 -15.637 -15.536 -15.793 -15.955 -16.083 -16.131 -16.149 -15.970 -15.698
3.200 -9.387 -9.791 -11.325 -13.658 -14.539 -14.877 -15.320 -15.204 -15.615 -15.514 -15.778 -15.949 -16.086 -16.140 -16.168 -15.997 -15.730
3.300 -9.243 -9.623 -11.202 -13.573 -14.480 -14.828 -15.285 -15.166 -15.591 -15.490 -15.761 -15.940 -16.086 -16.146 -16.184 -16.021 -15.760
3.400 -9.095 -9.448 -11.075 -13.483 -14.416 -14.775 -15.245 -15.125 -15.563 -15.463 -15.741 -15.927 -16.083 -16.149 -16.198 -16.044 -15.787
3.500 -8.946 -9.271 -10.946 -13.391 -14.350 -14.719 -15.204 -15.082 -15.533 -15.434 -15.718 -15.913 -16.078 -16.150 -16.209 -16.064 -15.813
3.600 -8.795 -9.090 -10.814 -13.296 -14.281 -14.661 -15.159 -15.036 -15.501 -15.402 -15.693 -15.896 -16.070 -16.149 -16.219 -16.083 -15.838
3.700 -8.644 -8.907 -10.681 -13.198 -14.209 -14.601 -15.113 -14.988 -15.466 -15.369 -15.666 -15.877 -16.061 -16.146 -16.227 -16.100 -15.860
3.800 -8.492 -8.721 -10.547 -13.098 -14.136 -14.538 -15.065 -14.938 -15.429 -15.333 -15.637 -15.856 -16.050 -16.141 -16.234 -16.116 -15.882
3.900 -8.339 -8.531 -10.410 -12.995 -14.060 -14.473 -15.014 -14.886 -15.390 -15.296 -15.606 -15.833 -16.037 -16.135 -16.238 -16.130 -15.901
4.000 -8.182 -8.335 -10.268 -12.887 -13.979 -14.404 -14.959 -14.830 -15.348 -15.255 -15.571 -15.807 -16.021 -16.125 -16.240 -16.141 -15.919
4.100 -8.026 -8.137 -10.126 -12.777 -13.897 -14.333 -14.902 -14.772 -15.303 -15.213 -15.535 -15.779 -16.003 -16.114 -16.241 -16.152 -15.936
4.200 -7.866 -7.934 -9.981 -12.663 -13.811 -14.259 -14.843 -14.711 -15.256 -15.168 -15.497 -15.749 -15.983 -16.101 -16.240 -16.161 -15.951
4.300 -7.707 -7.729 -9.834 -12.546 -13.724 -14.183 -14.782 -14.649 -15.207 -15.122 -15.456 -15.717 -15.961 -16.086 -16.237 -16.168 -15.965
4.400 -7.547 -7.520 -9.686 -12.428 -13.634 -14.105 -14.718 -14.585 -15.156 -15.074 -15.414 -15.683 -15.938 -16.070 -16.233 -16.174 -15.978
4.500 -7.386 -7.308 -9.536 -12.306 -13.541 -14.024 -14.652 -14.518 -15.103 -15.024 -15.369 -15.647 -15.913 -16.052 -16.227 -16.179 -15.989
4.600 -7.223 -7.091 -9.383 -12.180 -13.445 -13.940 -14.583 -14.448 -15.047 -14.971 -15.323 -15.609 -15.885 -16.032 -16.220 -16.182 -15.999
4.700 -7.057 -6.868 -9.227 -12.050 -13.345 -13.853 -14.511 -14.376 -14.988 -14.916 -15.273 -15.568 -15.855 -16.009 -16.210 -16.183 -16.007
4.800 -6.892 -6.643 -9.070 -11.918 -13.244 -13.764 -14.438 -14.302 -14.928 -14.860 -15.222 -15.525 -15.824 -15.985 -16.200 -16.184 -16.015
4.900 -6.724 -6.412 -8.910 -11.781 -13.139 -13.671 -14.361 -14.225 -14.865 -14.801 -15.168 -15.480 -15.790 -15.959 -16.187 -16.183 -16.021
5.000 -6.556 -6.178 -8.748 -11.642 -13.032 -13.577 -14.282 -14.145 -14.799 -14.740 -15.113 -15.434 -15.755 -15.932 -16.173 -16.180 -16.026
5.100 -6.387 -5.940 -8.585 -11.500 -12.922 -13.480 -14.201 -14.064 -14.732 -14.678 -15.055 -15.385 -15.718 -15.903 -16.158 -16.177 -16.030
5.200 -6.218 -5.699 -8.421 -11.355 -12.810 -13.381 -14.117 -13.981 -14.663 -14.613 -14.996 -15.335 -15.679 -15.872 -16.141 -16.172 -16.033
5.300 -6.047 -5.454 -8.254 -11.207 -12.695 -13.278 -14.031 -13.895 -14.591 -14.547 -14.935 -15.282 -15.639 -15.839 -16.123 -16.166 -16.035
5.400 -5.875 -5.203 -8.086 -11.055 -12.576 -13.174 -13.943 -13.807 -14.517 -14.478 -14.871 -15.227 -15.596 -15.805 -16.103 -16.158 -16.036
5.500 -5.700 -4.947 -7.914 -10.899 -12.455 -13.065 -13.851 -13.716 -14.440 -14.407 -14.805 -15.170 -15.551 -15.768 -16.081 -16.149 -16.035
5.600 -5.526 -4.688 -7.741 -10.739 -12.330 -12.955 -13.757 -13.622 -14.360 -14.335 -14.737 -15.111 -15.505 -15.730 -16.058 -16.139 -16.034
5.700 -5.349 -4.423 -7.567 -10.576 -12.203 -12.841 -13.661 -13.527 -14.279 -14.260 -14.666 -15.049 -15.456 -15.690 -16.034 -16.128 -16.031
5.800 -5.172 -4.154 -7.390 -10.410 -12.073 -12.725 -13.561 -13.428 -14.195 -14.183 -14.594 -14.986 -15.405 -15.648 -16.008 -16.115 -16.028
5.900 -4.994 -3.881 -7.212 -10.240 -11.940 -12.606 -13.460 -13.328 -14.109 -14.104 -14.519 -14.921 -15.353 -15.605 -15.980 -16.102 -16.023
6.000 -4.815 -3.604 -7.032 -10.067 -11.804 -12.485 -13.356 -13.225 -14.021 -14.024 -14.443 -14.854 -15.299 -15.560 -15.952 -16.087 -16.018
6.100 -4.635 -3.324 -6.852 -9.891 -11.666 -12.362 -13.250 -13.121 -13.930 -13.942 -14.365 -14.785 -15.244 -15.514 -15.922 -16.071 -16.011
6.200 -4.454 -3.038 -6.670 -9.712 -11.525 -12.236 -13.141 -13.014 -13.838 -13.857 -14.285 -14.714 -15.186 -15.466 -15.890 -16.054 -16.004
6.300 -4.272 -2.748 -6.486 -9.529 -11.381 -12.107 -13.030 -12.904 -13.742 -13.771 -14.202 -14.640 -15.127 -15.416 -15.857 -16.036 -15.995
6.400 -4.088 -2.453 -6.299 -9.341 -11.234 -11.974 -12.916 -12.792 -13.645 -13.683 -14.117 -14.565 -15.065 -15.364 -15.823 -16.016 -15.986
6.500 -3.902 -2.152 -6.111 -9.150 -11.083 -11.839 -12.799 -12.677 -13.544 -13.592 -14.030 -14.487 -15.001 -15.310 -15.787 -15.995 -15.975
6.600 -3.715 -1.848 -5.922 -8.956 -10.930 -11.701 -12.679 -12.560 -13.442 -13.499 -13.941 -14.407 -14.936 -15.255 -15.749 -15.973 -15.964
6.700 -3.527 -1.539 -5.730 -8.757 -10.774 -11.561 -12.558 -12.440 -13.337 -13.405 -13.850 -14.325 -14.869 -15.198 -15.711 -15.950 -15.951
6.800 -3.338 -1.226 -5.538 -8.556 -10.615 -11.418 -12.433 -12.318 -13.230 -13.308 -13.757 -14.241 -14.800 -15.139 -15.670 -15.926 -15.938
6.900 -3.148 -0.910 -5.344 -8.351 -10.453 -11.272 -12.306 -12.195 -13.120 -13.210 -13.662 -14.156 -14.729 -15.078 -15.629 -15.901 -15.924
7.000 -2.956 -0.589 -5.149 -8.143 -10.289 -11.124 -12.177 -12.069 -13.009 -13.110 -13.565 -14.068 -14.657 -15.016 -15.586 -15.875 -15.909
7.100 -2.764 -0.265 -4.953 -7.932 -10.123 -10.974 -12.046 -11.940 -12.895 -13.009 -13.466 -13.978 -14.582 -14.953 -15.542 -15.847 -15.893
7.200 -2.570 0.062 -4.756 -7.718 -9.954 -10.821 -11.912 -11.810 -12.780 -12.905 -13.365 -13.887 -14.506 -14.887 -15.496 -15.819 -15.876
7.300 -2.400 0.346 -4.582 -7.530 -9.803 -10.684 -11.792 -11.693 -12.674 -12.811 -13.273 -13.802 -14.435 -14.825 -15.451 -15.788 -15.855
7.400 -2.363 0.382 -4.546 -7.493 -9.767 -10.648 -11.756 -11.656 -12.638 -12.774 -13.237 -13.766 -14.398 -14.789 -15.414 -15.752 -15.819
7.500 -2.327 0.419 -4.509 -7.456 -9.730 -10.611 -11.719 -11.620 -12.601 -12.737 -13.200 -13.729 -14.362 -14.752 -15.377 -15.715 -15.782
7.600 -2.289 0.456 -4.472 -7.419 -9.693 -10.574 -11.682 -11.582 -12.564 -12.700 -13.163 -13.692 -14.324 -14.715 -15.340 -15.678 -15.745
7.700 -2.252 0.494 -4.434 -7.382 -9.655 -10.536 -11.644 -11.545 -12.527 -12.663 -13.125 -13.655 -14.287 -14.677 -15.303 -15.641 -15.708
7.800 -2.214 0.531 -4.397 -7.344 -9.618 -10.499 -11.607 -11.507 -12.489 -12.625 -13.088 -13.617 -14.250 -14.640 -15.265 -15.603 -15.670
7.900 -2.177 0.569 -4.359 -7.306 -9.580 -10.461 -11.569 -11.470 -12.451 -12.588 -13.050 -13.579 -14.212 -14.602 -15.228 -15.565 -15.632
8.000 -2.139 0.607 -4.321 -7.268 -9.542 -10.423 -11.531 -11.432 -12.413 -12.550 -13.012 -13.541 -14.174 -14.564 -15.190 -15.527 -15.594
8.100 -2.101 0.645 -4.283 -7.230 -9.504 -10.385 -11.493 -11.394 -12.375 -12.511 -12.974 -13.503 -14.136 -14.526 -15.152 -15.489 -15.556
8.200 -2.063 0.683 -4.245 -7.192 -9.466 -10.347 -11.455 -11.356 -12.337 -12.473 -12.936 -13.465 -14.098 -14.488 -15.113 -15.451 -15.518
8.300 -2.024 0.721 -4.207 -7.154 -9.428 -10.309 -11.417 -11.317 -12.299 -12.435 -12.898 -13.427 -14.059 -14.450 -15.075 -15.413 -15.480
8.400 -1.986 0.760 -4.168 -7.116 -9.389 -10.270 -11.378 -11.279 -12.261 -12.397 -12.859 -13.389 -14.021 -14.411 -15.037 -15.374 -15.441
8.500 -1.948 0.798 -4.130 -7.077 -9.351 -10.232 -11.340 -11.241 -12.222 -12.358 -12.821 -13.350 -13.983 -14.373 -14.998 -15.336 -15.403
8.600 -1.909 0.837 -4.091 -7.039 -9.312 -10.193 -11.301 -11.202 -12.184 -12.320 -12.782 -13.312 -13.944 -14.334 -14.960 -15.298 -15.365
8.700 -1.870 0.875 -4.053 -7.000 -9.274 -10.155 -11.263 -11.163 -12.145 -12.281 -12.744 -13.273 -13.906 -14.296 -14.921 -15.259 -15.326
8.800 -1.832 0.914 -4.014 -6.962 -9.235 -10.116 -11.224 -11.125 -12.106 -12.243 -12.705 -13.235 -13.867 -14.257 -14.883 -15.220 -15.287
8.900 -1.793 0.952 -3.976 -6.923 -9.197 -10.078 -11.185 -11.086 -12.068 -12.204 -12.666 -13.196 -13.828 -14.219 -14.844 -15.182 -15.249
9.000 -1.755 0.991 -3.937 -6.884 -9.158 -10.039 -11.147 -11.048 -12.029 -12.165 -12.628 -13.157 -13.790 -14.180 -14.805 -15.143 -15.210
9.100 -1.716 1.030 -3.898 -6.846 -9.119 -10.000 -11.108 -11.009 -11.991 -12.127 -12.589 -13.119 -13.751 -14.141 -14.767 -15.104 -15.172
9.200 -1.677 1.068 -3.860 -6.807 -9.081 -9.962 -11.070 -10.970 -11.952 -12.088 -12.551 -13.080 -13.713 -14.103 -14.728 -15.066 -15.133
9.300 -1.639 1.107 -3.821 -6.769 -9.042 -9.923 -11.031 -10.932 -11.914 -12.050 -12.512 -13.042 -13.674 -14.064 -14.690 -15.028 -15.095
9.400 -1.601 1.145 -3.783 -6.730 -9.004 -9.885 -10.993 -10.894 -11.875 -12.011 -12.474 -13.003 -13.636 -14.026 -14.652 -14.989 -15.056
9.500 -1.562 1.183 -3.745 -6.692 -8.966 -9.847 -10.955 -10.855 -11.837 -11.973 -12.436 -12.965 -13.597 -13.988 -14.613 -14.951 -15.018
9.600 -1.524 1.221 -3.707 -6.654 -8.928 -9.809 -10.917 -10.817 -11.799 -11.935 -12.398 -12.927 -13.559 -13.950 -14.575 -14.913 -14.980
9.700 -1.487 1.259 -3.669 -6.616 -8.890 -9.771 -10.879 -10.779 -11.761 -11.897 -12.360 -12.889 -13.522 -13.912 -14.537 -14.875 -14.942
9.800 -1.449 1.297 -3.631 -6.579 -8.852 -9.733 -10.841 -10.742 -11.723 -11.860 -12.322 -12.852 -13.484 -13.874 -14.500 -14.837 -14.904
9.900 -1.411 1.334 -3.594 -6.541 -8.815 -9.696 -10.804 -10.704 -11.686 -11.822 -12.285 -12.814 -13.446 -13.837 -14.462 -14.800 -14.867
10.000 -1.374 1.372 -3.556 -6.504 -8.777 -9.658 -10.766 -10.667 -11.649 -11.785 -12.247 -12.777 -13.409 -13.799 -14.425 -14.763 -14.830
10.100 -1.337 1.409 -3.519 -6.467 -8.740 -9.621 -10.729 -10.630 -11.612 -11.748 -12.210 -12.740 -13.372 -13.762 -14.388 -14.725 -14.793
10.200 -1.300 1.445 -3.483 -6.430 -8.704 -9.585 -10.692 -10.593 -11.575 -11.711 -12.173 -12.703 -13.335 -13.726 -14.351 -14.689 -14.756
10.300 -1.264 1.482 -3.446 -6.393 -8.667 -9.548 -10.656 -10.557 -11.538 -11.674 -12.137 -12.666 -13.299 -13.689 -14.314 -14.652 -14.719
10.400 -1.227 1.518 -3.410 -6.357 -8.631 -9.512 -10.619 -10.520 -11.502 -11.638 -12.100 -12.630 -13.262 -13.653 -14.278 -14.616 -14.683
10.500 -1.191 1.554 -3.374 -6.321 -8.595 -9.476 -10.583 -10.484 -11.466 -11.602 -12.064 -12.594 -13.226 -13.617 -14.242 -14.580 -14.647
10.600 -1.155 1.590 -3.338 -6.285 -8.559 -9.440 -10.548 -10.448 -11.430 -11.566 -12.029 -12.558 -13.191 -13.581 -14.206 -14.544 -14.611
10.700 -1.120 1.626 -3.302 -6.250 -8.523 -9.404 -10.512 -10.413 -11.395 -11.531 -11.993 -12.523 -13.155 -13.545 -14.171 -14.509 -14.576
10.800 -1.085 1.661 -3.267 -6.215 -8.488 -9.369 -10.477 -10.378 -11.360 -11.496 -11.958 -12.488 -13.120 -13.510 -14.136 -14.473 -14.540
10.900 -1.050 1.695 -3.233 -6.180 -8.454 -9.335 -10.442 -10.343 -11.325 -11.461 -11.923 -12.453 -13.085 -13.476 -14.101 -14.439 -14.506
11.000 -1.016 1.730 -3.198 -6.146 -8.419 -9.300 -10.408 -10.309 -11.290 -11.427 -11.889 -12.419 -13.051 -13.441 -14.067 -14.404 -14.471
11.100 -0.982 1.764 -3.164 -6.112 -8.385 -9.266 -10.374 -10.275 -11.256 -11.393 -11.855 -12.385 -13.017 -13.407 -14.033 -14.370 -14.437
11.200 -0.948 1.797 -3.131 -6.078 -8.352 -9.233 -10.340 -10.241 -11.223 -11.359 -11.821 -12.351 -12.983 -13.374 -13.999 -14.337 -14.404
11.300 -0.915 1.831 -3.097 -6.045 -8.318 -9.199 -10.307 -10.208 -11.190 -11.326 -11.788 -12.318 -12.950 -13.340 -13.966 -14.304 -14.371
11.400 -0.882 1.863 -3.065 -6.012 -8.286 -9.167 -10.275 -10.175 -11.157 -11.293 -11.755 -12.285 -12.917 -13.308 -13.933 -14.271 -14.338
11.500 -0.850 1.896 -3.032 -5.980 -8.253 -9.134 -10.242 -10.143 -11.125 -11.261 -11.723 -12.253 -12.885 -13.275 -13.901 -14.238 -14.305
11.600 -0.818 1.928 -3.000 -5.948 -8.221 -9.102 -10.210 -10.111 -11.093 -11.229 -11.691 -12.221 -12.853 -13.243 -13.869 -14.206 -14.273
11.700 -0.786 1.959 -2.969 -5.916 -8.190 -9.071 -10.179 -10.079 -11.061 -11.197 -11.660 -12.189 -12.821 -13.212 -13.837 -14.175 -14.242
11.800 -0.755 1.990 -2.938 -5.885 -8.159 -9.040 -10.147 -10.048 -11.030 -11.166 -11.628 -12.158 -12.790 -13.181 -13.806 -14.144 -14.211
11.900 -0.725 2.021 -2.907 -5.854 -8.128 -9.009 -10.117 -10.018 -10.999 -11.135 -11.598 -12.127 -12.760 -13.150 -13.776 -14.113 -14.180
12.000 -0.694 2.051 -2.877 -5.824 -8.098 -8.979 -10.087 -9.987 -10.969 -11.105 -11.568 -12.097 -12.729 -13.120 -13.745 -14.083 -14.150
12.100 -0.664 2.081 -2.847 -5.794 -8.068 -8.949 -10.057 -9.957 -10.939 -11.075 -11.538 -12.067 -12.700 -13.090 -13.715 -14.053 -14.120
12.200 -0.635 2.110 -2.817 -5.765 -8.038 -8.919 -10.027 -9.928 -10.910 -11.046 -11.508 -12.038 -12.670 -13.060 -13.686 -14.024 -14.091
12.300 -0.606 2.139 -2.789 -5.736 -8.010 -8.891 -9.998 -9.899 -10.881 -11.017 -11.479 -12.009 -12.641 -13.032 -13.657 -13.995 -14.062
12.400 -0.578 2.168 -2.760 -5.707 -7.981 -8.862 -9.970 -9.871 -10.852 -10.988 -11.451 -11.980 -12.613 -13.003 -13.629 -13.966 -14.033
12.500 -0.550 2.196 -2.732 -5.679 -7.953 -8.834 -9.942 -9.843 -10.824 -10.960 -11.423 -11.952 -12.585 -12.975 -13.601 -13.938 -14.005
12.600 -0.522 2.224 -2.704 -5.652 -7.925 -8.806 -9.914 -9.815 -10.797 -10.933 -11.395 -11.925 -12.557 -12.947 -13.573 -13.911 -13.978
12.700 -0.495 2.251 -2.677 -5.625 -7.898 -8.779 -9.887 -9.788 -10.769 -10.906 -11.368 -11.898 -12.530 -12.920 -13.546 -13.883 -13.950
12.800 -0.468 2.277 -2.651 -5.598 -7.872 -8.753 -9.860 -9.761 -10.743 -10.879 -11.341 -11.871 -12.503 -12.894 -13.519 -13.857 -13.924
12.900 -0.442 2.304 -2.624 -5.572 -7.845 -8.726 -9.834 -9.735 -10.716 -10.853 -11.315 -11.845 -12.477 -12.867 -13.493 -13.830 -13.897
13.000 -0.416 2.330 -2.598 -5.546 -7.819 -8.700 -9.808 -9.709 -10.691 -10.827 -11.289 -11.819 -12.451 -12.841 -13.467 -13.805 -13.872
13.100 -0.391 2.355 -2.573 -5.520 -7.794 -8.675 -9.783 -9.684 -10.665 -10.801 -11.264 -11.793 -12.426 -12.816 -13.442 -13.779 -13.846
13.200 -0.366 2.380 -2.548 -5.495 -7.769 -8.650 -9.758 -9.659 -10.640 -10.776 -11.239 -11.768 -12.401 -12.791 -13.417 -13.754 -13.821
13.300 -0.341 2.404 -2.523 -5.471 -7.744 -8.625 -9.733 -9.634 -10.616 -10.752 -11.214 -11.744 -12.376 -12.766 -13.392 -13.730 -13.797
13.400 -0.317 2.429 -2.499 -5.447 -7.720 -8.601 -9.709 -9.610 -10.592 -10.728 -11.190 -11.720 -12.352 -12.742 -13.368 -13.705 -13.772
13.500 -0.293 2.452 -2.476 -5.423 -7.697 -8.578 -9.685 -9.586 -10.568 -10.704 -11.166 -11.696 -12.328 -12.719 -13.344 -13.682 -13.749
13.600 -0.270 2.476 -2.452 -5.400 -7.673 -8.554 -9.662 -9.563 -10.545 -10.681 -11.143 -11.673 -12.305 -12.695 -13.321 -13.658 -13.725
13.700 -0.247 2.499 -2.429 -5.377 -7.650 -8.531 -9.639 -9.540 -10.522 -10.658 -11.120 -11.650 -12.282 -12.672 -13.298 -13.636 -13.703
13.800 -0.225 2.521 -2.407 -5.354 -7.628 -8.509 -9.617 -9.517 -10.499 -10.635 -11.098 -11.627 -12.260 -12.650 -13.275 -13.613 -13.680
13.900 -0.202 2.543 -2.385 -5.332 -7.606 -8.487 -9.595 -9.495 -10.477 -10.613 -11.076 -11.605 -12.237 -12.628 -13.253 -13.591 -13.658
14.000 -0.181 2.565 -2.363 -5.310 -7.584 -8.465 -9.573 -9.474 -10.455 -10.591 -11.054 -11.583 -12.216 -12.606 -13.232 -13.569 -13.636
14.100 -0.159 2.586 -2.342 -5.289 -7.563 -8.444 -9.551 -9.452 -10.434 -10.570 -11.032 -11.562 -12.194 -12.585 -13.210 -13.548 -13.615
14.200 -0.138 2.607 -2.321 -5.268 -7.542 -8.423 -9.530 -9.431 -10.413 -10.549 -11.011 -11.541 -12.173 -12.564 -13.189 -13.527 -13.594
14.300 -0.118 2.628 -2.300 -5.247 -7.521 -8.402 -9.510 -9.411 -10.392 -10.528 -10.991 -11.520 -12.153 -12.543 -13.168 -13.506 -13.573
14.400 -0.097 2.648 -2.280 -5.227 -7.501 -8.382 -9.489 -9.390 -10.372 -10.508 -10.970 -11.500 -12.132 -12.523 -13.148 -13.486 -13.553
14.500 -0.077 2.668 -2.260 -5.207 -7.481 -8.362 -9.469 -9.370 -10.352 -10.488 -10.950 -11.480 -12.112 -12.503 -13.128 -13.466 -13.533
14.600 -0.058 2.688 -2.240 -5.187 -7.461 -8.342 -9.450 -9.351 -10.332 -10.468 -10.931 -11.460 -12.093 -12.483 -13.109 -13.446 -13.513
14.700 -0.038 2.707 -2.221 -5.168 -7.442 -8.323 -9.431 -9.331 -10.313 -10.449 -10.912 -11.441 -12.073 -12.464 -13.089 -13.427 -13.494
14.800 -0.019 2.726 -2.202 -5.149 -7.423 -8.304 -9.412 -9.312 -10.294 -10.430 -10.893 -11.422 -12.054 -12.445 -13.070 -13.408 -13.475
14.900 -0.001 2.745 -2.183 -5.130 -7.404 -8.285 -9.393 -9.294 -10.275 -10.411 -10.874 -11.403 -12.036 -12.426 -13.052 -13.389 -13.456
15.000 0.018 2.763 -2.165 -5.112 -7.386 -8.267 -9.374 -9.275 -10.257 -10.393 -10.855 -11.385 -12.017 -12.408 -13.033 -13.371 -13.438
