# day W2 M2 W1 u B g V c r w o i z y J H K
0.000 -7.071 -6.938 -6.773 -6.092 -5.773 -5.615 -5.336 -5.446 -5.103 -5.263 -4.973 -4.713 -4.417 -4.187 -3.717 -3.103 -2.531
0.100 -11.359 -11.642 -11.826 -12.216 -12.233 -12.215 -12.161 -12.177 -12.083 -12.107 -12.031 -11.911 -11.747 -11.604 -11.286 -10.811 -10.335
0.200 -11.393 -11.785 -12.112 -12.813 -12.940 -12.969 -12.986 -12.977 -12.959 -12.950 -12.936 -12.860 -12.740 -12.626 -12.360 -11.931 -11.487
0.300 -11.272 -11.728 -12.165 -13.079 -13.286 -13.348 -13.414 -13.389 -13.424 -13.395 -13.421 -13.377 -13.288 -13.195 -12.966 -12.571 -12.150
0.400 -11.094 -11.595 -12.127 -13.211 -13.485 -13.575 -13.682 -13.644 -13.723 -13.679 -13.736 -13.717 -13.654 -13.578 -13.380 -13.013 -12.611
0.500 -10.911 -11.442 -12.058 -13.284 -13.615 -13.729 -13.870 -13.821 -13.936 -13.882 -13.965 -13.966 -13.925 -13.864 -13.693 -13.349 -12.964
0.600 -10.718 -11.269 -11.964 -13.314 -13.698 -13.832 -14.004 -13.947 -14.094 -14.031 -14.136 -14.156 -14.135 -14.087 -13.939 -13.617 -13.247
0.700 -10.522 -11.087 -11.856 -13.318 -13.749 -13.904 -14.104 -14.039 -14.215 -14.145 -14.269 -14.306 -14.303 -14.267 -14.141 -13.839 -13.483
0.800 -10.326 -10.898 -11.737 -13.300 -13.777 -13.951 -14.177 -14.106 -14.308 -14.232 -14.374 -14.427 -14.441 -14.416 -14.310 -14.026 -13.683
0.900 -10.125 -10.700 -11.608 -13.265 -13.786 -13.978 -14.229 -14.151 -14.379 -14.298 -14.456 -14.524 -14.554 -14.540 -14.454 -14.187 -13.856
1.000 -9.941 -10.515 -11.487 -13.228 -13.789 -13.998 -14.272 -14.189 -14.439 -14.355 -14.527 -14.608 -14.653 -14.649 -14.581 -14.330 -14.010
1.100 -9.747 -10.314 -11.351 -13.174 -13.775 -14.000 -14.297 -14.209 -14.482 -14.394 -14.580 -14.675 -14.734 -14.739 -14.689 -14.455 -14.146
1.200 -9.559 -10.117 -11.217 -13.116 -13.755 -13.996 -14.314 -14.221 -14.516 -14.425 -14.624 -14.731 -14.804 -14.819 -14.786 -14.566 -14.268
1.300 -9.367 -9.912 -11.075 -13.046 -13.724 -13.980 -14.319 -14.222 -14.538 -14.445 -14.656 -14.776 -14.863 -14.887 -14.870 -14.665 -14.378
1.400 -9.181 -9.709 -10.934 -12.974 -13.688 -13.960 -14.319 -14.218 -14.553 -14.459 -14.682 -14.813 -14.913 -14.946 -14.945 -14.756 -14.478
1.500 -8.986 -9.494 -10.783 -12.889 -13.641 -13.928 -14.308 -14.203 -14.558 -14.463 -14.697 -14.840 -14.954 -14.995 -15.011 -14.835 -14.568
1.600 -8.805 -9.291 -10.641 -12.809 -13.595 -13.897 -14.296 -14.188 -14.562 -14.466 -14.710 -14.864 -14.990 -15.041 -15.071 -14.910 -14.652
1.700 -8.612 -9.072 -10.486 -12.715 -13.538 -13.854 -14.273 -14.162 -14.555 -14.458 -14.713 -14.879 -15.018 -15.077 -15.123 -14.976 -14.728
1.800 -8.422 -8.853 -10.331 -12.617 -13.476 -13.808 -14.246 -14.131 -14.543 -14.446 -14.711 -14.888 -15.040 -15.108 -15.169 -15.036 -14.798
1.900 -8.239 -8.638 -10.180 -12.520 -13.414 -13.760 -14.216 -14.099 -14.528 -14.433 -14.706 -14.894 -15.059 -15.135 -15.212 -15.092 -14.863
2.000 -8.045 -8.409 -10.017 -12.411 -13.341 -13.702 -14.178 -14.058 -14.505 -14.411 -14.693 -14.892 -15.070 -15.155 -15.247 -15.141 -14.922
2.100 -7.850 -8.174 -9.850 -12.297 -13.263 -13.638 -14.133 -14.012 -14.477 -14.384 -14.675 -14.885 -15.076 -15.169 -15.277 -15.186 -14.977
2.200 -7.666 -7.949 -9.691 -12.186 -13.187 -13.577 -14.090 -13.966 -14.449 -14.357 -14.657 -14.878 -15.081 -15.183 -15.306 -15.228 -15.028
2.300 -7.474 -7.711 -9.523 -12.066 -13.103 -13.507 -14.040 -13.914 -14.414 -14.324 -14.633 -14.863 -15.080 -15.190 -15.329 -15.265 -15.075
2.400 -7.275 -7.462 -9.347 -11.936 -13.010 -13.430 -13.981 -13.854 -14.372 -14.284 -14.601 -14.843 -15.072 -15.192 -15.347 -15.297 -15.117
2.500 -7.081 -7.214 -9.173 -11.806 -12.917 -13.351 -13.922 -13.792 -14.328 -14.243 -14.568 -14.821 -15.063 -15.192 -15.363 -15.327 -15.157
2.600 -6.891 -6.969 -9.001 -11.675 -12.823 -13.272 -13.861 -13.730 -14.282 -14.201 -14.533 -14.796 -15.052 -15.189 -15.376 -15.354 -15.194
2.700 -6.695 -6.712 -8.822 -11.536 -12.721 -13.185 -13.793 -13.661 -14.231 -14.153 -14.493 -14.766 -15.036 -15.182 -15.385 -15.378 -15.227
2.800 -6.493 -6.445 -8.636 -11.389 -12.612 -13.092 -13.719 -13.586 -14.174 -14.100 -14.447 -14.732 -15.015 -15.171 -15.390 -15.397 -15.256
2.900 -6.290 -6.171 -8.447 -11.236 -12.500 -12.996 -13.643 -13.510 -14.115 -14.047 -14.401 -14.697 -14.994 -15.159 -15.394 -15.413 -15.278
3.000 -6.095 -5.903 -8.264 -11.087 -12.389 -12.901 -13.569 -13.434 -14.058 -13.994 -14.355 -14.662 -14.973 -15.147 -15.397 -15.427 -15.299
3.100 -5.898 -5.629 -8.078 -10.932 -12.274 -12.802 -13.490 -13.355 -13.996 -13.937 -14.306 -14.624 -14.948 -15.132 -15.397 -15.439 -15.318
3.200 -5.695 -5.342 -7.884 -10.768 -12.152 -12.696 -13.404 -13.269 -13.928 -13.876 -14.251 -14.580 -14.919 -15.112 -15.393 -15.448 -15.334
3.300 -5.489 -5.047 -7.686 -10.597 -12.023 -12.585 -13.314 -13.179 -13.856 -13.810 -14.191 -14.532 -14.886 -15.089 -15.386 -15.454 -15.348
3.400 -5.279 -4.743 -7.483 -10.420 -11.889 -12.468 -13.218 -13.083 -13.779 -13.740 -14.128 -14.480 -14.849 -15.062 -15.376 -15.457 -15.359
3.500 -5.076 -4.442 -7.284 -10.244 -11.756 -12.353 -13.123 -12.989 -13.703 -13.671 -14.065 -14.428 -14.812 -15.034 -15.366 -15.460 -15.370
3.600 -4.873 -4.137 -7.085 -10.064 -11.620 -12.234 -13.026 -12.892 -13.624 -13.599 -13.999 -14.373 -14.772 -15.005 -15.353 -15.461 -15.379
3.700 -4.666 -3.822 -6.881 -9.877 -11.479 -12.110 -12.923 -12.790 -13.540 -13.524 -13.929 -14.315 -14.729 -14.972 -15.337 -15.459 -15.386
3.800 -4.456 -3.498 -6.673 -9.683 -11.331 -11.981 -12.816 -12.684 -13.451 -13.444 -13.855 -14.252 -14.682 -14.935 -15.319 -15.455 -15.390
3.900 -4.243 -3.164 -6.461 -9.483 -11.179 -11.846 -12.703 -12.573 -13.359 -13.361 -13.778 -14.186 -14.632 -14.896 -15.297 -15.448 -15.393
4.000 -4.028 -2.822 -6.245 -9.276 -11.021 -11.707 -12.587 -12.458 -13.263 -13.275 -13.696 -14.116 -14.578 -14.853 -15.273 -15.439 -15.394
4.100 -3.817 -2.480 -6.033 -9.069 -10.863 -11.568 -12.470 -12.343 -13.166 -13.188 -13.615 -14.045 -14.524 -14.809 -15.248 -15.429 -15.393
4.200 -3.608 -2.136 -5.822 -8.861 -10.704 -11.428 -12.352 -12.227 -13.067 -13.100 -13.532 -13.973 -14.468 -14.764 -15.222 -15.418 -15.392
4.300 -3.398 -1.785 -5.609 -8.647 -10.541 -11.284 -12.230 -12.107 -12.965 -13.009 -13.445 -13.898 -14.409 -14.715 -15.193 -15.405 -15.389
4.400 -3.186 -1.427 -5.394 -8.429 -10.374 -11.136 -12.105 -11.985 -12.860 -12.916 -13.356 -13.819 -14.347 -14.665 -15.161 -15.389 -15.383
4.500 -2.974 -1.062 -5.178 -8.206 -10.203 -10.985 -11.976 -11.858 -12.752 -12.819 -13.263 -13.738 -14.281 -14.611 -15.127 -15.371 -15.376
4.600 -2.761 -0.693 -4.962 -7.980 -10.030 -10.831 -11.844 -11.730 -12.641 -12.720 -13.168 -13.653 -14.214 -14.554 -15.090 -15.352 -15.368
4.700 -2.549 -0.322 -4.746 -7.751 -9.854 -10.674 -11.710 -11.599 -12.527 -12.619 -13.071 -13.566 -14.143 -14.495 -15.052 -15.330 -15.357
4.800 -2.342 0.043 -4.534 -7.525 -9.680 -10.518 -11.576 -11.468 -12.412 -12.517 -12.972 -13.478 -14.072 -14.435 -15.011 -15.307 -15.345
4.900 -2.140 0.398 -4.328 -7.302 -9.507 -10.363 -11.442 -11.338 -12.298 -12.416 -12.874 -13.390 -13.999 -14.374 -14.970 -15.283 -15.333
5.000 -1.943 0.740 -4.127 -7.083 -9.336 -10.210 -11.309 -11.208 -12.183 -12.313 -12.775 -13.300 -13.925 -14.311 -14.927 -15.257 -15.319
5.100 -1.837 0.909 -4.019 -6.967 -9.240 -10.121 -11.229 -11.130 -12.112 -12.248 -12.711 -13.240 -13.872 -14.263 -14.888 -15.226 -15.293
5.200 -1.802 0.944 -3.985 -6.932 -9.206 -10.087 -11.195 -11.096 -12.077 -12.214 -12.676 -13.205 -13.838 -14.228 -14.854 -15.192 -15.259
5.300 -1.767 0.979 -3.949 -6.897 -9.170 -10.051 -11.159 -11.060 -12.042 -12.178 -12.641 -13.170 -13.803 -14.193 -14.818 -15.156 -15.223
5.400 -1.731 1.015 -3.913 -6.861 -9.135 -10.016 -11.124 -11.024 -12.006 -12.142 -12.605 -13.134 -13.767 -14.157 -14.783 -15.120 -15.187
5.500 -1.694 1.052 -3.877 -6.824 -9.098 -9.979 -11.087 -10.988 -11.969 -12.106 -12.568 -13.098 -13.730 -14.120 -14.746 -15.084 -15.151
5.600 -1.657 1.089 -3.840 -6.787 -9.061 -9.942 -11.050 -10.951 -11.932 -12.069 -12.531 -13.061 -13.693 -14.083 -14.709 -15.047 -15.114
5.700 -1.621 1.125 -3.803 -6.750 -9.024 -9.905 -11.013 -10.914 -11.896 -12.032 -12.494 -13.024 -13.656 -14.047 -14.672 -15.010 -15.077
5.800 -1.584 1.162 -3.766 -6.713 -8.987 -9.868 -10.976 -10.877 -11.859 -11.995 -12.457 -12.987 -13.619 -14.010 -14.635 -14.973 -15.040
5.900 -1.547 1.199 -3.729 -6.676 -8.950 -9.831 -10.939 -10.840 -11.822 -11.958 -12.420 -12.950 -13.582 -13.973 -14.598 -14.936 -15.003
6.000 -1.509 1.237 -3.692 -6.639 -8.913 -9.794 -10.902 -10.802 -11.784 -11.920 -12.383 -12.912 -13.545 -13.935 -14.561 -14.898 -14.965
6.100 -1.471 1.275 -3.654 -6.601 -8.875 -9.756 -10.864 -10.765 -11.746 -11.883 -12.345 -12.875 -13.507 -13.897 -14.523 -14.861 -14.928
6.200 -1.433 1.313 -3.616 -6.563 -8.837 -9.718 -10.826 -10.726 -11.708 -11.844 -12.307 -12.836 -13.469 -13.859 -14.485 -14.822 -14.889
6.300 -1.395 1.351 -3.577 -6.525 -8.798 -9.679 -10.787 -10.688 -11.670 -11.806 -12.268 -12.798 -13.430 -13.821 -14.446 -14.784 -14.851
6.400 -1.356 1.390 -3.539 -6.486 -8.760 -9.641 -10.749 -10.650 -11.631 -11.768 -12.230 -12.760 -13.392 -13.782 -14.408 -14.746 -14.813
6.500 -1.318 1.428 -3.500 -6.448 -8.721 -9.602 -10.710 -10.611 -11.593 -11.729 -12.191 -12.721 -13.353 -13.744 -14.369 -14.707 -14.774
6.600 -1.279 1.467 -3.462 -6.409 -8.683 -9.564 -10.672 -10.572 -11.554 -11.690 -12.153 -12.682 -13.315 -13.705 -14.331 -14.668 -14.735
6.700 -1.241 1.505 -3.423 -6.370 -8.644 -9.525 -10.633 -10.534 -11.516 -11.652 -12.114 -12.644 -13.276 -13.667 -14.292 -14.630 -14.697
6.800 -1.203 1.543 -3.385 -6.332 -8.606 -9.487 -10.595 -10.496 -11.478 -11.614 -12.076 -12.606 -13.238 -13.629 -14.254 -14.592 -14.659
6.900 -1.165 1.581 -3.347 -6.294 -8.568 -9.449 -10.557 -10.458 -11.440 -11.576 -12.038 -12.568 -13.200 -13.591 -14.216 -14.554 -14.621
7.000 -1.127 1.619 -3.309 -6.256 -8.530 -9.411 -10.519 -10.420 -11.402 -11.538 -12.000 -12.530 -13.162 -13.553 -14.178 -14.516 -14.583
7.100 -1.089 1.657 -3.271 -6.219 -8.492 -9.373 -10.481 -10.382 -11.364 -11.500 -11.963 -12.492 -13.124 -13.515 -14.140 -14.478 -14.545
7.200 -1.051 1.695 -3.234 -6.181 -8.455 -9.336 -10.444 -10.344 -11.326 -11.462 -11.925 -12.454 -13.087 -13.477 -14.103 -14.440 -14.507
7.300 -1.014 1.732 -3.196 -6.143 -8.417 -9.298 -10.406 -10.307 -11.288 -11.425 -11.887 -12.417 -13.049 -13.439 -14.065 -14.403 -14.470
7.400 -0.976 1.770 -3.158 -6.106 -8.380 -9.261 -10.369 -10.269 -11.251 -11.387 -11.850 -12.379 -13.012 -13.402 -14.028 -14.365 -14.432
7.500 -0.939 1.807 -3.121 -6.069 -8.342 -9.223 -10.331 -10.232 -11.214 -11.350 -11.813 -12.342 -12.974 -13.365 -13.990 -14.328 -14.395
7.600 -0.902 1.844 -3.084 -6.032 -8.305 -9.187 -10.294 -10.195 -11.177 -11.313 -11.776 -12.305 -12.938 -13.328 -13.954 -14.291 -14.358
7.700 -0.865 1.881 -3.048 -5.995 -8.269 -9.150 -10.258 -10.159 -11.140 -11.277 -11.739 -12.268 -12.901 -13.291 -13.917 -14.255 -14.322
7.800 -0.829 1.917 -3.011 -5.959 -8.232 -9.113 -10.221 -10.122 -11.104 -11.240 -11.703 -12.232 -12.865 -13.255 -13.881 -14.218 -14.285
7.900 -0.793 1.953 -2.975 -5.923 -8.196 -9.078 -10.185 -10.086 -11.068 -11.204 -11.667 -12.196 -12.829 -13.219 -13.845 -14.182 -14.249
8.000 -0.758 1.989 -2.940 -5.887 -8.161 -9.042 -10.150 -10.051 -11.032 -11.169 -11.631 -12.161 -12.793 -13.183 -13.809 -14.147 -14.214
8.100 -0.722 2.024 -2.905 -5.852 -8.126 -9.007 -10.115 -10.016 -10.997 -11.133 -11.596 -12.125 -12.758 -13.148 -13.774 -14.111 -14.179
8.200 -0.688 2.059 -2.870 -5.817 -8.091 -8.972 -10.080 -9.981 -10.962 -11.099 -11.561 -12.091 -12.723 -13.113 -13.739 -14.077 -14.144
8.300 -0.653 2.093 -2.835 -5.783 -8.057 -8.938 -10.046 -9.946 -10.928 -11.064 -11.527 -12.056 -12.689 -13.079 -13.705 -14.042 -14.109
8.400 -0.619 2.127 -2.801 -5.749 -8.022 -8.903 -10.011 -9.912 -10.894 -11.030 -11.493 -12.022 -12.655 -13.045 -13.671 -14.008 -14.075
8.500 -0.585 2.161 -2.768 -5.715 -7.989 -8.870 -9.978 -9.878 -10.860 -10.996 -11.459 -11.988 -12.621 -13.011 -13.637 -13.974 -14.041
8.600 -0.552 2.194 -2.734 -5.682 -7.955 -8.836 -9.944 -9.845 -10.827 -10.963 -11.425 -11.955 -12.587 -12.978 -13.603 -13.941 -14.008
8.700 -0.519 2.227 -2.701 -5.649 -7.922 -8.803 -9.911 -9.812 -10.794 -10.930 -11.392 -11.922 -12.554 -12.945 -13.570 -13.908 -13.975
8.800 -0.486 2.260 -2.669 -5.616 -7.890 -8.771 -9.879 -9.779 -10.761 -10.897 -11.360 -11.889 -12.522 -12.912 -13.538 -13.875 -13.942
8.900 -0.454 2.292 -2.636 -5.584 -7.857 -8.739 -9.847 -9.747 -10.729 -10.865 -11.328 -11.857 -12.490 -12.880 -13.506 -13.843 -13.910
9.000 -0.422 2.324 -2.605 -5.552 -7.826 -8.707 -9.815 -9.715 -10.697 -10.833 -11.296 -11.825 -12.458 -12.848 -13.474 -13.811 -13.878
9.100 -0.391 2.355 -2.573 -5.521 -7.794 -8.675 -9.783 -9.684 -10.666 -10.802 -11.264 -11.794 -12.426 -12.817 -13.442 -13.780 -13.847
9.200 -0.360 2.386 -2.542 -5.489 -7.763 -8.644 -9.752 -9.653 -10.635 -10.771 -11.233 -11.763 -12.395 -12.786 -13.411 -13.749 -13.816
9.300 -0.329 2.417 -2.512 -5.459 -7.733 -8.614 -9.722 -9.622 -10.604 -10.740 -11.203 -11.732 -12.365 -12.755 -13.381 -13.718 -13.785
9.400 -0.299 2.447 -2.481 -5.429 -7.703 -8.584 -9.692 -9.592 -10.574 -10.710 -11.173 -11.702 -12.335 -12.725 -13.351 -13.688 -13.755
9.500 -0.269 2.477 -2.452 -5.399 -7.673 -8.554 -9.662 -9.562 -10.544 -10.680 -11.143 -11.672 -12.305 -12.695 -13.321 -13.658 -13.726
9.600 -0.240 2.506 -2.422 -5.370 -7.643 -8.524 -9.632 -9.533 -10.515 -10.651 -11.113 -11.643 -12.275 -12.666 -13.291 -13.629 -13.696
9.700 -0.211 2.535 -2.393 -5.341 -7.614 -8.495 -9.603 -9.504 -10.486 -10.622 -11.084 -11.614 -12.246 -12.637 -13.262 -13.600 -13.667
9.800 -0.182 2.564 -2.365 -5.312 -7.586 -8.467 -9.575 -9.475 -10.457 -10.593 -11.056 -11.585 -12.218 -12.608 -13.234 -13.571 -13.638
9.900 -0.154 2.592 -2.336 -5.284 -7.557 -8.438 -9.546 -9.447 -10.429 -10.565 -11.028 -11.557 -12.189 -12.580 -13.205 -13.543 -13.610
10.000 -0.126 2.620 -2.308 -5.256 -7.529 -8.410 -9.518 -9.419 -10.401 -10.537 -11.000 -11.529 -12.162 -12.552 -13.177 -13.515 -13.582
10.100 -0.098 2.648 -2.281 -5.228 -7.502 -8.383 -9.491 -9.392 -10.373 -10.510 -10.972 -11.501 -12.134 -12.524 -13.150 -13.488 -13.555
10.200 -0.071 2.675 -2.253 -5.201 -7.475 -8.356 -9.464 -9.364 -10.346 -10.482 -10.945 -11.474 -12.107 -12.497 -13.123 -13.460 -13.527
10.300 -0.044 2.702 -2.227 -5.174 -7.448 -8.329 -9.437 -9.337 -10.319 -10.455 -10.918 -11.447 -12.080 -12.470 -13.096 -13.433 -13.500
10.400 -0.018 2.728 -2.200 -5.147 -7.421 -8.302 -9.410 -9.311 -10.293 -10.429 -10.891 -11.421 -12.053 -12.444 -13.069 -13.407 -13.474
10.500 0.009 2.755 -2.174 -5.121 -7.395 -8.276 -9.384 -9.285 -10.266 -10.403 -10.865 -11.395 -12.027 -12.417 -13.043 -13.381 -13.448
10.600 0.034 2.781 -2.148 -5.095 -7.369 -8.250 -9.358 -9.259 -10.240 -10.377 -10.839 -11.369 -12.001 -12.391 -13.017 -13.355 -13.422
10.700 0.060 2.806 -2.122 -5.070 -7.343 -8.224 -9.332 -9.233 -10.215 -10.351 -10.814 -11.343 -11.976 -12.366 -12.992 -13.329 -13.396
10.800 0.085 2.831 -2.097 -5.044 -7.318 -8.199 -9.307 -9.208 -10.190 -10.326 -10.788 -11.318 -11.950 -12.341 -12.966 -13.304 -13.371
10.900 0.110 2.856 -2.072 -5.019 -7.293 -8.174 -9.282 -9.183 -10.165 -10.301 -10.763 -11.293 -11.925 -12.316 -12.941 -13.279 -13.346
11.000 0.135 2.881 -2.048 -4.995 -7.269 -8.150 -9.258 -9.158 -10.140 -10.276 -10.739 -11.268 -11.901 -12.291 -12.917 -13.254 -13.321
11.100 0.159 2.905 -2.023 -4.971 -7.244 -8.125 -9.233 -9.134 -10.116 -10.252 -10.714 -11.244 -11.876 -12.267 -12.892 -13.230 -13.297
11.200 0.183 2.929 -1.999 -4.947 -7.220 -8.101 -9.209 -9.110 -10.092 -10.228 -10.690 -11.220 -11.852 -12.243 -12.868 -13.206 -13.273
11.300 0.207 2.953 -1.975 -4.923 -7.197 -8.078 -9.186 -9.086 -10.068 -10.204 -10.667 -11.196 -11.829 -12.219 -12.845 -13.182 -13.249
11.400 0.230 2.976 -1.952 -4.899 -7.173 -8.054 -9.162 -9.063 -10.045 -10.181 -10.643 -11.173 -11.805 -12.196 -12.821 -13.159 -13.226
11.500 0.254 3.000 -1.929 -4.876 -7.150 -8.031 -9.139 -9.040 -10.021 -10.158 -10.620 -11.150 -11.782 -12.172 -12.798 -13.136 -13.203
11.600 0.276 3.022 -1.906 -4.853 -7.127 -8.008 -9.116 -9.017 -9.999 -10.135 -10.597 -11.127 -11.759 -12.149 -12.775 -13.113 -13.180
11.700 0.299 3.045 -1.883 -4.831 -7.104 -7.985 -9.093 -8.994 -9.976 -10.112 -10.575 -11.104 -11.737 -12.127 -12.752 -13.090 -13.157
11.800 0.321 3.067 -1.861 -4.808 -7.082 -7.963 -9.071 -8.972 -9.954 -10.090 -10.552 -11.082 -11.714 -12.105 -12.730 -13.068 -13.135
11.900 0.343 3.090 -1.839 -4.786 -7.060 -7.941 -9.049 -8.950 -9.931 -10.068 -10.530 -11.060 -11.692 -12.082 -12.708 -13.046 -13.113
12.000 0.365 3.111 -1.817 -4.764 -7.038 -7.919 -9.027 -8.928 -9.910 -10.046 -10.508 -11.038 -11.670 -12.061 -12.686 -13.024 -13.091
12.100 0.387 3.133 -1.796 -4.743 -7.017 -7.898 -9.006 -8.906 -9.888 -10.024 -10.487 -11.016 -11.649 -12.039 -12.665 -13.002 -13.069
12.200 0.408 3.154 -1.774 -4.722 -6.995 -7.876 -8.984 -8.885 -9.867 -10.003 -10.465 -10.995 -11.627 -12.018 -12.643 -12.981 -13.048
12.300 0.429 3.175 -1.753 -4.701 -6.974 -7.855 -8.963 -8.864 -9.846 -9.982 -10.444 -10.974 -11.606 -11.997 -12.622 -12.960 -13.027
12.400 0.450 3.196 -1.732 -4.680 -6.953 -7.835 -8.942 -8.843 -9.825 -9.961 -10.424 -10.953 -11.586 -11.976 -12.602 -12.939 -13.006
12.500 0.471 3.217 -1.712 -4.659 -6.933 -7.814 -8.922 -8.823 -9.804 -9.941 -10.403 -10.933 -11.565 -11.955 -12.581 -12.919 -12.986
12.600 0.491 3.237 -1.692 -4.639 -6.913 -7.794 -8.902 -8.802 -9.784 -9.920 -10.383 -10.912 -11.545 -11.935 -12.561 -12.898 -12.965
12.700 0.511 3.257 -1.672 -4.619 -6.893 -7.774 -8.882 -8.782 -9.764 -9.900 -10.363 -10.892 -11.525 -11.915 -12.541 -12.878 -12.945
12.800 0.531 3.277 -1.652 -4.599 -6.873 -7.754 -8.862 -8.763 -9.744 -9.880 -10.343 -10.872 -11.505 -11.895 -12.521 -12.858 -12.926
12.900 0.550 3.296 -1.632 -4.579 -6.853 -7.734 -8.842 -8.743 -9.725 -9.861 -10.323 -10.853 -11.485 -11.876 -12.501 -12.839 -12.906
13.000 0.570 3.316 -1.613 -4.560 -6.834 -7.715 -8.823 -8.724 -9.705 -9.842 -10.304 -10.833 -11.466 -11.856 -12.482 -12.820 -12.887
13.100 0.589 3.335 -1.594 -4.541 -6.815 -7.696 -8.804 -8.705 -9.686 -9.822 -10.285 -10.814 -11.447 -11.837 -12.463 -12.800 -12.868
13.200 0.608 3.354 -1.575 -4.522 -6.796 -7.677 -8.785 -8.686 -9.667 -9.804 -10.266 -10.795 -11.428 -11.818 -12.444 -12.782 -12.849
13.300 0.626 3.372 -1.556 -4.503 -6.777 -7.658 -8.766 -8.667 -9.649 -9.785 -10.247 -10.777 -11.409 -11.800 -12.425 -12.763 -12.830
13.400 0.645 3.391 -1.538 -4.485 -6.759 -7.640 -8.748 -8.648 -9.630 -9.766 -10.229 -10.758 -11.391 -11.781 -12.407 -12.744 -12.812
13.500 0.663 3.409 -1.519 -4.467 -6.741 -7.622 -8.730 -8.630 -9.612 -9.748 -10.211 -10.740 -11.373 -11.763 -12.389 -12.726 -12.793
13.600 0.681 3.427 -1.501 -4.449 -6.722 -7.604 -8.712 -8.612 -9.594 -9.730 -10.193 -10.722 -11.355 -11.745 -12.371 -12.708 -12.775
13.700 0.699 3.445 -1.484 -4.431 -6.705 -7.586 -8.694 -8.594 -9.576 -9.712 -10.175 -10.704 -11.337 -11.727 -12.353 -12.690 -12.757
13.800 0.716 3.462 -1.466 -4.413 -6.687 -7.568 -8.676 -8.577 -9.559 -9.695 -10.157 -10.687 -11.319 -11.710 -12.335 -12.673 -12.740
13.900 0.734 3.480 -1.449 -4.396 -6.670 -7.551 -8.659 -8.559 -9.541 -9.677 -10.140 -10.669 -11.302 -11.692 -12.318 -12.655 -12.722
14.000 0.751 3.497 -1.431 -4.379 -6.653 -7.534 -8.642 -8.542 -9.524 -9.660 -10.123 -10.652 -11.285 -11.675 -12.301 -12.638 -12.705
14.100 0.768 3.514 -1.414 -4.362 -6.636 -7.517 -8.625 -8.525 -9.507 -9.643 -10.106 -10.635 -11.268 -11.658 -12.284 -12.621 -12.688
14.200 0.785 3.531 -1.398 -4.345 -6.619 -7.500 -8.608 -8.509 -9.490 -9.626 -10.089 -10.618 -11.251 -11.641 -12.267 -12.604 -12.672
14.300 0.801 3.547 -1.381 -4.328 -6.602 -7.483 -8.591 -8.492 -9.474 -9.610 -10.072 -10.602 -11.234 -11.625 -12.250 -12.588 -12.655
14.400 0.818 3.564 -1.365 -4.312 -6.586 -7.467 -8.575 -8.476 -9.457 -9.593 -10.056 -10.585 -11.218 -11.608 -12.234 -12.571 -12.639
14.500 0.834 3.580 -1.348 -4.296 -6.570 -7.451 -8.559 -8.459 -9.441 -9.577 -10.040 -10.569 -11.202 -11.592 -12.218 -12.555 -12.622
14.600 0.850 3.596 -1.332 -4.280 -6.554 -7.435 -8.543 -8.443 -9.425 -9.561 -10.024 -10.553 -11.186 -11.576 -12.202 -12.539 -12.606
14.700 0.866 3.612 -1.317 -4.264 -6.538 -7.419 -8.527 -8.427 -9.409 -9.545 -10.008 -10.537 -11.170 -11.560 -12.186 -12.523 -12.590
14.800 0.881 3.627 -1.301 -4.248 -6.522 -7.403 -8.511 -8.412 -9.394 -9.530 -9.992 -10.522 -11.154 -11.544 -12.170 -12.508 -12.575
14.900 0.897 3.643 -1.285 -4.233 -6.507 -7.388 -8.496 -8.396 -9.378 -9.514 -9.977 -10.506 -11.139 -11.529 -12.155 -12.492 -12.559
15.000 0.912 3.658 -1.270 -4.217 -6.491 -7.372 -8.480 -8.381 -9.363 -9.499 -9.961 -10.491 -11.123 -11.514 -12.139 -12.477 -12.544
