# day W2 M2 W1 u B g V c r w o i z y J H K
0.000 -9.658 -9.458 -9.257 -8.413 -8.049 -7.872 -7.563 -7.686 -7.308 -7.491 -7.168 -6.888 -6.575 -6.333 -5.842 -5.208 -4.623
0.100 -13.638 -13.723 -13.722 -13.648 -13.528 -13.455 -13.318 -13.367 -13.185 -13.253 -13.105 -12.939 -12.732 -12.561 -12.197 -11.680 -11.177
0.200 -12.909 -13.212 -13.423 -13.885 -13.933 -13.928 -13.896 -13.905 -13.836 -13.849 -13.794 -13.689 -13.541 -13.408 -13.111 -12.653 -12.190
0.300 -12.148 -12.577 -12.974 -13.824 -14.011 -14.064 -14.117 -14.096 -14.117 -14.092 -14.107 -14.052 -13.952 -13.851 -13.607 -13.197 -12.766
0.400 -11.461 -11.959 -12.512 -13.653 -13.959 -14.062 -14.187 -14.143 -14.240 -14.190 -14.260 -14.249 -14.192 -14.119 -13.925 -13.557 -13.155
0.500 -10.727 -11.273 -11.991 -13.399 -13.818 -13.969 -14.162 -14.099 -14.266 -14.196 -14.315 -14.344 -14.329 -14.283 -14.136 -13.810 -13.435
0.600 -9.964 -10.534 -11.432 -13.092 -13.622 -13.819 -14.076 -13.997 -14.229 -14.146 -14.307 -14.374 -14.400 -14.380 -14.279 -13.993 -13.646
0.700 -9.313 -9.873 -10.929 -12.787 -13.415 -13.652 -13.965 -13.873 -14.162 -14.070 -14.266 -14.367 -14.430 -14.435 -14.378 -14.131 -13.810
0.800 -8.860 -9.400 -10.557 -12.537 -13.236 -13.504 -13.859 -13.759 -14.091 -13.997 -14.218 -14.346 -14.441 -14.468 -14.450 -14.239 -13.942
0.900 -8.562 -9.084 -10.308 -12.362 -13.108 -13.396 -13.781 -13.676 -14.038 -13.943 -14.181 -14.330 -14.449 -14.493 -14.509 -14.329 -14.054
1.000 -8.329 -8.833 -10.121 -12.239 -13.021 -13.325 -13.731 -13.623 -14.006 -13.912 -14.162 -14.326 -14.463 -14.521 -14.563 -14.409 -14.153
1.100 -8.131 -8.612 -9.965 -12.145 -12.960 -13.278 -13.702 -13.591 -13.992 -13.899 -14.158 -14.333 -14.485 -14.553 -14.615 -14.482 -14.244
1.200 -7.947 -8.402 -9.822 -12.062 -12.911 -13.242 -13.684 -13.570 -13.989 -13.896 -14.164 -14.350 -14.514 -14.591 -14.670 -14.551 -14.322
1.300 -7.771 -8.194 -9.682 -11.981 -12.864 -13.209 -13.669 -13.552 -13.987 -13.895 -14.172 -14.367 -14.544 -14.629 -14.722 -14.617 -14.398
1.400 -7.603 -7.994 -9.548 -11.902 -12.819 -13.178 -13.654 -13.535 -13.986 -13.895 -14.180 -14.384 -14.572 -14.665 -14.773 -14.681 -14.471
1.500 -7.444 -7.799 -9.418 -11.824 -12.774 -13.145 -13.639 -13.518 -13.984 -13.894 -14.186 -14.400 -14.599 -14.699 -14.820 -14.741 -14.541
1.600 -7.284 -7.601 -9.285 -11.741 -12.725 -13.110 -13.620 -13.498 -13.980 -13.891 -14.191 -14.414 -14.624 -14.731 -14.865 -14.797 -14.604
1.700 -7.137 -7.415 -9.163 -11.663 -12.678 -13.077 -13.603 -13.479 -13.976 -13.889 -14.196 -14.428 -14.648 -14.763 -14.909 -14.850 -14.663
1.800 -6.988 -7.223 -9.036 -11.579 -12.627 -13.038 -13.581 -13.455 -13.968 -13.882 -14.196 -14.438 -14.669 -14.790 -14.948 -14.900 -14.720
1.900 -6.843 -7.035 -8.911 -11.495 -12.574 -12.998 -13.557 -13.429 -13.956 -13.873 -14.194 -14.444 -14.686 -14.814 -14.985 -14.948 -14.774
2.000 -6.707 -6.854 -8.793 -11.414 -12.523 -12.959 -13.533 -13.404 -13.945 -13.863 -14.190 -14.449 -14.700 -14.836 -15.019 -14.992 -14.826
2.100 -6.569 -6.670 -8.671 -11.328 -12.468 -12.916 -13.505 -13.374 -13.929 -13.850 -14.183 -14.450 -14.712 -14.854 -15.049 -15.034 -14.875
2.200 -6.433 -6.485 -8.550 -11.241 -12.411 -12.870 -13.474 -13.343 -13.911 -13.835 -14.174 -14.448 -14.720 -14.870 -15.077 -15.073 -14.922
2.300 -6.303 -6.306 -8.434 -11.156 -12.354 -12.826 -13.444 -13.312 -13.892 -13.819 -14.163 -14.445 -14.727 -14.883 -15.103 -15.109 -14.966
2.400 -6.177 -6.129 -8.319 -11.071 -12.297 -12.780 -13.412 -13.279 -13.872 -13.801 -14.151 -14.441 -14.732 -14.894 -15.125 -15.143 -15.007
2.500 -6.047 -5.946 -8.201 -10.980 -12.236 -12.730 -13.376 -13.243 -13.848 -13.781 -14.135 -14.433 -14.734 -14.902 -15.146 -15.174 -15.047
2.600 -5.920 -5.764 -8.083 -10.890 -12.174 -12.680 -13.340 -13.206 -13.824 -13.760 -14.119 -14.424 -14.735 -14.910 -15.164 -15.203 -15.083
2.700 -5.799 -5.586 -7.971 -10.802 -12.116 -12.633 -13.308 -13.174 -13.804 -13.743 -14.108 -14.420 -14.740 -14.920 -15.184 -15.228 -15.110
2.800 -5.680 -5.410 -7.859 -10.713 -12.057 -12.586 -13.275 -13.140 -13.783 -13.726 -14.095 -14.415 -14.743 -14.929 -15.201 -15.251 -15.136
2.900 -5.558 -5.228 -7.744 -10.620 -11.993 -12.534 -13.237 -13.102 -13.758 -13.704 -14.078 -14.405 -14.743 -14.935 -15.217 -15.273 -15.161
3.000 -5.437 -5.046 -7.630 -10.526 -11.928 -12.481 -13.198 -13.063 -13.731 -13.682 -14.060 -14.395 -14.742 -14.940 -15.230 -15.293 -15.185
3.100 -5.318 -4.864 -7.516 -10.431 -11.862 -12.427 -13.158 -13.023 -13.703 -13.658 -14.040 -14.382 -14.738 -14.942 -15.243 -15.312 -15.208
3.200 -5.202 -4.685 -7.404 -10.336 -11.797 -12.372 -13.117 -12.982 -13.674 -13.633 -14.020 -14.369 -14.734 -14.944 -15.253 -15.330 -15.229
3.300 -5.086 -4.504 -7.292 -10.240 -11.729 -12.316 -13.075 -12.940 -13.643 -13.606 -13.997 -14.353 -14.728 -14.943 -15.262 -15.346 -15.249
3.400 -4.967 -4.318 -7.176 -10.139 -11.657 -12.256 -13.028 -12.894 -13.609 -13.577 -13.971 -14.335 -14.719 -14.940 -15.269 -15.360 -15.268
3.500 -4.850 -4.132 -7.062 -10.038 -11.585 -12.195 -12.981 -12.847 -13.574 -13.547 -13.945 -14.315 -14.708 -14.936 -15.275 -15.374 -15.286
3.600 -4.732 -3.944 -6.946 -9.934 -11.511 -12.132 -12.932 -12.798 -13.536 -13.514 -13.916 -14.294 -14.696 -14.930 -15.280 -15.386 -15.303
3.700 -4.616 -3.757 -6.831 -9.830 -11.436 -12.068 -12.882 -12.749 -13.498 -13.481 -13.887 -14.271 -14.683 -14.923 -15.283 -15.398 -15.319
3.800 -4.500 -3.569 -6.717 -9.725 -11.360 -12.003 -12.831 -12.698 -13.459 -13.447 -13.856 -14.247 -14.668 -14.915 -15.285 -15.408 -15.334
3.900 -4.384 -3.378 -6.601 -9.618 -11.282 -11.937 -12.777 -12.645 -13.417 -13.411 -13.823 -14.221 -14.652 -14.904 -15.285 -15.416 -15.348
4.000 -4.265 -3.182 -6.483 -9.506 -11.200 -11.866 -12.720 -12.589 -13.372 -13.372 -13.787 -14.192 -14.633 -14.892 -15.283 -15.423 -15.360
4.100 -4.147 -2.987 -6.365 -9.394 -11.118 -11.795 -12.663 -12.533 -13.327 -13.332 -13.751 -14.163 -14.613 -14.878 -15.281 -15.430 -15.372
4.200 -4.028 -2.787 -6.245 -9.279 -11.033 -11.722 -12.603 -12.474 -13.279 -13.290 -13.712 -14.131 -14.591 -14.863 -15.277 -15.435 -15.383
4.300 -3.909 -2.588 -6.125 -9.163 -10.947 -11.647 -12.542 -12.414 -13.230 -13.248 -13.673 -14.098 -14.568 -14.847 -15.272 -15.439 -15.394
4.400 -3.791 -2.387 -6.006 -9.046 -10.860 -11.572 -12.480 -12.353 -13.180 -13.204 -13.632 -14.064 -14.544 -14.829 -15.266 -15.443 -15.403
4.500 -3.671 -2.183 -5.885 -8.926 -10.770 -11.494 -12.416 -12.290 -13.128 -13.158 -13.589 -14.028 -14.518 -14.809 -15.258 -15.445 -15.411
4.600 -3.551 -1.977 -5.763 -8.804 -10.679 -11.414 -12.349 -12.225 -13.074 -13.111 -13.545 -13.990 -14.490 -14.789 -15.249 -15.446 -15.419
4.700 -3.428 -1.765 -5.638 -8.678 -10.584 -11.331 -12.280 -12.157 -13.017 -13.061 -13.497 -13.950 -14.460 -14.765 -15.238 -15.445 -15.425
4.800 -3.305 -1.554 -5.514 -8.551 -10.489 -11.247 -12.210 -12.089 -12.960 -13.010 -13.450 -13.909 -14.429 -14.742 -15.227 -15.444 -15.431
4.900 -3.181 -1.338 -5.387 -8.421 -10.390 -11.160 -12.137 -12.018 -12.899 -12.958 -13.399 -13.866 -14.396 -14.716 -15.214 -15.442 -15.435
5.000 -3.056 -1.120 -5.260 -8.289 -10.290 -11.072 -12.063 -11.945 -12.838 -12.904 -13.348 -13.821 -14.362 -14.689 -15.200 -15.439 -15.439
5.100 -2.931 -0.901 -5.132 -8.155 -10.189 -10.982 -11.987 -11.871 -12.775 -12.848 -13.295 -13.775 -14.327 -14.661 -15.185 -15.435 -15.443
5.200 -2.805 -0.680 -5.004 -8.020 -10.086 -10.891 -11.910 -11.796 -12.710 -12.791 -13.241 -13.727 -14.290 -14.631 -15.168 -15.429 -15.445
5.300 -2.677 -0.456 -4.874 -7.882 -9.980 -10.797 -11.830 -11.719 -12.643 -12.733 -13.184 -13.678 -14.251 -14.600 -15.151 -15.423 -15.446
5.400 -2.549 -0.230 -4.743 -7.742 -9.872 -10.702 -11.749 -11.639 -12.575 -12.673 -13.126 -13.627 -14.211 -14.567 -15.132 -15.416 -15.447
5.500 -2.418 -0.000 -4.609 -7.598 -9.762 -10.603 -11.664 -11.557 -12.504 -12.610 -13.066 -13.573 -14.168 -14.533 -15.111 -15.407 -15.447
5.600 -2.287 0.231 -4.475 -7.452 -9.650 -10.503 -11.579 -11.474 -12.431 -12.546 -13.004 -13.518 -14.125 -14.497 -15.089 -15.398 -15.445
5.700 -2.154 0.464 -4.340 -7.304 -9.535 -10.401 -11.491 -11.388 -12.356 -12.481 -12.941 -13.461 -14.079 -14.459 -15.066 -15.388 -15.444
5.800 -2.020 0.699 -4.203 -7.154 -9.419 -10.297 -11.401 -11.301 -12.280 -12.413 -12.875 -13.403 -14.032 -14.420 -15.042 -15.376 -15.441
5.900 -1.972 0.774 -4.154 -7.102 -9.375 -10.256 -11.364 -11.265 -12.246 -12.383 -12.845 -13.375 -14.007 -14.397 -15.023 -15.360 -15.427
6.000 -1.954 0.791 -4.137 -7.084 -9.358 -10.239 -11.347 -11.247 -12.229 -12.365 -12.828 -13.357 -13.990 -14.380 -15.005 -15.343 -15.410
6.100 -1.937 0.809 -4.119 -7.066 -9.340 -10.221 -11.329 -11.230 -12.211 -12.347 -12.810 -13.339 -13.972 -14.362 -14.988 -15.325 -15.392
6.200 -1.918 0.827 -4.101 -7.048 -9.322 -10.203 -11.310 -11.211 -12.193 -12.329 -12.791 -13.321 -13.953 -14.344 -14.969 -15.307 -15.374
6.300 -1.899 0.847 -4.081 -7.029 -9.302 -10.183 -11.291 -11.192 -12.174 -12.310 -12.772 -13.302 -13.934 -14.324 -14.950 -15.288 -15.355
6.400 -1.879 0.866 -4.062 -7.009 -9.283 -10.164 -11.272 -11.172 -12.154 -12.290 -12.753 -13.282 -13.914 -14.305 -14.930 -15.268 -15.335
6.500 -1.859 0.887 -4.041 -6.989 -9.262 -10.143 -11.251 -11.152 -12.133 -12.270 -12.732 -13.261 -13.894 -14.284 -14.910 -15.247 -15.314
6.600 -1.838 0.907 -4.021 -6.968 -9.242 -10.123 -11.230 -11.131 -12.113 -12.249 -12.711 -13.241 -13.873 -14.264 -14.889 -15.227 -15.294
6.700 -1.817 0.929 -3.999 -6.947 -9.220 -10.101 -11.209 -11.110 -12.091 -12.228 -12.690 -13.220 -13.852 -14.242 -14.868 -15.205 -15.272
6.800 -1.795 0.950 -3.977 -6.925 -9.198 -10.079 -11.187 -11.088 -12.070 -12.206 -12.668 -13.198 -13.830 -14.220 -14.846 -15.184 -15.251
6.900 -1.773 0.973 -3.955 -6.903 -9.176 -10.057 -11.165 -11.066 -12.048 -12.184 -12.646 -13.176 -13.808 -14.198 -14.824 -15.161 -15.229
7.000 -1.750 0.995 -3.933 -6.880 -9.154 -10.035 -11.143 -11.043 -12.025 -12.161 -12.624 -13.153 -13.786 -14.176 -14.801 -15.139 -15.206
7.100 -1.728 1.018 -3.910 -6.857 -9.131 -10.012 -11.120 -11.021 -12.002 -12.138 -12.601 -13.130 -13.763 -14.153 -14.779 -15.116 -15.183
7.200 -1.704 1.041 -3.887 -6.834 -9.108 -9.989 -11.097 -10.997 -11.979 -12.115 -12.578 -13.107 -13.739 -14.130 -14.755 -15.093 -15.160
7.300 -1.681 1.065 -3.863 -6.810 -9.084 -9.965 -11.073 -10.974 -11.955 -12.091 -12.554 -13.083 -13.716 -14.106 -14.731 -15.069 -15.136
7.400 -1.656 1.089 -3.839 -6.786 -9.060 -9.941 -11.049 -10.949 -11.931 -12.067 -12.530 -13.059 -13.691 -14.082 -14.707 -15.045 -15.112
7.500 -1.632 1.114 -3.814 -6.762 -9.035 -9.916 -11.024 -10.925 -11.906 -12.043 -12.505 -13.035 -13.667 -14.057 -14.683 -15.020 -15.087
7.600 -1.607 1.139 -3.789 -6.736 -9.010 -9.891 -10.999 -10.900 -11.881 -12.018 -12.480 -13.009 -13.642 -14.032 -14.658 -14.995 -15.062
7.700 -1.581 1.164 -3.764 -6.711 -8.985 -9.866 -10.974 -10.874 -11.856 -11.992 -12.455 -12.984 -13.617 -14.007 -14.632 -14.970 -15.037
7.800 -1.556 1.190 -3.738 -6.686 -8.959 -9.840 -10.948 -10.849 -11.830 -11.967 -12.429 -12.958 -13.591 -13.981 -14.607 -14.944 -15.011
7.900 -1.530 1.216 -3.712 -6.660 -8.933 -9.814 -10.922 -10.823 -11.804 -11.941 -12.403 -12.933 -13.565 -13.955 -14.581 -14.918 -14.985
8.000 -1.504 1.242 -3.686 -6.633 -8.907 -9.788 -10.896 -10.797 -11.778 -11.914 -12.377 -12.906 -13.539 -13.929 -14.554 -14.892 -14.959
8.100 -1.477 1.269 -3.659 -6.607 -8.880 -9.761 -10.869 -10.770 -11.752 -11.888 -12.350 -12.880 -13.512 -13.902 -14.528 -14.866 -14.933
8.200 -1.450 1.295 -3.633 -6.580 -8.854 -9.735 -10.843 -10.743 -11.725 -11.861 -12.324 -12.853 -13.486 -13.876 -14.501 -14.839 -14.906
8.300 -1.424 1.322 -3.606 -6.553 -8.827 -9.708 -10.816 -10.716 -11.698 -11.834 -12.297 -12.826 -13.459 -13.849 -14.474 -14.812 -14.879
8.400 -1.396 1.349 -3.579 -6.526 -8.800 -9.681 -10.789 -10.689 -11.671 -11.807 -12.270 -12.799 -13.431 -13.822 -14.447 -14.785 -14.852
8.500 -1.369 1.376 -3.551 -6.499 -8.772 -9.653 -10.761 -10.662 -11.644 -11.780 -12.242 -12.772 -13.404 -13.794 -14.420 -14.758 -14.825
8.600 -1.342 1.404 -3.524 -6.471 -8.745 -9.626 -10.734 -10.635 -11.616 -11.752 -12.215 -12.744 -13.377 -13.767 -14.393 -14.730 -14.797
8.700 -1.314 1.432 -3.496 -6.444 -8.717 -9.598 -10.706 -10.607 -11.588 -11.725 -12.187 -12.717 -13.349 -13.739 -14.365 -14.702 -14.769
8.800 -1.286 1.460 -3.468 -6.416 -8.689 -9.570 -10.678 -10.579 -11.561 -11.697 -12.159 -12.689 -13.321 -13.711 -14.337 -14.674 -14.741
8.900 -1.258 1.488 -3.440 -6.388 -8.661 -9.542 -10.650 -10.551 -11.532 -11.669 -12.131 -12.661 -13.293 -13.683 -14.309 -14.646 -14.713
9.000 -1.230 1.516 -3.412 -6.359 -8.633 -9.514 -10.622 -10.523 -11.504 -11.640 -12.103 -12.632 -13.265 -13.655 -14.281 -14.618 -14.685
9.100 -1.201 1.544 -3.384 -6.331 -8.605 -9.486 -10.594 -10.494 -11.476 -11.612 -12.075 -12.604 -13.237 -13.627 -14.252 -14.590 -14.657
9.200 -1.173 1.572 -3.356 -6.303 -8.576 -9.457 -10.565 -10.466 -11.448 -11.584 -12.046 -12.576 -13.208 -13.598 -14.224 -14.562 -14.629
9.300 -1.145 1.601 -3.327 -6.274 -8.548 -9.429 -10.537 -10.438 -11.419 -11.556 -12.018 -12.547 -13.180 -13.570 -14.196 -14.533 -14.600
9.400 -1.116 1.629 -3.299 -6.246 -8.520 -9.401 -10.508 -10.409 -11.391 -11.527 -11.989 -12.519 -13.151 -13.542 -14.167 -14.505 -14.572
9.500 -1.088 1.658 -3.270 -6.218 -8.491 -9.372 -10.480 -10.381 -11.362 -11.499 -11.961 -12.491 -13.123 -13.513 -14.139 -14.476 -14.543
9.600 -1.059 1.686 -3.242 -6.189 -8.463 -9.344 -10.452 -10.352 -11.334 -11.470 -11.933 -12.462 -13.095 -13.485 -14.110 -14.448 -14.515
9.700 -1.031 1.714 -3.213 -6.161 -8.434 -9.315 -10.423 -10.324 -11.306 -11.442 -11.904 -12.434 -13.066 -13.456 -14.082 -14.420 -14.487
9.800 -1.003 1.743 -3.185 -6.132 -8.406 -9.287 -10.395 -10.296 -11.277 -11.414 -11.876 -12.405 -13.038 -13.428 -14.054 -14.391 -14.458
9.900 -0.974 1.771 -3.157 -6.104 -8.378 -9.259 -10.367 -10.267 -11.249 -11.385 -11.848 -12.377 -13.010 -13.400 -14.025 -14.363 -14.430
10.000 -0.946 1.799 -3.129 -6.076 -8.350 -9.231 -10.339 -10.239 -11.221 -11.357 -11.820 -12.349 -12.981 -13.372 -13.997 -14.335 -14.402
10.100 -0.918 1.827 -3.101 -6.048 -8.322 -9.203 -10.310 -10.211 -11.193 -11.329 -11.791 -12.321 -12.953 -13.344 -13.969 -14.307 -14.374
10.200 -0.890 1.855 -3.072 -6.020 -8.293 -9.174 -10.282 -10.183 -11.165 -11.301 -11.763 -12.293 -12.925 -13.315 -13.941 -14.279 -14.346
10.300 -0.862 1.883 -3.045 -5.992 -8.266 -9.147 -10.254 -10.155 -11.137 -11.273 -11.735 -12.265 -12.897 -13.288 -13.913 -14.251 -14.318
10.400 -0.834 1.911 -3.017 -5.964 -8.238 -9.119 -10.227 -10.127 -11.109 -11.245 -11.708 -12.237 -12.869 -13.260 -13.885 -14.223 -14.290
10.500 -0.807 1.939 -2.989 -5.936 -8.210 -9.091 -10.199 -10.100 -11.081 -11.217 -11.680 -12.209 -12.842 -13.232 -13.858 -14.195 -14.262
10.600 -0.779 1.966 -2.962 -5.909 -8.183 -9.064 -10.171 -10.072 -11.054 -11.190 -11.652 -12.182 -12.814 -13.205 -13.830 -14.168 -14.235
10.700 -0.752 1.994 -2.934 -5.882 -8.155 -9.036 -10.144 -10.045 -11.026 -11.163 -11.625 -12.155 -12.787 -13.177 -13.803 -14.140 -14.207
10.800 -0.725 2.021 -2.907 -5.854 -8.128 -9.009 -10.117 -10.018 -10.999 -11.136 -11.598 -12.127 -12.760 -13.150 -13.776 -14.113 -14.180
10.900 -0.698 2.048 -2.880 -5.828 -8.101 -8.982 -10.090 -9.991 -10.972 -11.109 -11.571 -12.101 -12.733 -13.123 -13.749 -14.086 -14.153
11.000 -0.671 2.074 -2.854 -5.801 -8.075 -8.956 -10.063 -9.964 -10.946 -11.082 -11.544 -12.074 -12.706 -13.097 -13.722 -14.060 -14.127
11.100 -0.645 2.101 -2.827 -5.774 -8.048 -8.929 -10.037 -9.938 -10.919 -11.056 -11.518 -12.047 -12.680 -13.070 -13.696 -14.033 -14.100
11.200 -0.619 2.127 -2.801 -5.748 -8.022 -8.903 -10.011 -9.912 -10.893 -11.029 -11.492 -12.021 -12.654 -13.044 -13.669 -14.007 -14.074
11.300 -0.593 2.153 -2.775 -5.722 -7.996 -8.877 -9.985 -9.886 -10.867 -11.003 -11.466 -11.995 -12.628 -13.018 -13.644 -13.981 -14.048
11.400 -0.567 2.179 -2.749 -5.697 -7.970 -8.851 -9.959 -9.860 -10.842 -10.978 -11.440 -11.970 -12.602 -12.992 -13.618 -13.955 -14.022
11.500 -0.542 2.204 -2.724 -5.671 -7.945 -8.826 -9.934 -9.835 -10.816 -10.952 -11.415 -11.944 -12.577 -12.967 -13.593 -13.930 -13.997
11.600 -0.517 2.229 -2.699 -5.646 -7.920 -8.801 -9.909 -9.810 -10.791 -10.927 -11.390 -11.919 -12.552 -12.942 -13.567 -13.905 -13.972
11.700 -0.492 2.254 -2.674 -5.621 -7.895 -8.776 -9.884 -9.785 -10.766 -10.903 -11.365 -11.894 -12.527 -12.917 -13.543 -13.880 -13.947
11.800 -0.467 2.278 -2.650 -5.597 -7.871 -8.752 -9.859 -9.760 -10.742 -10.878 -11.340 -11.870 -12.502 -12.893 -13.518 -13.856 -13.923
11.900 -0.443 2.303 -2.625 -5.573 -7.846 -8.727 -9.835 -9.736 -10.718 -10.854 -11.316 -11.846 -12.478 -12.868 -13.494 -13.832 -13.899
12.000 -0.419 2.326 -2.602 -5.549 -7.823 -8.704 -9.811 -9.712 -10.694 -10.830 -11.292 -11.822 -12.454 -12.845 -13.470 -13.808 -13.875
12.100 -0.396 2.350 -2.578 -5.525 -7.799 -8.680 -9.788 -9.689 -10.670 -10.806 -11.269 -11.798 -12.431 -12.821 -13.447 -13.784 -13.851
12.200 -0.372 2.373 -2.555 -5.502 -7.776 -8.657 -9.765 -9.665 -10.647 -10.783 -11.246 -11.775 -12.407 -12.798 -13.423 -13.761 -13.828
12.300 -0.349 2.396 -2.532 -5.479 -7.753 -8.634 -9.742 -9.642 -10.624 -10.760 -11.223 -11.752 -12.384 -12.775 -13.400 -13.738 -13.805
12.400 -0.327 2.419 -2.509 -5.457 -7.730 -8.611 -9.719 -9.620 -10.601 -10.738 -11.200 -11.729 -12.362 -12.752 -13.378 -13.715 -13.782
12.500 -0.305 2.441 -2.487 -5.434 -7.708 -8.589 -9.697 -9.598 -10.579 -10.715 -11.178 -11.707 -12.340 -12.730 -13.355 -13.693 -13.760
12.600 -0.283 2.463 -2.465 -5.412 -7.686 -8.567 -9.675 -9.576 -10.557 -10.693 -11.156 -11.685 -12.318 -12.708 -13.334 -13.671 -13.738
12.700 -0.261 2.485 -2.443 -5.391 -7.664 -8.545 -9.653 -9.554 -10.536 -10.672 -11.134 -11.664 -12.296 -12.686 -13.312 -13.649 -13.716
12.800 -0.240 2.506 -2.422 -5.369 -7.643 -8.524 -9.632 -9.533 -10.514 -10.650 -11.113 -11.642 -12.275 -12.665 -13.291 -13.628 -13.695
12.900 -0.219 2.527 -2.401 -5.348 -7.622 -8.503 -9.611 -9.512 -10.493 -10.630 -11.092 -11.621 -12.254 -12.644 -13.270 -13.607 -13.674
13.000 -0.198 2.547 -2.380 -5.328 -7.601 -8.482 -9.590 -9.491 -10.473 -10.609 -11.071 -11.601 -12.233 -12.623 -13.249 -13.587 -13.654
13.100 -0.178 2.568 -2.360 -5.308 -7.581 -8.462 -9.570 -9.471 -10.452 -10.589 -11.051 -11.580 -12.213 -12.603 -13.229 -13.566 -13.633
13.200 -0.158 2.588 -2.340 -5.288 -7.561 -8.442 -9.550 -9.451 -10.432 -10.569 -11.031 -11.560 -12.193 -12.583 -13.209 -13.546 -13.613
13.300 -0.138 2.607 -2.321 -5.268 -7.542 -8.423 -9.530 -9.431 -10.413 -10.549 -11.011 -11.541 -12.173 -12.564 -13.189 -13.527 -13.594
13.400 -0.119 2.627 -2.301 -5.249 -7.522 -8.403 -9.511 -9.412 -10.393 -10.530 -10.992 -11.521 -12.154 -12.544 -13.170 -13.507 -13.574
13.500 -0.100 2.646 -2.282 -5.230 -7.503 -8.384 -9.492 -9.393 -10.374 -10.511 -10.973 -11.502 -12.135 -12.525 -13.151 -13.488 -13.555
13.600 -0.081 2.665 -2.263 -5.211 -7.484 -8.365 -9.473 -9.374 -10.356 -10.492 -10.954 -11.484 -12.116 -12.506 -13.132 -13.470 -13.537
13.700 -0.063 2.683 -2.245 -5.192 -7.466 -8.347 -9.455 -9.356 -10.337 -10.473 -10.936 -11.465 -12.098 -12.488 -13.114 -13.451 -13.518
13.800 -0.044 2.701 -2.227 -5.174 -7.448 -8.329 -9.437 -9.337 -10.319 -10.455 -10.918 -11.447 -12.080 -12.470 -13.095 -13.433 -13.500
13.900 -0.027 2.719 -2.209 -5.156 -7.430 -8.311 -9.419 -9.320 -10.301 -10.437 -10.900 -11.429 -12.062 -12.452 -13.078 -13.415 -13.482
14.000 -0.009 2.736 -2.191 -5.139 -7.412 -8.293 -9.401 -9.302 -10.284 -10.420 -10.882 -11.412 -12.044 -12.434 -13.060 -13.398 -13.465
14.100 0.008 2.754 -2.174 -5.122 -7.395 -8.276 -9.384 -9.285 -10.266 -10.403 -10.865 -11.395 -12.027 -12.417 -13.043 -13.380 -13.447
14.200 0.025 2.771 -2.157 -5.105 -7.378 -8.259 -9.367 -9.268 -10.249 -10.386 -10.848 -11.378 -12.010 -12.400 -13.026 -13.363 -13.430
14.300 0.042 2.787 -2.140 -5.088 -7.361 -8.242 -9.350 -9.251 -10.233 -10.369 -10.831 -11.361 -11.993 -12.383 -13.009 -13.347 -13.414
14.400 0.058 2.804 -2.124 -5.071 -7.345 -8.226 -9.334 -9.235 -10.216 -10.352 -10.815 -11.344 -11.977 -12.367 -12.993 -13.330 -13.397
14.500 0.075 2.820 -2.108 -5.055 -7.329 -8.210 -9.318 -9.218 -10.200 -10.336 -10.799 -11.328 -11.960 -12.351 -12.976 -13.314 -13.381
14.600 0.091 2.836 -2.092 -5.039 -7.313 -8.194 -9.302 -9.202 -10.184 -10.320 -10.783 -11.312 -11.944 -12.335 -12.960 -13.298 -13.365
14.700 0.106 2.852 -2.076 -5.023 -7.297 -8.178 -9.286 -9.187 -10.168 -10.305 -10.767 -11.296 -11.929 -12.319 -12.945 -13.282 -13.349
14.800 0.122 2.867 -2.061 -5.008 -7.282 -8.163 -9.270 -9.171 -10.153 -10.289 -10.751 -11.281 -11.913 -12.304 -12.929 -13.267 -13.334
14.900 0.137 2.883 -2.045 -4.993 -7.266 -8.147 -9.255 -9.156 -10.138 -10.274 -10.736 -11.266 -11.898 -12.288 -12.914 -13.251 -13.318
15.000 0.152 2.898 -2.030 -4.978 -7.251 -8.132 -9.240 -9.141 -10.123 -10.259 -10.721 -11.251 -11.883 -12.273 -12.899 -13.236 -13.303
