# day W2 M2 W1 u B g V c r w o i z y J H K
0.000 -7.081 -6.948 -6.783 -6.102 -5.783 -5.625 -5.347 -5.456 -5.113 -5.273 -4.983 -4.723 -4.427 -4.197 -3.728 -3.114 -2.542
0.100 -11.361 -11.645 -11.828 -12.219 -12.236 -12.218 -12.165 -12.181 -12.087 -12.111 -12.036 -11.916 -11.753 -11.610 -11.293 -10.818 -10.343
0.200 -11.375 -11.768 -12.097 -12.803 -12.933 -12.963 -12.981 -12.972 -12.956 -12.946 -12.933 -12.859 -12.740 -12.626 -12.362 -11.934 -11.492
0.300 -11.229 -11.688 -12.130 -13.054 -13.266 -13.330 -13.399 -13.373 -13.412 -13.382 -13.410 -13.367 -13.281 -13.189 -12.963 -12.570 -12.151
0.400 -11.032 -11.536 -12.076 -13.176 -13.456 -13.548 -13.659 -13.620 -13.703 -13.658 -13.719 -13.702 -13.642 -13.568 -13.373 -13.009 -12.609
0.500 -10.822 -11.356 -11.984 -13.231 -13.572 -13.689 -13.836 -13.786 -13.907 -13.851 -13.938 -13.943 -13.906 -13.847 -13.680 -13.340 -12.958
0.600 -10.601 -11.156 -11.867 -13.244 -13.640 -13.780 -13.959 -13.900 -14.054 -13.990 -14.099 -14.124 -14.108 -14.063 -13.921 -13.604 -13.238
0.700 -10.374 -10.941 -11.732 -13.227 -13.674 -13.835 -14.045 -13.978 -14.163 -14.091 -14.222 -14.265 -14.268 -14.236 -14.117 -13.821 -13.469
0.800 -10.142 -10.716 -11.583 -13.187 -13.683 -13.865 -14.103 -14.029 -14.243 -14.165 -14.315 -14.375 -14.396 -14.376 -14.280 -14.003 -13.665
0.900 -9.913 -10.488 -11.429 -13.133 -13.676 -13.877 -14.142 -14.062 -14.303 -14.220 -14.387 -14.463 -14.502 -14.493 -14.418 -14.160 -13.835
1.000 -9.678 -10.248 -11.263 -13.061 -13.651 -13.871 -14.162 -14.075 -14.343 -14.256 -14.439 -14.531 -14.586 -14.589 -14.534 -14.295 -13.982
1.100 -9.441 -10.000 -11.089 -12.977 -13.612 -13.851 -14.168 -14.075 -14.368 -14.278 -14.476 -14.583 -14.655 -14.670 -14.634 -14.413 -14.113
1.200 -9.202 -9.746 -10.909 -12.882 -13.561 -13.819 -14.161 -14.063 -14.381 -14.288 -14.501 -14.622 -14.711 -14.736 -14.720 -14.517 -14.229
1.300 -8.959 -9.484 -10.722 -12.776 -13.500 -13.776 -14.142 -14.040 -14.382 -14.287 -14.514 -14.650 -14.755 -14.790 -14.794 -14.608 -14.332
1.400 -8.714 -9.214 -10.527 -12.660 -13.428 -13.723 -14.113 -14.006 -14.372 -14.277 -14.517 -14.666 -14.788 -14.834 -14.858 -14.689 -14.425
1.500 -8.466 -8.936 -10.327 -12.534 -13.347 -13.660 -14.075 -13.964 -14.353 -14.258 -14.510 -14.674 -14.812 -14.869 -14.912 -14.760 -14.508
1.600 -8.213 -8.647 -10.118 -12.398 -13.256 -13.588 -14.026 -13.912 -14.325 -14.229 -14.494 -14.672 -14.826 -14.895 -14.957 -14.823 -14.583
1.700 -7.957 -8.350 -9.903 -12.253 -13.156 -13.507 -13.970 -13.852 -14.288 -14.193 -14.470 -14.663 -14.833 -14.913 -14.995 -14.879 -14.650
1.800 -7.698 -8.045 -9.682 -12.100 -13.049 -13.418 -13.905 -13.785 -14.244 -14.150 -14.439 -14.646 -14.833 -14.924 -15.026 -14.927 -14.711
1.900 -7.435 -7.728 -9.453 -11.936 -12.932 -13.320 -13.832 -13.709 -14.191 -14.100 -14.400 -14.621 -14.825 -14.927 -15.050 -14.969 -14.766
2.000 -7.167 -7.401 -9.217 -11.763 -12.806 -13.214 -13.751 -13.625 -14.131 -14.043 -14.354 -14.589 -14.810 -14.925 -15.068 -15.006 -14.815
2.100 -6.898 -7.065 -8.977 -11.582 -12.674 -13.101 -13.663 -13.535 -14.064 -13.979 -14.301 -14.551 -14.790 -14.916 -15.081 -15.037 -14.859
2.200 -6.623 -6.716 -8.728 -11.390 -12.531 -12.979 -13.567 -13.436 -13.989 -13.908 -14.241 -14.505 -14.762 -14.900 -15.087 -15.063 -14.898
2.300 -6.345 -6.357 -8.473 -11.189 -12.381 -12.849 -13.463 -13.331 -13.907 -13.832 -14.174 -14.453 -14.729 -14.880 -15.089 -15.084 -14.932
2.400 -6.061 -5.983 -8.210 -10.977 -12.221 -12.710 -13.350 -13.217 -13.817 -13.748 -14.100 -14.394 -14.689 -14.853 -15.085 -15.101 -14.962
2.500 -5.775 -5.600 -7.942 -10.756 -12.053 -12.564 -13.231 -13.097 -13.721 -13.659 -14.020 -14.329 -14.644 -14.821 -15.077 -15.113 -14.988
2.600 -5.486 -5.204 -7.667 -10.525 -11.877 -12.410 -13.104 -12.969 -13.618 -13.563 -13.934 -14.258 -14.592 -14.783 -15.063 -15.121 -15.010
2.700 -5.194 -4.795 -7.387 -10.285 -11.693 -12.249 -12.971 -12.836 -13.509 -13.463 -13.843 -14.183 -14.537 -14.742 -15.047 -15.124 -15.027
2.800 -4.900 -4.373 -7.102 -10.036 -11.504 -12.084 -12.835 -12.700 -13.399 -13.362 -13.751 -14.106 -14.482 -14.700 -15.027 -15.123 -15.036
2.900 -4.602 -3.937 -6.812 -9.776 -11.306 -11.910 -12.691 -12.558 -13.281 -13.255 -13.653 -14.024 -14.421 -14.653 -15.004 -15.117 -15.041
3.000 -4.304 -3.489 -6.518 -9.509 -11.102 -11.731 -12.542 -12.410 -13.159 -13.145 -13.550 -13.937 -14.355 -14.601 -14.976 -15.108 -15.044
3.100 -4.003 -3.028 -6.220 -9.231 -10.890 -11.544 -12.387 -12.256 -13.031 -13.029 -13.442 -13.845 -14.285 -14.545 -14.945 -15.096 -15.043
3.200 -3.702 -2.554 -5.919 -8.945 -10.671 -11.352 -12.226 -12.097 -12.897 -12.909 -13.330 -13.748 -14.210 -14.486 -14.910 -15.081 -15.040
3.300 -3.401 -2.068 -5.617 -8.651 -10.447 -11.155 -12.060 -11.933 -12.760 -12.785 -13.213 -13.647 -14.132 -14.422 -14.871 -15.063 -15.035
3.400 -3.099 -1.569 -5.312 -8.349 -10.217 -10.951 -11.888 -11.765 -12.616 -12.657 -13.092 -13.541 -14.048 -14.353 -14.829 -15.041 -15.026
3.500 -2.802 -1.065 -5.010 -8.043 -9.984 -10.746 -11.714 -11.594 -12.471 -12.527 -12.968 -13.432 -13.962 -14.282 -14.783 -15.017 -15.015
3.600 -2.507 -0.554 -4.710 -7.734 -9.749 -10.537 -11.537 -11.421 -12.322 -12.395 -12.841 -13.320 -13.872 -14.207 -14.734 -14.989 -15.001
3.700 -2.219 -0.045 -4.416 -7.425 -9.513 -10.328 -11.359 -11.247 -12.171 -12.260 -12.711 -13.205 -13.779 -14.129 -14.683 -14.959 -14.985
3.800 -1.941 0.452 -4.132 -7.122 -9.280 -10.121 -11.181 -11.073 -12.019 -12.126 -12.581 -13.088 -13.684 -14.049 -14.628 -14.926 -14.967
3.900 -1.674 0.924 -3.861 -6.827 -9.053 -9.916 -11.004 -10.901 -11.868 -11.991 -12.450 -12.970 -13.587 -13.966 -14.571 -14.891 -14.946
4.000 -1.463 1.283 -3.645 -6.593 -8.866 -9.747 -10.855 -10.756 -11.738 -11.874 -12.336 -12.866 -13.498 -13.888 -14.514 -14.852 -14.919
4.100 -1.416 1.329 -3.599 -6.546 -8.820 -9.701 -10.809 -10.709 -11.691 -11.827 -12.290 -12.819 -13.451 -13.842 -14.467 -14.805 -14.872
4.200 -1.369 1.376 -3.552 -6.499 -8.773 -9.654 -10.762 -10.662 -11.644 -11.780 -12.243 -12.772 -13.404 -13.795 -14.420 -14.758 -14.825
4.300 -1.322 1.423 -3.505 -6.452 -8.726 -9.607 -10.715 -10.615 -11.597 -11.733 -12.196 -12.725 -13.357 -13.748 -14.373 -14.711 -14.778
4.400 -1.275 1.470 -3.458 -6.405 -8.679 -9.560 -10.667 -10.568 -11.550 -11.686 -12.148 -12.678 -13.310 -13.701 -14.326 -14.664 -14.731
4.500 -1.228 1.517 -3.411 -6.358 -8.632 -9.513 -10.621 -10.521 -11.503 -11.639 -12.102 -12.631 -13.263 -13.654 -14.279 -14.617 -14.684
4.600 -1.182 1.564 -3.364 -6.311 -8.585 -9.466 -10.574 -10.474 -11.456 -11.592 -12.055 -12.584 -13.217 -13.607 -14.232 -14.570 -14.637
4.700 -1.135 1.611 -3.317 -6.264 -8.538 -9.419 -10.527 -10.428 -11.409 -11.545 -12.008 -12.537 -13.170 -13.560 -14.186 -14.523 -14.590
4.800 -1.088 1.658 -3.270 -6.218 -8.491 -9.372 -10.480 -10.381 -11.363 -11.499 -11.961 -12.491 -13.123 -13.513 -14.139 -14.477 -14.544
4.900 -1.042 1.704 -3.224 -6.172 -8.445 -9.326 -10.434 -10.335 -11.316 -11.453 -11.915 -12.444 -13.077 -13.467 -14.093 -14.430 -14.497
5.000 -0.996 1.749 -3.178 -6.126 -8.399 -9.280 -10.388 -10.289 -11.271 -11.407 -11.869 -12.399 -13.031 -13.421 -14.047 -14.385 -14.452
5.100 -0.951 1.795 -3.133 -6.081 -8.354 -9.235 -10.343 -10.244 -11.226 -11.362 -11.824 -12.354 -12.986 -13.376 -14.002 -14.339 -14.407
5.200 -0.906 1.839 -3.089 -6.036 -8.310 -9.191 -10.299 -10.199 -11.181 -11.317 -11.780 -12.309 -12.942 -13.332 -13.957 -14.295 -14.362
5.300 -0.863 1.883 -3.045 -5.992 -8.266 -9.147 -10.255 -10.156 -11.137 -11.273 -11.736 -12.265 -12.898 -13.288 -13.913 -14.251 -14.318
5.400 -0.819 1.926 -3.002 -5.949 -8.223 -9.104 -10.211 -10.112 -11.094 -11.230 -11.692 -12.222 -12.854 -13.245 -13.870 -14.208 -14.275
5.500 -0.776 1.969 -2.959 -5.906 -8.180 -9.061 -10.169 -10.069 -11.051 -11.187 -11.650 -12.179 -12.811 -13.202 -13.827 -14.165 -14.232
5.600 -0.734 2.012 -2.916 -5.864 -8.137 -9.018 -10.126 -10.027 -11.009 -11.145 -11.607 -12.137 -12.769 -13.159 -13.785 -14.122 -14.190
5.700 -0.692 2.053 -2.875 -5.822 -8.096 -8.977 -10.085 -9.985 -10.967 -11.103 -11.566 -12.095 -12.727 -13.118 -13.743 -14.081 -14.148
5.800 -0.651 2.094 -2.834 -5.781 -8.055 -8.936 -10.043 -9.944 -10.926 -11.062 -11.524 -12.054 -12.686 -13.077 -13.702 -14.040 -14.107
5.900 -0.611 2.135 -2.793 -5.741 -8.014 -8.895 -10.003 -9.904 -10.886 -11.022 -11.484 -12.014 -12.646 -13.036 -13.662 -14.000 -14.067
6.000 -0.571 2.174 -2.754 -5.701 -7.975 -8.856 -9.964 -9.864 -10.846 -10.982 -11.445 -11.974 -12.607 -12.997 -13.622 -13.960 -14.027
6.100 -0.533 2.213 -2.715 -5.662 -7.936 -8.817 -9.925 -9.826 -10.807 -10.943 -11.406 -11.935 -12.568 -12.958 -13.584 -13.921 -13.988
6.200 -0.494 2.251 -2.677 -5.624 -7.898 -8.779 -9.887 -9.787 -10.769 -10.905 -11.368 -11.897 -12.530 -12.920 -13.545 -13.883 -13.950
6.300 -0.457 2.289 -2.639 -5.587 -7.860 -8.741 -9.849 -9.750 -10.731 -10.868 -11.330 -11.859 -12.492 -12.882 -13.508 -13.845 -13.912
6.400 -0.420 2.326 -2.602 -5.549 -7.823 -8.704 -9.812 -9.713 -10.694 -10.830 -11.293 -11.822 -12.455 -12.845 -13.471 -13.808 -13.875
6.500 -0.383 2.363 -2.565 -5.513 -7.786 -8.667 -9.775 -9.676 -10.657 -10.794 -11.256 -11.785 -12.418 -12.808 -13.434 -13.771 -13.838
6.600 -0.347 2.399 -2.529 -5.476 -7.750 -8.631 -9.739 -9.640 -10.621 -10.757 -11.220 -11.749 -12.382 -12.772 -13.398 -13.735 -13.802
6.700 -0.311 2.435 -2.493 -5.441 -7.714 -8.595 -9.703 -9.604 -10.586 -10.722 -11.184 -11.714 -12.346 -12.736 -13.362 -13.699 -13.766
6.800 -0.276 2.470 -2.458 -5.405 -7.679 -8.560 -9.668 -9.569 -10.550 -10.686 -11.149 -11.678 -12.311 -12.701 -13.327 -13.664 -13.731
6.900 -0.241 2.505 -2.423 -5.371 -7.644 -8.525 -9.633 -9.534 -10.516 -10.652 -11.114 -11.644 -12.276 -12.666 -13.292 -13.629 -13.696
7.000 -0.207 2.539 -2.389 -5.336 -7.610 -8.491 -9.599 -9.500 -10.481 -10.617 -11.080 -11.609 -12.242 -12.632 -13.258 -13.595 -13.662
7.100 -0.173 2.573 -2.355 -5.302 -7.576 -8.457 -9.565 -9.466 -10.447 -10.584 -11.046 -11.575 -12.208 -12.598 -13.224 -13.561 -13.628
7.200 -0.139 2.606 -2.322 -5.269 -7.543 -8.424 -9.531 -9.432 -10.414 -10.550 -11.012 -11.542 -12.174 -12.565 -13.190 -13.528 -13.595
7.300 -0.106 2.640 -2.288 -5.236 -7.509 -8.390 -9.498 -9.399 -10.381 -10.517 -10.979 -11.509 -12.141 -12.531 -13.157 -13.495 -13.562
7.400 -0.073 2.672 -2.256 -5.203 -7.476 -8.357 -9.465 -9.366 -10.348 -10.484 -10.946 -11.476 -12.108 -12.498 -13.124 -13.462 -13.529
7.500 -0.040 2.705 -2.223 -5.170 -7.444 -8.325 -9.433 -9.333 -10.315 -10.451 -10.914 -11.443 -12.076 -12.466 -13.091 -13.429 -13.496
7.600 -0.008 2.738 -2.190 -5.138 -7.411 -8.292 -9.400 -9.301 -10.283 -10.419 -10.881 -11.411 -12.043 -12.433 -13.059 -13.397 -13.464
7.700 0.024 2.770 -2.158 -5.106 -7.379 -8.260 -9.368 -9.269 -10.250 -10.387 -10.849 -11.378 -12.011 -12.401 -13.027 -13.364 -13.431
7.800 0.056 2.802 -2.126 -5.074 -7.347 -8.228 -9.336 -9.237 -10.218 -10.355 -10.817 -11.347 -11.979 -12.369 -12.995 -13.332 -13.399
7.900 0.088 2.833 -2.094 -5.042 -7.315 -8.196 -9.304 -9.205 -10.187 -10.323 -10.785 -11.315 -11.947 -12.337 -12.963 -13.301 -13.368
8.000 0.119 2.865 -2.063 -5.010 -7.284 -8.165 -9.273 -9.174 -10.155 -10.291 -10.754 -11.283 -11.916 -12.306 -12.931 -13.269 -13.336
8.100 0.151 2.896 -2.032 -4.979 -7.253 -8.134 -9.241 -9.142 -10.124 -10.260 -10.722 -11.252 -11.884 -12.275 -12.900 -13.238 -13.305
8.200 0.182 2.927 -2.001 -4.948 -7.222 -8.103 -9.210 -9.111 -10.093 -10.229 -10.691 -11.221 -11.853 -12.244 -12.869 -13.207 -13.274
8.300 0.213 2.958 -1.970 -4.917 -7.191 -8.072 -9.180 -9.080 -10.062 -10.198 -10.661 -11.190 -11.822 -12.213 -12.838 -13.176 -13.243
8.400 0.243 2.989 -1.939 -4.886 -7.160 -8.041 -9.149 -9.050 -10.031 -10.168 -10.630 -11.159 -11.792 -12.182 -12.808 -13.145 -13.212
8.500 0.274 3.019 -1.909 -4.856 -7.130 -8.011 -9.119 -9.019 -10.001 -10.137 -10.600 -11.129 -11.761 -12.152 -12.777 -13.115 -13.182
8.600 0.304 3.050 -1.878 -4.826 -7.099 -7.980 -9.088 -8.989 -9.971 -10.107 -10.569 -11.099 -11.731 -12.121 -12.747 -13.084 -13.152
8.700 0.334 3.080 -1.848 -4.796 -7.069 -7.950 -9.058 -8.959 -9.941 -10.077 -10.539 -11.069 -11.701 -12.091 -12.717 -13.054 -13.121
8.800 0.364 3.110 -1.818 -4.766 -7.039 -7.920 -9.028 -8.929 -9.911 -10.047 -10.509 -11.039 -11.671 -12.061 -12.687 -13.024 -13.091
8.900 0.394 3.139 -1.789 -4.736 -7.010 -7.891 -8.998 -8.899 -9.881 -10.017 -10.479 -11.009 -11.641 -12.032 -12.657 -12.995 -13.062
9.000 0.423 3.169 -1.759 -4.706 -6.980 -7.861 -8.969 -8.869 -9.851 -9.987 -10.450 -10.979 -11.612 -12.002 -12.627 -12.965 -13.032
9.100 0.453 3.198 -1.730 -4.677 -6.950 -7.831 -8.939 -8.840 -9.822 -9.958 -10.420 -10.950 -11.582 -11.972 -12.598 -12.936 -13.003
9.200 0.482 3.228 -1.700 -4.648 -6.921 -7.802 -8.910 -8.811 -9.793 -9.929 -10.391 -10.921 -11.553 -11.943 -12.569 -12.906 -12.973
9.300 0.511 3.257 -1.671 -4.619 -6.892 -7.773 -8.881 -8.782 -9.763 -9.900 -10.362 -10.892 -11.524 -11.914 -12.540 -12.877 -12.944
9.400 0.540 3.286 -1.642 -4.590 -6.863 -7.744 -8.852 -8.753 -9.735 -9.871 -10.333 -10.863 -11.495 -11.885 -12.511 -12.849 -12.916
9.500 0.569 3.314 -1.614 -4.561 -6.835 -7.716 -8.824 -8.724 -9.706 -9.842 -10.305 -10.834 -11.467 -11.857 -12.482 -12.820 -12.887
9.600 0.597 3.342 -1.585 -4.533 -6.806 -7.687 -8.795 -8.696 -9.678 -9.814 -10.276 -10.806 -11.438 -11.828 -12.454 -12.792 -12.859
9.700 0.625 3.371 -1.557 -4.505 -6.778 -7.659 -8.767 -8.668 -9.650 -9.786 -10.248 -10.778 -11.410 -11.800 -12.426 -12.763 -12.831
9.800 0.653 3.398 -1.529 -4.477 -6.750 -7.631 -8.739 -8.640 -9.622 -9.758 -10.220 -10.750 -11.382 -11.772 -12.398 -12.736 -12.803
9.900 0.681 3.426 -1.502 -4.449 -6.723 -7.604 -8.712 -8.612 -9.594 -9.730 -10.193 -10.722 -11.355 -11.745 -12.370 -12.708 -12.775
10.000 0.708 3.453 -1.474 -4.422 -6.695 -7.576 -8.684 -8.585 -9.567 -9.703 -10.165 -10.695 -11.327 -11.717 -12.343 -12.681 -12.748
10.100 0.735 3.481 -1.447 -4.395 -6.668 -7.549 -8.657 -8.558 -9.540 -9.676 -10.138 -10.668 -11.300 -11.690 -12.316 -12.653 -12.720
10.200 0.762 3.508 -1.420 -4.368 -6.641 -7.522 -8.630 -8.531 -9.513 -9.649 -10.111 -10.641 -11.273 -11.663 -12.289 -12.626 -12.694
10.300 0.789 3.534 -1.394 -4.341 -6.615 -7.496 -8.604 -8.504 -9.486 -9.622 -10.085 -10.614 -11.246 -11.637 -12.262 -12.600 -12.667
10.400 0.815 3.561 -1.367 -4.315 -6.588 -7.469 -8.577 -8.478 -9.460 -9.596 -10.058 -10.588 -11.220 -11.610 -12.236 -12.573 -12.640
10.500 0.841 3.587 -1.341 -4.288 -6.562 -7.443 -8.551 -8.452 -9.433 -9.570 -10.032 -10.561 -11.194 -11.584 -12.210 -12.547 -12.614
10.600 0.867 3.613 -1.315 -4.263 -6.536 -7.417 -8.525 -8.426 -9.407 -9.544 -10.006 -10.536 -11.168 -11.558 -12.184 -12.521 -12.588
10.700 0.893 3.638 -1.290 -4.237 -6.511 -7.392 -8.499 -8.400 -9.382 -9.518 -9.980 -10.510 -11.142 -11.533 -12.158 -12.496 -12.563
10.800 0.918 3.664 -1.264 -4.212 -6.485 -7.366 -8.474 -8.375 -9.357 -9.493 -9.955 -10.485 -11.117 -11.507 -12.133 -12.470 -12.537
10.900 0.943 3.689 -1.239 -4.187 -6.460 -7.341 -8.449 -8.350 -9.331 -9.468 -9.930 -10.460 -11.092 -11.482 -12.108 -12.445 -12.512
11.000 0.968 3.714 -1.214 -4.162 -6.435 -7.316 -8.424 -8.325 -9.307 -9.443 -9.905 -10.435 -11.067 -11.457 -12.083 -12.421 -12.488
11.100 0.992 3.738 -1.190 -4.137 -6.411 -7.292 -8.400 -8.301 -9.282 -9.418 -9.881 -10.410 -11.043 -11.433 -12.059 -12.396 -12.463
11.200 1.017 3.762 -1.166 -4.113 -6.387 -7.268 -8.376 -8.276 -9.258 -9.394 -9.857 -10.386 -11.018 -11.409 -12.034 -12.372 -12.439
11.300 1.041 3.786 -1.142 -4.089 -6.363 -7.244 -8.352 -8.252 -9.234 -9.370 -9.833 -10.362 -10.995 -11.385 -12.010 -12.348 -12.415
11.400 1.064 3.810 -1.118 -4.066 -6.339 -7.220 -8.328 -8.229 -9.211 -9.347 -9.809 -10.339 -10.971 -11.361 -11.987 -12.324 -12.391
11.500 1.087 3.833 -1.095 -4.042 -6.316 -7.197 -8.305 -8.206 -9.187 -9.323 -9.786 -10.315 -10.948 -11.338 -11.964 -12.301 -12.368
11.600 1.110 3.856 -1.072 -4.019 -6.293 -7.174 -8.282 -8.183 -9.164 -9.300 -9.763 -10.292 -10.925 -11.315 -11.941 -12.278 -12.345
11.700 1.133 3.879 -1.049 -3.997 -6.270 -7.151 -8.259 -8.160 -9.142 -9.278 -9.740 -10.270 -10.902 -11.292 -11.918 -12.255 -12.322
11.800 1.156 3.901 -1.027 -3.974 -6.248 -7.129 -8.237 -8.137 -9.119 -9.255 -9.718 -10.247 -10.880 -11.270 -11.895 -12.233 -12.300
11.900 1.178 3.923 -1.005 -3.952 -6.226 -7.107 -8.215 -8.115 -9.097 -9.233 -9.696 -10.225 -10.857 -11.248 -11.873 -12.211 -12.278
12.000 1.200 3.945 -0.983 -3.930 -6.204 -7.085 -8.193 -8.093 -9.075 -9.211 -9.674 -10.203 -10.836 -11.226 -11.851 -12.189 -12.256
12.100 1.221 3.967 -0.961 -3.909 -6.182 -7.063 -8.171 -8.072 -9.054 -9.190 -9.652 -10.182 -10.814 -11.204 -11.830 -12.167 -12.234
12.200 1.242 3.988 -0.940 -3.887 -6.161 -7.042 -8.150 -8.051 -9.032 -9.168 -9.631 -10.160 -10.793 -11.183 -11.809 -12.146 -12.213
12.300 1.263 4.009 -0.919 -3.866 -6.140 -7.021 -8.129 -8.030 -9.011 -9.147 -9.610 -10.139 -10.772 -11.162 -11.788 -12.125 -12.192
12.400 1.284 4.030 -0.898 -3.846 -6.119 -7.000 -8.108 -8.009 -8.990 -9.127 -9.589 -10.119 -10.751 -11.141 -11.767 -12.104 -12.171
12.500 1.305 4.050 -0.878 -3.825 -6.099 -6.980 -8.088 -7.988 -8.970 -9.106 -9.569 -10.098 -10.731 -11.121 -11.746 -12.084 -12.151
12.600 1.325 4.070 -0.858 -3.805 -6.079 -6.960 -8.067 -7.968 -8.950 -9.086 -9.548 -10.078 -10.710 -11.101 -11.726 -12.064 -12.131
12.700 1.345 4.090 -0.838 -3.785 -6.059 -6.940 -8.048 -7.948 -8.930 -9.066 -9.529 -10.058 -10.690 -11.081 -11.706 -12.044 -12.111
12.800 1.364 4.110 -0.818 -3.765 -6.039 -6.920 -8.028 -7.929 -8.910 -9.047 -9.509 -10.038 -10.671 -11.061 -11.687 -12.024 -12.091
12.900 1.384 4.129 -0.799 -3.746 -6.020 -6.901 -8.009 -7.909 -8.891 -9.027 -9.490 -10.019 -10.651 -11.042 -11.667 -12.005 -12.072
13.000 1.403 4.148 -0.780 -3.727 -6.001 -6.882 -7.989 -7.890 -8.872 -9.008 -9.470 -10.000 -10.632 -11.023 -11.648 -11.986 -12.053
13.100 1.422 4.167 -0.761 -3.708 -5.982 -6.863 -7.971 -7.871 -8.853 -8.989 -9.452 -9.981 -10.613 -11.004 -11.629 -11.967 -12.034
13.200 1.440 4.186 -0.742 -3.689 -5.963 -6.844 -7.952 -7.853 -8.834 -8.971 -9.433 -9.962 -10.595 -10.985 -11.611 -11.948 -12.015
13.300 1.459 4.204 -0.724 -3.671 -5.945 -6.826 -7.934 -7.834 -8.816 -8.952 -9.415 -9.944 -10.576 -10.967 -11.592 -11.930 -11.997
13.400 1.477 4.222 -0.706 -3.653 -5.927 -6.808 -7.915 -7.816 -8.798 -8.934 -9.396 -9.926 -10.558 -10.949 -11.574 -11.912 -11.979
13.500 1.495 4.240 -0.688 -3.635 -5.909 -6.790 -7.898 -7.798 -8.780 -8.916 -9.379 -9.908 -10.540 -10.931 -11.556 -11.894 -11.961
13.600 1.512 4.258 -0.670 -3.617 -5.891 -6.772 -7.880 -7.781 -8.762 -8.898 -9.361 -9.890 -10.523 -10.913 -11.539 -11.876 -11.943
13.700 1.530 4.275 -0.653 -3.600 -5.874 -6.755 -7.862 -7.763 -8.745 -8.881 -9.343 -9.873 -10.505 -10.896 -11.521 -11.859 -11.926
13.800 1.547 4.293 -0.635 -3.583 -5.856 -6.737 -7.845 -7.746 -8.728 -8.864 -9.326 -9.856 -10.488 -10.878 -11.504 -11.842 -11.909
13.900 1.564 4.310 -0.618 -3.566 -5.839 -6.720 -7.828 -7.729 -8.711 -8.847 -9.309 -9.839 -10.471 -10.861 -11.487 -11.825 -11.892
14.000 1.581 4.326 -0.602 -3.549 -5.823 -6.704 -7.811 -7.712 -8.694 -8.830 -9.292 -9.822 -10.454 -10.845 -11.470 -11.808 -11.875
14.100 1.597 4.343 -0.585 -3.532 -5.806 -6.687 -7.795 -7.696 -8.677 -8.813 -9.276 -9.805 -10.438 -10.828 -11.454 -11.791 -11.858
14.200 1.614 4.359 -0.569 -3.516 -5.790 -6.671 -7.778 -7.679 -8.661 -8.797 -9.259 -9.789 -10.421 -10.812 -11.437 -11.775 -11.842
14.300 1.630 4.376 -0.552 -3.500 -5.773 -6.654 -7.762 -7.663 -8.645 -8.781 -9.243 -9.773 -10.405 -10.795 -11.421 -11.759 -11.826
14.400 1.646 4.392 -0.536 -3.484 -5.757 -6.638 -7.746 -7.647 -8.629 -8.765 -9.227 -9.757 -10.389 -10.779 -11.405 -11.743 -11.810
14.500 1.662 4.407 -0.521 -3.468 -5.742 -6.623 -7.730 -7.631 -8.613 -8.749 -9.211 -9.741 -10.373 -10.764 -11.389 -11.727 -11.794
14.600 1.677 4.423 -0.505 -3.452 -5.726 -6.607 -7.715 -7.616 -8.597 -8.733 -9.196 -9.725 -10.358 -10.748 -11.373 -11.711 -11.778
14.700 1.693 4.439 -0.489 -3.437 -5.710 -6.591 -7.699 -7.600 -8.582 -8.718 -9.180 -9.710 -10.342 -10.732 -11.358 -11.696 -11.763
14.800 1.708 4.454 -0.474 -3.422 -5.695 -6.576 -7.684 -7.585 -8.566 -8.703 -9.165 -9.694 -10.327 -10.717 -11.343 -11.680 -11.747
14.900 1.723 4.469 -0.459 -3.406 -5.680 -6.561 -7.669 -7.570 -8.551 -8.687 -9.150 -9.679 -10.312 -10.702 -11.328 -11.665 -11.732
15.000 1.738 4.484 -0.444 -3.391 -5.665 -6.546 -7.654 -7.555 -8.536 -8.672 -9.135 -9.664 -10.297 -10.687 -11.313 -11.650 -11.717
