# day W2 M2 W1 u B g V c r w o i z y J H K
0.000 -7.338 -7.207 -7.043 -6.368 -6.050 -5.892 -5.614 -5.723 -5.381 -5.541 -5.251 -4.992 -4.696 -4.467 -3.998 -3.384 -2.812
0.100 -11.538 -11.815 -12.004 -12.423 -12.457 -12.446 -12.403 -12.415 -12.333 -12.351 -12.285 -12.171 -12.012 -11.872 -11.560 -11.088 -10.614
0.200 -11.565 -11.939 -12.259 -12.975 -13.124 -13.163 -13.196 -13.181 -13.181 -13.165 -13.164 -13.098 -12.987 -12.878 -12.621 -12.199 -11.759
0.300 -11.421 -11.855 -12.278 -13.200 -13.432 -13.506 -13.592 -13.561 -13.619 -13.582 -13.624 -13.593 -13.517 -13.431 -13.215 -12.829 -12.415
0.400 -11.152 -11.635 -12.160 -13.267 -13.574 -13.681 -13.815 -13.769 -13.877 -13.825 -13.903 -13.901 -13.856 -13.790 -13.611 -13.257 -12.864
0.500 -10.805 -11.326 -11.956 -13.241 -13.623 -13.761 -13.940 -13.881 -14.036 -13.972 -14.082 -14.108 -14.091 -14.045 -13.899 -13.574 -13.201
0.600 -10.345 -10.894 -11.648 -13.122 -13.586 -13.759 -13.985 -13.914 -14.117 -14.042 -14.184 -14.238 -14.251 -14.224 -14.112 -13.817 -13.463
0.700 -9.767 -10.330 -11.233 -12.915 -13.473 -13.684 -13.963 -13.879 -14.135 -14.049 -14.225 -14.309 -14.353 -14.347 -14.269 -14.005 -13.671
0.800 -9.101 -9.651 -10.733 -12.636 -13.298 -13.551 -13.887 -13.791 -14.102 -14.009 -14.217 -14.333 -14.410 -14.425 -14.385 -14.152 -13.839
0.900 -8.397 -8.899 -10.187 -12.306 -13.080 -13.378 -13.771 -13.664 -14.031 -13.933 -14.174 -14.321 -14.433 -14.471 -14.469 -14.267 -13.976
1.000 -7.743 -8.162 -9.657 -11.965 -12.846 -13.186 -13.636 -13.519 -13.939 -13.840 -14.109 -14.287 -14.433 -14.493 -14.530 -14.361 -14.090
1.100 -7.205 -7.531 -9.199 -11.645 -12.618 -12.996 -13.495 -13.372 -13.838 -13.741 -14.033 -14.239 -14.418 -14.499 -14.573 -14.436 -14.186
1.200 -6.804 -7.053 -8.841 -11.375 -12.419 -12.828 -13.365 -13.239 -13.742 -13.650 -13.960 -14.190 -14.398 -14.499 -14.607 -14.500 -14.271
1.300 -6.500 -6.687 -8.564 -11.155 -12.253 -12.685 -13.253 -13.124 -13.657 -13.571 -13.894 -14.144 -14.377 -14.495 -14.635 -14.556 -14.346
1.400 -6.249 -6.380 -8.336 -10.973 -12.114 -12.565 -13.158 -13.027 -13.584 -13.504 -13.838 -14.103 -14.358 -14.491 -14.659 -14.606 -14.414
1.500 -6.026 -6.097 -8.133 -10.812 -11.993 -12.460 -13.074 -12.942 -13.520 -13.445 -13.788 -14.067 -14.341 -14.487 -14.681 -14.652 -14.476
1.600 -5.816 -5.821 -7.941 -10.662 -11.881 -12.364 -12.998 -12.866 -13.462 -13.392 -13.743 -14.035 -14.326 -14.485 -14.702 -14.694 -14.534
1.700 -5.610 -5.544 -7.752 -10.512 -11.770 -12.269 -12.923 -12.790 -13.404 -13.340 -13.698 -14.002 -14.308 -14.479 -14.718 -14.731 -14.586
1.800 -5.409 -5.268 -7.566 -10.363 -11.661 -12.176 -12.850 -12.716 -13.348 -13.290 -13.654 -13.969 -14.292 -14.473 -14.733 -14.766 -14.635
1.900 -5.207 -4.985 -7.378 -10.211 -11.549 -12.080 -12.774 -12.640 -13.290 -13.237 -13.609 -13.935 -14.273 -14.465 -14.745 -14.797 -14.679
2.000 -5.004 -4.694 -7.186 -10.052 -11.434 -11.983 -12.698 -12.564 -13.232 -13.185 -13.564 -13.902 -14.254 -14.457 -14.754 -14.821 -14.712
2.100 -4.802 -4.400 -6.994 -9.890 -11.316 -11.881 -12.618 -12.483 -13.170 -13.131 -13.516 -13.865 -14.233 -14.446 -14.761 -14.843 -14.745
2.200 -4.596 -4.094 -6.795 -9.719 -11.190 -11.773 -12.531 -12.397 -13.103 -13.070 -13.462 -13.823 -14.207 -14.430 -14.765 -14.862 -14.775
2.300 -4.386 -3.781 -6.591 -9.541 -11.057 -11.658 -12.438 -12.304 -13.028 -13.004 -13.402 -13.774 -14.174 -14.409 -14.763 -14.878 -14.801
2.400 -4.170 -3.454 -6.380 -9.352 -10.914 -11.534 -12.336 -12.203 -12.946 -12.931 -13.334 -13.719 -14.136 -14.381 -14.756 -14.889 -14.824
2.500 -3.953 -3.119 -6.167 -9.157 -10.768 -11.406 -12.231 -12.099 -12.861 -12.855 -13.264 -13.661 -14.094 -14.352 -14.748 -14.898 -14.846
2.600 -3.731 -2.773 -5.947 -8.953 -10.613 -11.270 -12.118 -11.988 -12.769 -12.773 -13.188 -13.596 -14.047 -14.317 -14.734 -14.904 -14.864
2.700 -3.511 -2.417 -5.727 -8.745 -10.458 -11.136 -12.007 -11.879 -12.679 -12.693 -13.114 -13.534 -14.002 -14.282 -14.719 -14.904 -14.874
2.800 -3.291 -2.051 -5.507 -8.535 -10.303 -11.002 -11.898 -11.771 -12.591 -12.615 -13.042 -13.473 -13.957 -14.248 -14.701 -14.898 -14.876
2.900 -3.068 -1.672 -5.282 -8.315 -10.141 -10.861 -11.782 -11.657 -12.497 -12.533 -12.964 -13.407 -13.908 -14.209 -14.680 -14.891 -14.876
3.000 -2.845 -1.285 -5.056 -8.091 -9.975 -10.716 -11.662 -11.540 -12.399 -12.446 -12.883 -13.338 -13.855 -14.167 -14.656 -14.881 -14.875
3.100 -2.619 -0.888 -4.827 -7.859 -9.802 -10.565 -11.536 -11.417 -12.296 -12.355 -12.796 -13.263 -13.797 -14.120 -14.628 -14.868 -14.871
3.200 -2.393 -0.484 -4.597 -7.622 -9.625 -10.410 -11.406 -11.289 -12.187 -12.259 -12.705 -13.183 -13.734 -14.069 -14.596 -14.851 -14.864
3.300 -2.168 -0.076 -4.367 -7.381 -9.444 -10.250 -11.271 -11.158 -12.075 -12.160 -12.609 -13.099 -13.667 -14.013 -14.560 -14.831 -14.855
3.400 -1.943 0.333 -4.137 -7.137 -9.259 -10.087 -11.132 -11.022 -11.957 -12.056 -12.509 -13.010 -13.595 -13.953 -14.520 -14.808 -14.842
3.500 -1.723 0.732 -3.914 -6.896 -9.076 -9.923 -10.992 -10.886 -11.838 -11.950 -12.407 -12.918 -13.521 -13.890 -14.478 -14.784 -14.829
3.600 -1.509 1.116 -3.694 -6.658 -8.891 -9.758 -10.849 -10.747 -11.716 -11.842 -12.302 -12.823 -13.442 -13.824 -14.432 -14.755 -14.813
3.700 -1.334 1.411 -3.517 -6.464 -8.738 -9.619 -10.726 -10.627 -11.609 -11.745 -12.207 -12.737 -13.369 -13.760 -14.385 -14.723 -14.790
3.800 -1.294 1.451 -3.477 -6.424 -8.698 -9.579 -10.686 -10.587 -11.569 -11.705 -12.167 -12.697 -13.329 -13.720 -14.345 -14.683 -14.750
3.900 -1.252 1.493 -3.435 -6.382 -8.656 -9.537 -10.645 -10.545 -11.527 -11.663 -12.126 -12.655 -13.287 -13.678 -14.303 -14.641 -14.708
4.000 -1.209 1.536 -3.392 -6.339 -8.613 -9.494 -10.601 -10.502 -11.484 -11.620 -12.082 -12.612 -13.244 -13.635 -14.260 -14.598 -14.665
4.100 -1.165 1.580 -3.348 -6.295 -8.569 -9.450 -10.558 -10.458 -11.440 -11.576 -12.039 -12.568 -13.201 -13.591 -14.216 -14.554 -14.621
4.200 -1.121 1.625 -3.303 -6.251 -8.524 -9.405 -10.513 -10.414 -11.395 -11.532 -11.994 -12.523 -13.156 -13.546 -14.172 -14.509 -14.576
4.300 -1.075 1.671 -3.257 -6.204 -8.478 -9.359 -10.467 -10.368 -11.349 -11.485 -11.948 -12.477 -13.110 -13.500 -14.126 -14.463 -14.530
4.400 -1.027 1.718 -3.210 -6.157 -8.431 -9.312 -10.420 -10.320 -11.302 -11.438 -11.901 -12.430 -13.062 -13.453 -14.078 -14.416 -14.483
4.500 -0.979 1.766 -3.162 -6.109 -8.383 -9.264 -10.372 -10.272 -11.254 -11.390 -11.853 -12.382 -13.014 -13.405 -14.030 -14.368 -14.435
4.600 -0.930 1.815 -3.113 -6.060 -8.334 -9.215 -10.323 -10.223 -11.205 -11.341 -11.804 -12.333 -12.965 -13.356 -13.981 -14.319 -14.386
4.700 -0.881 1.865 -3.063 -6.010 -8.284 -9.165 -10.273 -10.174 -11.155 -11.291 -11.754 -12.283 -12.916 -13.306 -13.932 -14.269 -14.336
4.800 -0.831 1.914 -3.014 -5.961 -8.235 -9.116 -10.223 -10.124 -11.106 -11.242 -11.704 -12.234 -12.866 -13.257 -13.882 -14.220 -14.287
4.900 -0.781 1.964 -2.964 -5.911 -8.185 -9.066 -10.174 -10.074 -11.056 -11.192 -11.655 -12.184 -12.817 -13.207 -13.832 -14.170 -14.237
5.000 -0.732 2.014 -2.914 -5.861 -8.135 -9.016 -10.124 -10.024 -11.006 -11.142 -11.605 -12.134 -12.767 -13.157 -13.782 -14.120 -14.187
5.100 -0.681 2.064 -2.864 -5.811 -8.085 -8.966 -10.073 -9.974 -10.956 -11.092 -11.554 -12.084 -12.716 -13.107 -13.732 -14.070 -14.137
5.200 -0.631 2.115 -2.813 -5.760 -8.034 -8.915 -10.023 -9.924 -10.905 -11.041 -11.504 -12.033 -12.666 -13.056 -13.682 -14.019 -14.086
5.300 -0.580 2.165 -2.763 -5.710 -7.984 -8.865 -9.972 -9.873 -10.855 -10.991 -11.453 -11.983 -12.615 -13.006 -13.631 -13.969 -14.036
5.400 -0.530 2.216 -2.712 -5.659 -7.933 -8.814 -9.922 -9.823 -10.804 -10.941 -11.403 -11.932 -12.565 -12.955 -13.581 -13.918 -13.985
5.500 -0.479 2.266 -2.662 -5.609 -7.883 -8.764 -9.872 -9.772 -10.754 -10.890 -11.353 -11.882 -12.514 -12.905 -13.530 -13.868 -13.935
5.600 -0.430 2.316 -2.612 -5.559 -7.833 -8.714 -9.822 -9.723 -10.704 -10.840 -11.303 -11.832 -12.465 -12.855 -13.481 -13.818 -13.885
5.700 -0.381 2.365 -2.563 -5.510 -7.784 -8.665 -9.773 -9.674 -10.655 -10.791 -11.254 -11.783 -12.416 -12.806 -13.432 -13.769 -13.836
5.800 -0.332 2.414 -2.514 -5.462 -7.735 -8.616 -9.724 -9.625 -10.607 -10.743 -11.205 -11.735 -12.367 -12.757 -13.383 -13.720 -13.788
5.900 -0.284 2.462 -2.466 -5.414 -7.687 -8.568 -9.676 -9.577 -10.559 -10.695 -11.157 -11.687 -12.319 -12.709 -13.335 -13.672 -13.739
6.000 -0.236 2.509 -2.419 -5.366 -7.640 -8.521 -9.628 -9.529 -10.511 -10.647 -11.109 -11.639 -12.271 -12.662 -13.287 -13.625 -13.692
6.100 -0.189 2.556 -2.371 -5.319 -7.592 -8.473 -9.581 -9.482 -10.464 -10.600 -11.062 -11.592 -12.224 -12.614 -13.240 -13.578 -13.645
6.200 -0.143 2.603 -2.325 -5.272 -7.546 -8.427 -9.535 -9.436 -10.417 -10.553 -11.016 -11.545 -12.178 -12.568 -13.193 -13.531 -13.598
6.300 -0.097 2.649 -2.279 -5.226 -7.500 -8.381 -9.489 -9.390 -10.371 -10.507 -10.970 -11.499 -12.132 -12.522 -13.148 -13.485 -13.552
6.400 -0.051 2.694 -2.234 -5.181 -7.455 -8.336 -9.444 -9.344 -10.326 -10.462 -10.925 -11.454 -12.086 -12.477 -13.102 -13.440 -13.507
6.500 -0.007 2.739 -2.189 -5.137 -7.410 -8.291 -9.399 -9.300 -10.281 -10.418 -10.880 -11.409 -12.042 -12.432 -13.058 -13.395 -13.462
6.600 0.037 2.782 -2.146 -5.093 -7.366 -8.247 -9.355 -9.256 -10.238 -10.374 -10.836 -11.366 -11.998 -12.388 -13.014 -13.352 -13.419
6.700 0.079 2.825 -2.103 -5.050 -7.324 -8.205 -9.313 -9.213 -10.195 -10.331 -10.794 -11.323 -11.956 -12.346 -12.971 -13.309 -13.376
6.800 0.121 2.867 -2.061 -5.008 -7.282 -8.163 -9.271 -9.172 -10.153 -10.289 -10.752 -11.281 -11.914 -12.304 -12.930 -13.267 -13.334
6.900 0.163 2.908 -2.020 -4.967 -7.241 -8.122 -9.230 -9.130 -10.112 -10.248 -10.711 -11.240 -11.873 -12.263 -12.888 -13.226 -13.293
7.000 0.203 2.949 -1.979 -4.927 -7.200 -8.081 -9.189 -9.090 -10.072 -10.208 -10.670 -11.200 -11.832 -12.222 -12.848 -13.186 -13.253
7.100 0.243 2.988 -1.940 -4.887 -7.161 -8.042 -9.150 -9.050 -10.032 -10.168 -10.631 -11.160 -11.792 -12.183 -12.808 -13.146 -13.213
7.200 0.282 3.027 -1.901 -4.848 -7.122 -8.003 -9.111 -9.011 -9.993 -10.129 -10.592 -11.121 -11.753 -12.144 -12.769 -13.107 -13.174
7.300 0.320 3.065 -1.863 -4.810 -7.084 -7.965 -9.072 -8.973 -9.955 -10.091 -10.553 -11.083 -11.715 -12.106 -12.731 -13.069 -13.136
7.400 0.357 3.103 -1.825 -4.772 -7.046 -7.927 -9.035 -8.936 -9.917 -10.053 -10.516 -11.045 -11.678 -12.068 -12.694 -13.031 -13.098
7.500 0.394 3.140 -1.788 -4.736 -7.009 -7.890 -8.998 -8.899 -9.881 -10.017 -10.479 -11.009 -11.641 -12.031 -12.657 -12.994 -13.061
7.600 0.430 3.176 -1.752 -4.700 -6.973 -7.854 -8.962 -8.863 -9.844 -9.981 -10.443 -10.972 -11.605 -11.995 -12.621 -12.958 -13.025
7.700 0.466 3.211 -1.717 -4.664 -6.938 -7.819 -8.927 -8.827 -9.809 -9.945 -10.408 -10.937 -11.569 -11.960 -12.585 -12.923 -12.990
7.800 0.500 3.246 -1.682 -4.630 -6.903 -7.784 -8.892 -8.793 -9.774 -9.911 -10.373 -10.903 -11.535 -11.925 -12.551 -12.888 -12.955
7.900 0.534 3.280 -1.648 -4.596 -6.869 -7.750 -8.858 -8.759 -9.741 -9.877 -10.339 -10.869 -11.501 -11.891 -12.517 -12.855 -12.922
8.000 0.567 3.313 -1.615 -4.563 -6.836 -7.717 -8.825 -8.726 -9.708 -9.844 -10.306 -10.836 -11.468 -11.858 -12.484 -12.821 -12.888
8.100 0.600 3.345 -1.583 -4.530 -6.804 -7.685 -8.793 -8.693 -9.675 -9.811 -10.274 -10.803 -11.435 -11.826 -12.451 -12.789 -12.856
8.200 0.631 3.377 -1.551 -4.498 -6.772 -7.653 -8.761 -8.662 -9.643 -9.779 -10.242 -10.771 -11.404 -11.794 -12.419 -12.757 -12.824
8.300 0.663 3.408 -1.520 -4.467 -6.741 -7.622 -8.730 -8.630 -9.612 -9.748 -10.211 -10.740 -11.372 -11.763 -12.388 -12.726 -12.793
8.400 0.693 3.439 -1.489 -4.436 -6.710 -7.591 -8.699 -8.600 -9.581 -9.717 -10.180 -10.709 -11.342 -11.732 -12.358 -12.695 -12.762
8.500 0.724 3.469 -1.459 -4.406 -6.680 -7.561 -8.669 -8.569 -9.551 -9.687 -10.150 -10.679 -11.312 -11.702 -12.327 -12.665 -12.732
8.600 0.753 3.499 -1.429 -4.377 -6.650 -7.531 -8.639 -8.540 -9.522 -9.658 -10.120 -10.650 -11.282 -11.672 -12.298 -12.635 -12.702
8.700 0.782 3.528 -1.400 -4.348 -6.621 -7.502 -8.610 -8.511 -9.493 -9.629 -10.091 -10.621 -11.253 -11.643 -12.269 -12.606 -12.673
8.800 0.811 3.556 -1.372 -4.319 -6.593 -7.474 -8.582 -8.482 -9.464 -9.600 -10.063 -10.592 -11.225 -11.615 -12.240 -12.578 -12.645
8.900 0.838 3.584 -1.344 -4.291 -6.565 -7.446 -8.554 -8.455 -9.436 -9.572 -10.035 -10.564 -11.197 -11.587 -12.212 -12.550 -12.617
9.000 0.866 3.611 -1.316 -4.264 -6.537 -7.418 -8.526 -8.427 -9.409 -9.545 -10.007 -10.537 -11.169 -11.559 -12.185 -12.523 -12.590
9.100 0.893 3.638 -1.290 -4.237 -6.511 -7.392 -8.499 -8.400 -9.382 -9.518 -9.980 -10.510 -11.142 -11.533 -12.158 -12.496 -12.563
9.200 0.919 3.665 -1.263 -4.210 -6.484 -7.365 -8.473 -8.374 -9.355 -9.492 -9.954 -10.483 -11.116 -11.506 -12.132 -12.469 -12.536
9.300 0.945 3.691 -1.237 -4.185 -6.458 -7.339 -8.447 -8.348 -9.329 -9.466 -9.928 -10.458 -11.090 -11.480 -12.106 -12.443 -12.510
9.400 0.971 3.716 -1.212 -4.159 -6.433 -7.314 -8.422 -8.322 -9.304 -9.440 -9.903 -10.432 -11.064 -11.455 -12.080 -12.418 -12.485
9.500 0.996 3.741 -1.187 -4.134 -6.408 -7.289 -8.397 -8.297 -9.279 -9.415 -9.878 -10.407 -11.039 -11.430 -12.055 -12.393 -12.460
9.600 1.020 3.766 -1.162 -4.109 -6.383 -7.264 -8.372 -8.273 -9.254 -9.390 -9.853 -10.382 -11.015 -11.405 -12.031 -12.368 -12.435
9.700 1.045 3.790 -1.138 -4.085 -6.359 -7.240 -8.348 -8.248 -9.230 -9.366 -9.829 -10.358 -10.991 -11.381 -12.006 -12.344 -12.411
9.800 1.068 3.814 -1.114 -4.061 -6.335 -7.216 -8.324 -8.225 -9.206 -9.342 -9.805 -10.334 -10.967 -11.357 -11.983 -12.320 -12.387
9.900 1.092 3.837 -1.091 -4.038 -6.312 -7.193 -8.300 -8.201 -9.183 -9.319 -9.781 -10.311 -10.943 -11.334 -11.959 -12.297 -12.364
10.000 1.115 3.860 -1.068 -4.015 -6.289 -7.170 -8.277 -8.178 -9.160 -9.296 -9.758 -10.288 -10.920 -11.311 -11.936 -12.274 -12.341
10.100 1.138 3.883 -1.045 -3.992 -6.266 -7.147 -8.255 -8.155 -9.137 -9.273 -9.736 -10.265 -10.898 -11.288 -11.913 -12.251 -12.318
10.200 1.160 3.905 -1.023 -3.970 -6.243 -7.124 -8.232 -8.133 -9.115 -9.251 -9.713 -10.243 -10.875 -11.265 -11.891 -12.229 -12.296
10.300 1.182 3.927 -1.000 -3.948 -6.221 -7.102 -8.210 -8.111 -9.093 -9.229 -9.691 -10.221 -10.853 -11.243 -11.869 -12.207 -12.274
10.400 1.204 3.949 -0.979 -3.926 -6.200 -7.081 -8.189 -8.089 -9.071 -9.207 -9.670 -10.199 -10.832 -11.222 -11.847 -12.185 -12.252
10.500 1.225 3.971 -0.957 -3.905 -6.178 -7.059 -8.167 -8.068 -9.050 -9.186 -9.648 -10.178 -10.810 -11.200 -11.826 -12.164 -12.231
10.600 1.246 3.992 -0.936 -3.884 -6.157 -7.038 -8.146 -8.047 -9.029 -9.165 -9.627 -10.157 -10.789 -11.179 -11.805 -12.143 -12.210
10.700 1.267 4.012 -0.916 -3.863 -6.137 -7.018 -8.125 -8.026 -9.008 -9.144 -9.606 -10.136 -10.768 -11.159 -11.784 -12.122 -12.189
10.800 1.287 4.033 -0.895 -3.843 -6.116 -6.997 -8.105 -8.006 -8.987 -9.124 -9.586 -10.115 -10.748 -11.138 -11.764 -12.101 -12.168
10.900 1.307 4.053 -0.875 -3.822 -6.096 -6.977 -8.085 -7.986 -8.967 -9.103 -9.566 -10.095 -10.728 -11.118 -11.744 -12.081 -12.148
11.000 1.327 4.073 -0.855 -3.802 -6.076 -6.957 -8.065 -7.966 -8.947 -9.083 -9.546 -10.075 -10.708 -11.098 -11.724 -12.061 -12.128
11.100 1.347 4.093 -0.835 -3.783 -6.056 -6.937 -8.045 -7.946 -8.928 -9.064 -9.526 -10.056 -10.688 -11.078 -11.704 -12.041 -12.109
11.200 1.366 4.112 -0.816 -3.763 -6.037 -6.918 -8.026 -7.927 -8.908 -9.044 -9.507 -10.036 -10.669 -11.059 -11.685 -12.022 -12.089
11.300 1.386 4.131 -0.797 -3.744 -6.018 -6.899 -8.007 -7.907 -8.889 -9.025 -9.488 -10.017 -10.649 -11.040 -11.665 -12.003 -12.070
11.400 1.405 4.150 -0.778 -3.725 -5.999 -6.880 -7.988 -7.888 -8.870 -9.006 -9.469 -9.998 -10.631 -11.021 -11.646 -11.984 -12.051
11.500 1.423 4.169 -0.759 -3.706 -5.980 -6.861 -7.969 -7.870 -8.851 -8.988 -9.450 -9.979 -10.612 -11.002 -11.628 -11.965 -12.032
11.600 1.442 4.187 -0.741 -3.688 -5.962 -6.843 -7.950 -7.851 -8.833 -8.969 -9.431 -9.961 -10.593 -10.984 -11.609 -11.947 -12.014
11.700 1.460 4.206 -0.722 -3.670 -5.943 -6.824 -7.932 -7.833 -8.815 -8.951 -9.413 -9.943 -10.575 -10.965 -11.591 -11.928 -11.995
11.800 1.478 4.224 -0.704 -3.652 -5.925 -6.806 -7.914 -7.815 -8.797 -8.933 -9.395 -9.925 -10.557 -10.947 -11.573 -11.910 -11.977
11.900 1.496 4.242 -0.686 -3.634 -5.907 -6.788 -7.896 -7.797 -8.779 -8.915 -9.377 -9.907 -10.539 -10.929 -11.555 -11.893 -11.960
12.000 1.514 4.259 -0.669 -3.616 -5.890 -6.771 -7.879 -7.779 -8.761 -8.897 -9.360 -9.889 -10.521 -10.912 -11.537 -11.875 -11.942
12.100 1.531 4.277 -0.651 -3.599 -5.872 -6.753 -7.861 -7.762 -8.743 -8.880 -9.342 -9.872 -10.504 -10.894 -11.520 -11.857 -11.924
12.200 1.548 4.294 -0.634 -3.581 -5.855 -6.736 -7.844 -7.744 -8.726 -8.862 -9.325 -9.854 -10.487 -10.877 -11.502 -11.840 -11.907
12.300 1.566 4.311 -0.617 -3.564 -5.838 -6.719 -7.827 -7.727 -8.709 -8.845 -9.308 -9.837 -10.469 -10.860 -11.485 -11.823 -11.890
12.400 1.583 4.328 -0.600 -3.547 -5.821 -6.702 -7.810 -7.710 -8.692 -8.828 -9.291 -9.820 -10.452 -10.843 -11.468 -11.806 -11.873
12.500 1.599 4.345 -0.583 -3.530 -5.804 -6.685 -7.793 -7.694 -8.675 -8.811 -9.274 -9.803 -10.436 -10.826 -11.452 -11.789 -11.856
12.600 1.616 4.362 -0.566 -3.514 -5.787 -6.668 -7.776 -7.677 -8.659 -8.795 -9.257 -9.787 -10.419 -10.809 -11.435 -11.772 -11.840
12.700 1.633 4.378 -0.550 -3.497 -5.771 -6.652 -7.760 -7.660 -8.642 -8.778 -9.241 -9.770 -10.403 -10.793 -11.418 -11.756 -11.823
12.800 1.649 4.394 -0.534 -3.481 -5.755 -6.636 -7.743 -7.644 -8.626 -8.762 -9.224 -9.754 -10.386 -10.777 -11.402 -11.740 -11.807
12.900 1.665 4.411 -0.517 -3.465 -5.738 -6.619 -7.727 -7.628 -8.610 -8.746 -9.208 -9.738 -10.370 -10.760 -11.386 -11.723 -11.791
13.000 1.681 4.427 -0.501 -3.449 -5.722 -6.603 -7.711 -7.612 -8.594 -8.730 -9.192 -9.722 -10.354 -10.744 -11.370 -11.707 -11.775
13.100 1.697 4.442 -0.485 -3.433 -5.706 -6.587 -7.695 -7.596 -8.578 -8.714 -9.176 -9.706 -10.338 -10.728 -11.354 -11.692 -11.759
13.200 1.713 4.458 -0.470 -3.417 -5.691 -6.572 -7.680 -7.580 -8.562 -8.698 -9.161 -9.690 -10.322 -10.713 -11.338 -11.676 -11.743
13.300 1.728 4.474 -0.454 -3.401 -5.675 -6.556 -7.664 -7.565 -8.546 -8.683 -9.145 -9.674 -10.307 -10.697 -11.323 -11.660 -11.727
13.400 1.744 4.489 -0.439 -3.386 -5.660 -6.541 -7.648 -7.549 -8.531 -8.667 -9.129 -9.659 -10.291 -10.682 -11.307 -11.645 -11.712
13.500 1.759 4.505 -0.423 -3.371 -5.644 -6.525 -7.633 -7.534 -8.516 -8.652 -9.114 -9.644 -10.276 -10.666 -11.292 -11.629 -11.696
13.600 1.774 4.520 -0.408 -3.355 -5.629 -6.510 -7.618 -7.519 -8.500 -8.637 -9.099 -9.628 -10.261 -10.651 -11.277 -11.614 -11.681
13.700 1.789 4.535 -0.393 -3.340 -5.614 -6.495 -7.603 -7.504 -8.485 -8.621 -9.084 -9.613 -10.246 -10.636 -11.262 -11.599 -11.666
13.800 1.804 4.550 -0.378 -3.325 -5.599 -6.480 -7.588 -7.489 -8.470 -8.606 -9.069 -9.598 -10.231 -10.621 -11.247 -11.584 -11.651
13.900 1.819 4.565 -0.363 -3.311 -5.584 -6.465 -7.573 -7.474 -8.455 -8.592 -9.054 -9.583 -10.216 -10.606 -11.232 -11.569 -11.636
14.000 1.834 4.580 -0.348 -3.296 -5.569 -6.450 -7.558 -7.459 -8.441 -8.577 -9.039 -9.569 -10.201 -10.591 -11.217 -11.555 -11.622
14.100 1.849 4.594 -0.334 -3.281 -5.555 -6.436 -7.544 -7.444 -8.426 -8.562 -9.025 -9.554 -10.186 -10.577 -11.202 -11.540 -11.607
14.200 1.863 4.609 -0.319 -3.267 -5.540 -6.421 -7.529 -7.430 -8.412 -8.548 -9.010 -9.540 -10.172 -10.562 -11.188 -11.525 -11.592
14.300 1.877 4.623 -0.305 -3.252 -5.526 -6.407 -7.515 -7.415 -8.397 -8.533 -8.996 -9.525 -10.158 -10.548 -11.173 -11.511 -11.578
14.400 1.892 4.637 -0.291 -3.238 -5.512 -6.393 -7.500 -7.401 -8.383 -8.519 -8.981 -9.511 -10.143 -10.534 -11.159 -11.497 -11.564
14.500 1.906 4.652 -0.276 -3.224 -5.497 -6.378 -7.486 -7.387 -8.369 -8.505 -8.967 -9.497 -10.129 -10.519 -11.145 -11.483 -11.550
14.600 1.920 4.666 -0.262 -3.210 -5.483 -6.364 -7.472 -7.373 -8.355 -8.491 -8.953 -9.483 -10.115 -10.505 -11.131 -11.468 -11.535
14.700 1.934 4.680 -0.248 -3.196 -5.469 -6.350 -7.458 -7.359 -8.341 -8.477 -8.939 -9.469 -10.101 -10.491 -11.117 -11.454 -11.522
14.800 1.948 4.693 -0.234 -3.182 -5.455 -6.336 -7.444 -7.345 -8.327 -8.463 -8.925 -9.455 -10.087 -10.477 -11.103 -11.441 -11.508
14.900 1.962 4.707 -0.221 -3.168 -5.442 -6.323 -7.431 -7.331 -8.313 -8.449 -8.912 -9.441 -10.073 -10.464 -11.089 -11.427 -11.494
15.000 1.975 4.721 -0.207 -3.154 -5.428 -6.309 -7.417 -7.318 -8.299 -8.435 -8.898 -9.427 -10.060 -10.450 -11.076 -11.413 -11.480
