# day W2 M2 W1 u B g V c r w o i z y J H K
0.000 -10.151 -9.946 -9.743 -8.886 -8.518 -8.340 -8.028 -8.152 -7.771 -7.956 -7.630 -7.348 -7.033 -6.790 -6.298 -5.662 -5.075
0.100 -14.797 -14.760 -14.667 -14.294 -14.089 -13.981 -13.791 -13.862 -13.621 -13.722 -13.525 -13.327 -13.093 -12.904 -12.511 -11.969 -11.449
0.200 -14.565 -14.676 -14.696 -14.688 -14.594 -14.534 -14.420 -14.460 -14.304 -14.361 -14.236 -14.087 -13.900 -13.742 -13.405 -12.914 -12.429
0.300 -14.009 -14.258 -14.411 -14.746 -14.760 -14.744 -14.697 -14.712 -14.629 -14.650 -14.586 -14.478 -14.330 -14.198 -13.906 -13.456 -12.999
0.400 -13.372 -13.737 -14.031 -14.677 -14.793 -14.819 -14.834 -14.826 -14.810 -14.802 -14.789 -14.717 -14.604 -14.496 -14.243 -13.828 -13.396
0.500 -12.755 -13.207 -13.639 -14.551 -14.762 -14.827 -14.898 -14.871 -14.913 -14.883 -14.914 -14.875 -14.794 -14.706 -14.489 -14.107 -13.696
0.600 -12.217 -12.722 -13.275 -14.403 -14.698 -14.797 -14.919 -14.876 -14.970 -14.923 -14.991 -14.981 -14.929 -14.861 -14.678 -14.325 -13.934
0.700 -11.771 -12.304 -12.954 -14.249 -14.617 -14.746 -14.911 -14.856 -14.996 -14.935 -15.035 -15.052 -15.027 -14.976 -14.825 -14.500 -14.128
0.800 -11.398 -11.946 -12.673 -14.096 -14.526 -14.682 -14.885 -14.820 -15.000 -14.929 -15.056 -15.097 -15.097 -15.063 -14.941 -14.643 -14.290
0.900 -11.067 -11.623 -12.417 -13.945 -14.429 -14.609 -14.846 -14.772 -14.987 -14.910 -15.059 -15.121 -15.145 -15.127 -15.034 -14.761 -14.425
1.000 -10.749 -11.310 -12.170 -13.794 -14.326 -14.527 -14.794 -14.714 -14.960 -14.878 -15.047 -15.129 -15.175 -15.171 -15.105 -14.857 -14.539
1.100 -10.426 -10.989 -11.920 -13.637 -14.216 -14.437 -14.733 -14.646 -14.921 -14.835 -15.023 -15.122 -15.189 -15.200 -15.160 -14.937 -14.636
1.200 -10.085 -10.645 -11.654 -13.470 -14.096 -14.337 -14.660 -14.568 -14.870 -14.782 -14.987 -15.103 -15.190 -15.215 -15.200 -15.000 -14.716
1.300 -9.723 -10.272 -11.369 -13.288 -13.965 -14.227 -14.577 -14.479 -14.810 -14.719 -14.940 -15.073 -15.179 -15.217 -15.227 -15.051 -14.784
1.400 -9.338 -9.866 -11.061 -13.088 -13.820 -14.104 -14.484 -14.380 -14.739 -14.647 -14.883 -15.033 -15.157 -15.208 -15.243 -15.090 -14.839
1.500 -8.931 -9.426 -10.731 -12.869 -13.661 -13.969 -14.379 -14.270 -14.658 -14.564 -14.817 -14.983 -15.127 -15.190 -15.249 -15.118 -14.884
1.600 -8.503 -8.951 -10.377 -12.629 -13.485 -13.819 -14.262 -14.148 -14.566 -14.472 -14.740 -14.924 -15.087 -15.164 -15.246 -15.137 -14.920
1.700 -8.062 -8.446 -10.005 -12.370 -13.296 -13.657 -14.135 -14.015 -14.466 -14.372 -14.657 -14.859 -15.042 -15.131 -15.236 -15.147 -14.944
1.800 -7.612 -7.914 -9.618 -12.093 -13.092 -13.483 -13.997 -13.873 -14.357 -14.266 -14.566 -14.787 -14.992 -15.095 -15.221 -15.149 -14.958
1.900 -7.161 -7.361 -9.223 -11.802 -12.877 -13.298 -13.851 -13.723 -14.242 -14.154 -14.471 -14.712 -14.939 -15.056 -15.203 -15.145 -14.960
2.000 -6.719 -6.799 -8.827 -11.501 -12.653 -13.105 -13.695 -13.564 -14.118 -14.035 -14.367 -14.628 -14.878 -15.010 -15.181 -15.139 -14.961
2.100 -6.293 -6.238 -8.437 -11.194 -12.423 -12.904 -13.533 -13.399 -13.986 -13.910 -14.256 -14.537 -14.811 -14.958 -15.153 -15.130 -14.962
2.200 -5.886 -5.687 -8.057 -10.883 -12.187 -12.699 -13.364 -13.228 -13.848 -13.779 -14.139 -14.440 -14.738 -14.900 -15.121 -15.117 -14.961
2.300 -5.503 -5.157 -7.692 -10.575 -11.951 -12.491 -13.191 -13.055 -13.705 -13.646 -14.018 -14.337 -14.660 -14.838 -15.086 -15.103 -14.958
2.400 -5.144 -4.653 -7.345 -10.272 -11.717 -12.284 -13.017 -12.881 -13.560 -13.511 -13.893 -14.231 -14.577 -14.771 -15.046 -15.085 -14.955
2.500 -4.807 -4.175 -7.016 -9.976 -11.485 -12.078 -12.843 -12.707 -13.414 -13.376 -13.767 -14.123 -14.492 -14.702 -15.004 -15.066 -14.950
2.600 -4.487 -3.717 -6.700 -9.686 -11.256 -11.873 -12.668 -12.534 -13.266 -13.240 -13.640 -14.012 -14.404 -14.630 -14.960 -15.044 -14.943
2.700 -4.181 -3.274 -6.396 -9.401 -11.030 -11.670 -12.494 -12.361 -13.118 -13.103 -13.511 -13.899 -14.314 -14.555 -14.913 -15.021 -14.935
2.800 -3.883 -2.837 -6.100 -9.119 -10.804 -11.468 -12.319 -12.188 -12.969 -12.966 -13.381 -13.785 -14.222 -14.478 -14.863 -14.996 -14.926
2.900 -3.591 -2.400 -5.807 -8.836 -10.579 -11.265 -12.143 -12.014 -12.817 -12.828 -13.250 -13.668 -14.127 -14.399 -14.812 -14.968 -14.915
3.000 -3.303 -1.962 -5.518 -8.552 -10.352 -11.061 -11.966 -11.839 -12.665 -12.689 -13.117 -13.549 -14.031 -14.317 -14.758 -14.940 -14.903
3.100 -3.015 -1.516 -5.228 -8.264 -10.123 -10.853 -11.786 -11.662 -12.510 -12.548 -12.981 -13.428 -13.931 -14.233 -14.703 -14.909 -14.890
3.200 -2.737 -1.068 -4.947 -7.982 -9.900 -10.654 -11.613 -11.492 -12.361 -12.413 -12.852 -13.313 -13.836 -14.152 -14.647 -14.875 -14.871
3.300 -2.477 -0.623 -4.683 -7.712 -9.693 -10.469 -11.455 -11.337 -12.227 -12.292 -12.736 -13.208 -13.750 -14.078 -14.594 -14.839 -14.844
3.400 -2.214 -0.169 -4.415 -7.434 -9.479 -10.278 -11.291 -11.176 -12.086 -12.166 -12.614 -13.099 -13.659 -14.000 -14.538 -14.800 -14.818
3.500 -1.954 0.286 -4.150 -7.154 -9.262 -10.084 -11.123 -11.012 -11.942 -12.037 -12.489 -12.986 -13.566 -13.920 -14.480 -14.761 -14.791
3.600 -1.694 0.740 -3.885 -6.870 -9.042 -9.886 -10.951 -10.845 -11.794 -11.904 -12.360 -12.869 -13.468 -13.836 -14.419 -14.721 -14.764
3.700 -1.437 1.185 -3.623 -6.587 -8.819 -9.685 -10.776 -10.674 -11.642 -11.767 -12.227 -12.749 -13.367 -13.748 -14.356 -14.678 -14.735
3.800 -1.244 1.502 -3.426 -6.373 -8.647 -9.528 -10.636 -10.537 -11.518 -11.654 -12.117 -12.646 -13.279 -13.669 -14.295 -14.632 -14.699
3.900 -1.191 1.555 -3.373 -6.321 -8.594 -9.475 -10.583 -10.484 -11.466 -11.602 -12.064 -12.594 -13.226 -13.616 -14.242 -14.579 -14.646
4.000 -1.138 1.608 -3.320 -6.267 -8.541 -9.422 -10.530 -10.431 -11.412 -11.548 -12.011 -12.540 -13.173 -13.563 -14.189 -14.526 -14.593
4.100 -1.084 1.662 -3.266 -6.214 -8.487 -9.368 -10.476 -10.377 -11.359 -11.495 -11.957 -12.487 -13.119 -13.509 -14.135 -14.473 -14.540
4.200 -1.030 1.715 -3.213 -6.160 -8.434 -9.315 -10.423 -10.323 -11.305 -11.441 -11.904 -12.433 -13.065 -13.456 -14.081 -14.419 -14.486
4.300 -0.976 1.769 -3.159 -6.106 -8.380 -9.261 -10.368 -10.269 -11.251 -11.387 -11.849 -12.379 -13.011 -13.402 -14.027 -14.365 -14.432
4.400 -0.922 1.824 -3.104 -6.052 -8.325 -9.206 -10.314 -10.215 -11.196 -11.333 -11.795 -12.324 -12.957 -13.347 -13.973 -14.310 -14.377
4.500 -0.867 1.878 -3.050 -5.997 -8.271 -9.152 -10.260 -10.160 -11.142 -11.278 -11.741 -12.270 -12.903 -13.293 -13.918 -14.256 -14.323
4.600 -0.813 1.933 -2.995 -5.943 -8.216 -9.097 -10.205 -10.106 -11.088 -11.224 -11.686 -12.216 -12.848 -13.238 -13.864 -14.202 -14.269
4.700 -0.759 1.987 -2.941 -5.888 -8.162 -9.043 -10.151 -10.052 -11.033 -11.170 -11.632 -12.161 -12.794 -13.184 -13.810 -14.147 -14.214
4.800 -0.704 2.041 -2.887 -5.834 -8.108 -8.989 -10.097 -9.997 -10.979 -11.115 -11.578 -12.107 -12.740 -13.130 -13.755 -14.093 -14.160
4.900 -0.651 2.095 -2.833 -5.780 -8.054 -8.935 -10.043 -9.944 -10.925 -11.061 -11.524 -12.053 -12.686 -13.076 -13.701 -14.039 -14.106
5.000 -0.597 2.148 -2.780 -5.727 -8.001 -8.882 -9.989 -9.890 -10.872 -11.008 -11.470 -12.000 -12.632 -13.023 -13.648 -13.986 -14.053
5.100 -0.544 2.201 -2.727 -5.674 -7.948 -8.829 -9.937 -9.837 -10.819 -10.955 -11.418 -11.947 -12.579 -12.970 -13.595 -13.933 -14.000
5.200 -0.492 2.254 -2.674 -5.622 -7.895 -8.776 -9.884 -9.785 -10.767 -10.903 -11.365 -11.895 -12.527 -12.917 -13.543 -13.881 -13.948
5.300 -0.440 2.305 -2.623 -5.570 -7.844 -8.725 -9.833 -9.733 -10.715 -10.851 -11.314 -11.843 -12.476 -12.866 -13.491 -13.829 -13.896
5.400 -0.390 2.356 -2.572 -5.519 -7.793 -8.674 -9.782 -9.683 -10.664 -10.800 -11.263 -11.792 -12.425 -12.815 -13.441 -13.778 -13.845
5.500 -0.340 2.406 -2.522 -5.469 -7.743 -8.624 -9.732 -9.633 -10.614 -10.751 -11.213 -11.742 -12.375 -12.765 -13.391 -13.728 -13.795
5.600 -0.291 2.455 -2.473 -5.420 -7.694 -8.575 -9.683 -9.584 -10.565 -10.701 -11.164 -11.693 -12.326 -12.716 -13.342 -13.679 -13.746
5.700 -0.243 2.503 -2.425 -5.372 -7.646 -8.527 -9.635 -9.535 -10.517 -10.653 -11.116 -11.645 -12.278 -12.668 -13.293 -13.631 -13.698
5.800 -0.195 2.550 -2.378 -5.325 -7.599 -8.480 -9.588 -9.488 -10.470 -10.606 -11.069 -11.598 -12.231 -12.621 -13.246 -13.584 -13.651
5.900 -0.150 2.596 -2.332 -5.279 -7.553 -8.434 -9.542 -9.443 -10.424 -10.560 -11.023 -11.552 -12.185 -12.575 -13.201 -13.538 -13.605
6.000 -0.105 2.641 -2.287 -5.235 -7.508 -8.389 -9.497 -9.398 -10.379 -10.516 -10.978 -11.507 -12.140 -12.530 -13.156 -13.493 -13.560
6.100 -0.061 2.685 -2.243 -5.191 -7.464 -8.345 -9.453 -9.354 -10.336 -10.472 -10.934 -11.464 -12.096 -12.486 -13.112 -13.450 -13.517
6.200 -0.018 2.727 -2.201 -5.148 -7.422 -8.303 -9.411 -9.311 -10.293 -10.429 -10.892 -11.421 -12.054 -12.444 -13.069 -13.407 -13.474
6.300 0.023 2.769 -2.159 -5.107 -7.380 -8.261 -9.369 -9.270 -10.252 -10.388 -10.850 -11.380 -12.012 -12.402 -13.028 -13.365 -13.433
6.400 0.063 2.809 -2.119 -5.066 -7.340 -8.221 -9.329 -9.230 -10.211 -10.347 -10.810 -11.339 -11.972 -12.362 -12.988 -13.325 -13.392
6.500 0.103 2.848 -2.080 -5.027 -7.301 -8.182 -9.290 -9.190 -10.172 -10.308 -10.771 -11.300 -11.933 -12.323 -12.948 -13.286 -13.353
6.600 0.141 2.886 -2.042 -4.989 -7.263 -8.144 -9.252 -9.152 -10.134 -10.270 -10.733 -11.262 -11.894 -12.285 -12.910 -13.248 -13.315
6.700 0.178 2.923 -2.005 -4.952 -7.226 -8.107 -9.215 -9.115 -10.097 -10.233 -10.696 -11.225 -11.857 -12.248 -12.873 -13.211 -13.278
6.800 0.214 2.959 -1.969 -4.916 -7.190 -8.071 -9.179 -9.079 -10.061 -10.197 -10.660 -11.189 -11.821 -12.212 -12.837 -13.175 -13.242
6.900 0.249 2.994 -1.934 -4.881 -7.155 -8.036 -9.144 -9.044 -10.026 -10.162 -10.625 -11.154 -11.786 -12.177 -12.802 -13.140 -13.207
7.000 0.283 3.028 -1.900 -4.847 -7.121 -8.002 -9.110 -9.010 -9.992 -10.128 -10.591 -11.120 -11.752 -12.143 -12.768 -13.106 -13.173
7.100 0.316 3.061 -1.867 -4.814 -7.088 -7.969 -9.076 -8.977 -9.959 -10.095 -10.557 -11.087 -11.719 -12.110 -12.735 -13.073 -13.140
7.200 0.348 3.094 -1.834 -4.782 -7.055 -7.936 -9.044 -8.945 -9.927 -10.063 -10.525 -11.055 -11.687 -12.077 -12.703 -13.041 -13.108
7.300 0.379 3.125 -1.803 -4.750 -7.024 -7.905 -9.013 -8.914 -9.895 -10.032 -10.494 -11.023 -11.656 -12.046 -12.672 -13.009 -13.076
7.400 0.410 3.155 -1.773 -4.720 -6.994 -7.875 -8.982 -8.883 -9.865 -10.001 -10.463 -10.993 -11.625 -12.016 -12.641 -12.979 -13.046
7.500 0.440 3.185 -1.743 -4.690 -6.964 -7.845 -8.953 -8.853 -9.835 -9.971 -10.434 -10.963 -11.595 -11.986 -12.611 -12.949 -13.016
7.600 0.469 3.214 -1.714 -4.661 -6.935 -7.816 -8.924 -8.824 -9.806 -9.942 -10.405 -10.934 -11.566 -11.957 -12.582 -12.920 -12.987
7.700 0.497 3.243 -1.685 -4.633 -6.906 -7.787 -8.895 -8.796 -9.778 -9.914 -10.376 -10.906 -11.538 -11.928 -12.554 -12.892 -12.959
7.800 0.525 3.270 -1.658 -4.605 -6.879 -7.760 -8.868 -8.768 -9.750 -9.886 -10.349 -10.878 -11.510 -11.901 -12.526 -12.864 -12.931
7.900 0.552 3.297 -1.631 -4.578 -6.852 -7.733 -8.840 -8.741 -9.723 -9.859 -10.321 -10.851 -11.483 -11.874 -12.499 -12.837 -12.904
8.000 0.578 3.324 -1.604 -4.551 -6.825 -7.706 -8.814 -8.715 -9.696 -9.832 -10.295 -10.824 -11.457 -11.847 -12.473 -12.810 -12.877
8.100 0.604 3.350 -1.578 -4.525 -6.799 -7.680 -8.788 -8.689 -9.670 -9.806 -10.269 -10.798 -11.431 -11.821 -12.447 -12.784 -12.851
8.200 0.630 3.375 -1.553 -4.500 -6.774 -7.655 -8.762 -8.663 -9.645 -9.781 -10.243 -10.773 -11.405 -11.796 -12.421 -12.759 -12.826
8.300 0.655 3.400 -1.528 -4.475 -6.749 -7.630 -8.737 -8.638 -9.620 -9.756 -10.218 -10.748 -11.380 -11.771 -12.396 -12.734 -12.801
8.400 0.679 3.425 -1.503 -4.450 -6.724 -7.605 -8.713 -8.614 -9.595 -9.732 -10.194 -10.723 -11.356 -11.746 -12.372 -12.709 -12.776
8.500 0.703 3.449 -1.479 -4.426 -6.700 -7.581 -8.689 -8.590 -9.571 -9.707 -10.170 -10.699 -11.332 -11.722 -12.348 -12.685 -12.752
8.600 0.727 3.473 -1.455 -4.403 -6.676 -7.557 -8.665 -8.566 -9.548 -9.684 -10.146 -10.676 -11.308 -11.698 -12.324 -12.661 -12.728
8.700 0.750 3.496 -1.432 -4.379 -6.653 -7.534 -8.642 -8.543 -9.524 -9.660 -10.123 -10.652 -11.285 -11.675 -12.301 -12.638 -12.705
8.800 0.773 3.519 -1.409 -4.356 -6.630 -7.511 -8.619 -8.520 -9.501 -9.637 -10.100 -10.629 -11.262 -11.652 -12.278 -12.615 -12.682
8.900 0.796 3.542 -1.386 -4.334 -6.607 -7.488 -8.596 -8.497 -9.479 -9.615 -10.077 -10.607 -11.239 -11.629 -12.255 -12.593 -12.660
9.000 0.818 3.564 -1.364 -4.312 -6.585 -7.466 -8.574 -8.475 -9.456 -9.593 -10.055 -10.584 -11.217 -11.607 -12.233 -12.570 -12.637
9.100 0.840 3.586 -1.342 -4.290 -6.563 -7.444 -8.552 -8.453 -9.434 -9.571 -10.033 -10.563 -11.195 -11.585 -12.211 -12.548 -12.615
9.200 0.862 3.607 -1.321 -4.268 -6.542 -7.423 -8.530 -8.431 -9.413 -9.549 -10.011 -10.541 -11.173 -11.564 -12.189 -12.527 -12.594
9.300 0.883 3.629 -1.299 -4.247 -6.520 -7.401 -8.509 -8.410 -9.391 -9.528 -9.990 -10.520 -11.152 -11.542 -12.168 -12.505 -12.572
9.400 0.904 3.650 -1.278 -4.225 -6.499 -7.380 -8.488 -8.389 -9.370 -9.507 -9.969 -10.498 -11.131 -11.521 -12.147 -12.484 -12.551
9.500 0.925 3.671 -1.257 -4.205 -6.478 -7.359 -8.467 -8.368 -9.350 -9.486 -9.948 -10.478 -11.110 -11.500 -12.126 -12.463 -12.530
9.600 0.946 3.691 -1.237 -4.184 -6.458 -7.339 -8.447 -8.347 -9.329 -9.465 -9.928 -10.457 -11.089 -11.480 -12.105 -12.443 -12.510
9.700 0.966 3.712 -1.216 -4.164 -6.437 -7.318 -8.426 -8.327 -9.309 -9.445 -9.907 -10.437 -11.069 -11.459 -12.085 -12.423 -12.490
9.800 0.986 3.732 -1.196 -4.144 -6.417 -7.298 -8.406 -8.307 -9.289 -9.425 -9.887 -10.417 -11.049 -11.439 -12.065 -12.402 -12.470
9.900 1.006 3.751 -1.177 -4.124 -6.398 -7.279 -8.386 -8.287 -9.269 -9.405 -9.867 -10.397 -11.029 -11.420 -12.045 -12.383 -12.450
10.000 1.025 3.771 -1.157 -4.104 -6.378 -7.259 -8.367 -8.267 -9.249 -9.385 -9.848 -10.377 -11.010 -11.400 -12.025 -12.363 -12.430
10.100 1.045 3.790 -1.137 -4.085 -6.358 -7.239 -8.347 -8.248 -9.230 -9.366 -9.828 -10.358 -10.990 -11.380 -12.006 -12.344 -12.411
10.200 1.064 3.810 -1.118 -4.066 -6.339 -7.220 -8.328 -8.229 -9.211 -9.347 -9.809 -10.339 -10.971 -11.361 -11.987 -12.324 -12.391
10.300 1.083 3.829 -1.099 -4.047 -6.320 -7.201 -8.309 -8.210 -9.192 -9.328 -9.790 -10.320 -10.952 -11.342 -11.968 -12.305 -12.372
10.400 1.102 3.847 -1.080 -4.028 -6.301 -7.182 -8.290 -8.191 -9.173 -9.309 -9.771 -10.301 -10.933 -11.323 -11.949 -12.287 -12.354
10.500 1.120 3.866 -1.062 -4.009 -6.283 -7.164 -8.272 -8.172 -9.154 -9.290 -9.753 -10.282 -10.915 -11.305 -11.930 -12.268 -12.335
10.600 1.139 3.884 -1.043 -3.991 -6.264 -7.145 -8.253 -8.154 -9.136 -9.272 -9.734 -10.264 -10.896 -11.286 -11.912 -12.250 -12.317
10.700 1.157 3.903 -1.025 -3.973 -6.246 -7.127 -8.235 -8.136 -9.117 -9.254 -9.716 -10.246 -10.878 -11.268 -11.894 -12.231 -12.298
10.800 1.175 3.921 -1.007 -3.955 -6.228 -7.109 -8.217 -8.118 -9.099 -9.236 -9.698 -10.227 -10.860 -11.250 -11.876 -12.213 -12.280
10.900 1.193 3.939 -0.989 -3.937 -6.210 -7.091 -8.199 -8.100 -9.082 -9.218 -9.680 -10.210 -10.842 -11.232 -11.858 -12.195 -12.262
11.000 1.211 3.956 -0.972 -3.919 -6.193 -7.074 -8.181 -8.082 -9.064 -9.200 -9.662 -10.192 -10.824 -11.215 -11.840 -12.178 -12.245
11.100 1.228 3.974 -0.954 -3.901 -6.175 -7.056 -8.164 -8.065 -9.046 -9.182 -9.645 -10.174 -10.807 -11.197 -11.823 -12.160 -12.227
11.200 1.246 3.991 -0.937 -3.884 -6.158 -7.039 -8.146 -8.047 -9.029 -9.165 -9.627 -10.157 -10.789 -11.180 -11.805 -12.143 -12.210
11.300 1.263 4.009 -0.919 -3.867 -6.140 -7.021 -8.129 -8.030 -9.012 -9.148 -9.610 -10.140 -10.772 -11.162 -11.788 -12.125 -12.193
11.400 1.280 4.026 -0.902 -3.850 -6.123 -7.004 -8.112 -8.013 -8.995 -9.131 -9.593 -10.123 -10.755 -11.145 -11.771 -12.108 -12.175
11.500 1.297 4.043 -0.885 -3.833 -6.106 -6.987 -8.095 -7.996 -8.978 -9.114 -9.576 -10.106 -10.738 -11.128 -11.754 -12.091 -12.159
11.600 1.314 4.059 -0.869 -3.816 -6.090 -6.971 -8.078 -7.979 -8.961 -9.097 -9.559 -10.089 -10.721 -11.112 -11.737 -12.075 -12.142
11.700 1.330 4.076 -0.852 -3.799 -6.073 -6.954 -8.062 -7.963 -8.944 -9.080 -9.543 -10.072 -10.705 -11.095 -11.721 -12.058 -12.125
11.800 1.347 4.092 -0.835 -3.783 -6.056 -6.937 -8.045 -7.946 -8.928 -9.064 -9.526 -10.056 -10.688 -11.078 -11.704 -12.042 -12.109
11.900 1.363 4.109 -0.819 -3.766 -6.040 -6.921 -8.029 -7.930 -8.911 -9.048 -9.510 -10.039 -10.672 -11.062 -11.688 -12.025 -12.092
12.000 1.379 4.125 -0.803 -3.750 -6.024 -6.905 -8.013 -7.914 -8.895 -9.031 -9.494 -10.023 -10.656 -11.046 -11.671 -12.009 -12.076
12.100 1.396 4.141 -0.787 -3.734 -6.008 -6.889 -7.997 -7.897 -8.879 -9.015 -9.478 -10.007 -10.640 -11.030 -11.655 -11.993 -12.060
12.200 1.411 4.157 -0.771 -3.718 -5.992 -6.873 -7.981 -7.882 -8.863 -8.999 -9.462 -9.991 -10.624 -11.014 -11.639 -11.977 -12.044
12.300 1.427 4.173 -0.755 -3.702 -5.976 -6.857 -7.965 -7.866 -8.847 -8.984 -9.446 -9.975 -10.608 -10.998 -11.624 -11.961 -12.028
12.400 1.443 4.189 -0.739 -3.687 -5.960 -6.841 -7.949 -7.850 -8.832 -8.968 -9.430 -9.960 -10.592 -10.982 -11.608 -11.946 -12.013
12.500 1.459 4.204 -0.724 -3.671 -5.945 -6.826 -7.934 -7.834 -8.816 -8.952 -9.415 -9.944 -10.577 -10.967 -11.592 -11.930 -11.997
12.600 1.474 4.220 -0.708 -3.656 -5.929 -6.810 -7.918 -7.819 -8.801 -8.937 -9.399 -9.929 -10.561 -10.951 -11.577 -11.915 -11.982
12.700 1.489 4.235 -0.693 -3.640 -5.914 -6.795 -7.903 -7.804 -8.785 -8.922 -9.384 -9.913 -10.546 -10.936 -11.562 -11.899 -11.966
12.800 1.504 4.250 -0.678 -3.625 -5.899 -6.780 -7.888 -7.789 -8.770 -8.906 -9.369 -9.898 -10.531 -10.921 -11.546 -11.884 -11.951
12.900 1.520 4.265 -0.663 -3.610 -5.884 -6.765 -7.873 -7.773 -8.755 -8.891 -9.354 -9.883 -10.516 -10.906 -11.531 -11.869 -11.936
13.000 1.534 4.280 -0.648 -3.595 -5.869 -6.750 -7.858 -7.759 -8.740 -8.876 -9.339 -9.868 -10.501 -10.891 -11.516 -11.854 -11.921
13.100 1.549 4.295 -0.633 -3.580 -5.854 -6.735 -7.843 -7.744 -8.725 -8.861 -9.324 -9.853 -10.486 -10.876 -11.502 -11.839 -11.906
13.200 1.564 4.310 -0.618 -3.566 -5.839 -6.720 -7.828 -7.729 -8.711 -8.847 -9.309 -9.839 -10.471 -10.861 -11.487 -11.824 -11.891
13.300 1.579 4.324 -0.604 -3.551 -5.825 -6.706 -7.814 -7.714 -8.696 -8.832 -9.295 -9.824 -10.456 -10.847 -11.472 -11.810 -11.877
13.400 1.593 4.339 -0.589 -3.537 -5.810 -6.691 -7.799 -7.700 -8.681 -8.818 -9.280 -9.810 -10.442 -10.832 -11.458 -11.795 -11.862
13.500 1.608 4.353 -0.575 -3.522 -5.796 -6.677 -7.785 -7.685 -8.667 -8.803 -9.266 -9.795 -10.427 -10.818 -11.443 -11.781 -11.848
13.600 1.622 4.367 -0.560 -3.508 -5.781 -6.662 -7.770 -7.671 -8.653 -8.789 -9.251 -9.781 -10.413 -10.803 -11.429 -11.767 -11.834
13.700 1.636 4.382 -0.546 -3.494 -5.767 -6.648 -7.756 -7.657 -8.639 -8.775 -9.237 -9.767 -10.399 -10.789 -11.415 -11.752 -11.819
13.800 1.650 4.396 -0.532 -3.480 -5.753 -6.634 -7.742 -7.643 -8.624 -8.761 -9.223 -9.753 -10.385 -10.775 -11.401 -11.738 -11.805
13.900 1.664 4.410 -0.518 -3.466 -5.739 -6.620 -7.728 -7.629 -8.610 -8.747 -9.209 -9.739 -10.371 -10.761 -11.387 -11.724 -11.791
14.000 1.678 4.424 -0.504 -3.452 -5.725 -6.606 -7.714 -7.615 -8.597 -8.733 -9.195 -9.725 -10.357 -10.747 -11.373 -11.710 -11.777
14.100 1.692 4.437 -0.491 -3.438 -5.712 -6.593 -7.700 -7.601 -8.583 -8.719 -9.181 -9.711 -10.343 -10.734 -11.359 -11.697 -11.764
14.200 1.706 4.451 -0.477 -3.424 -5.698 -6.579 -7.687 -7.587 -8.569 -8.705 -9.168 -9.697 -10.330 -10.720 -11.345 -11.683 -11.750
14.300 1.719 4.465 -0.463 -3.411 -5.684 -6.565 -7.673 -7.574 -8.555 -8.692 -9.154 -9.684 -10.316 -10.706 -11.332 -11.669 -11.736
14.400 1.733 4.478 -0.450 -3.397 -5.671 -6.552 -7.660 -7.560 -8.542 -8.678 -9.141 -9.670 -10.302 -10.693 -11.318 -11.656 -11.723
14.500 1.746 4.492 -0.436 -3.384 -5.657 -6.538 -7.646 -7.547 -8.529 -8.665 -9.127 -9.657 -10.289 -10.679 -11.305 -11.642 -11.709
14.600 1.759 4.505 -0.423 -3.370 -5.644 -6.525 -7.633 -7.534 -8.515 -8.651 -9.114 -9.643 -10.276 -10.666 -11.292 -11.629 -11.696
14.700 1.773 4.518 -0.410 -3.357 -5.631 -6.512 -7.620 -7.520 -8.502 -8.638 -9.101 -9.630 -10.262 -10.653 -11.278 -11.616 -11.683
14.800 1.786 4.531 -0.397 -3.344 -5.618 -6.499 -7.606 -7.507 -8.489 -8.625 -9.087 -9.617 -10.249 -10.640 -11.265 -11.603 -11.670
14.900 1.799 4.544 -0.383 -3.331 -5.604 -6.485 -7.593 -7.494 -8.476 -8.612 -9.074 -9.604 -10.236 -10.626 -11.252 -11.590 -11.657
15.000 1.812 4.557 -0.371 -3.318 -5.592 -6.473 -7.580 -7.481 -8.463 -8.599 -9.061 -9.591 -10.223 -10.614 -11.239 -11.577 -11.644
