# day W2 M2 W1 u B g V c r w o i z y J H K
0.000 -7.016 -6.877 -6.709 -6.021 -5.702 -5.543 -5.265 -5.374 -5.031 -5.192 -4.902 -4.642 -4.347 -4.117 -3.648 -3.035 -2.463
0.100 -12.081 -12.276 -12.357 -12.479 -12.402 -12.347 -12.236 -12.275 -12.122 -12.177 -12.054 -11.907 -11.721 -11.565 -11.232 -10.747 -10.267
0.200 -12.342 -12.643 -12.837 -13.231 -13.239 -13.216 -13.157 -13.176 -13.077 -13.105 -13.027 -12.910 -12.754 -12.619 -12.323 -11.876 -11.424
0.300 -12.359 -12.728 -13.011 -13.600 -13.673 -13.676 -13.655 -13.659 -13.602 -13.611 -13.565 -13.470 -13.335 -13.213 -12.944 -12.522 -12.090
0.400 -12.298 -12.717 -13.076 -13.821 -13.948 -13.973 -13.984 -13.977 -13.953 -13.948 -13.928 -13.851 -13.733 -13.623 -13.375 -12.973 -12.557
0.500 -12.198 -12.655 -13.082 -13.959 -14.135 -14.181 -14.221 -14.204 -14.209 -14.191 -14.195 -14.133 -14.031 -13.931 -13.701 -13.316 -12.913
0.600 -12.079 -12.567 -13.057 -14.050 -14.270 -14.333 -14.400 -14.374 -14.407 -14.378 -14.402 -14.355 -14.266 -14.175 -13.961 -13.592 -13.200
0.700 -11.953 -12.464 -13.012 -14.109 -14.370 -14.450 -14.540 -14.507 -14.565 -14.527 -14.569 -14.535 -14.459 -14.377 -14.177 -13.822 -13.440
0.800 -11.821 -12.351 -12.954 -14.145 -14.444 -14.540 -14.653 -14.612 -14.693 -14.647 -14.706 -14.685 -14.621 -14.547 -14.360 -14.018 -13.645
0.900 -11.680 -12.226 -12.882 -14.160 -14.496 -14.607 -14.742 -14.694 -14.798 -14.745 -14.819 -14.810 -14.758 -14.691 -14.518 -14.187 -13.824
1.000 -11.531 -12.088 -12.797 -14.158 -14.530 -14.656 -14.811 -14.757 -14.882 -14.822 -14.912 -14.914 -14.874 -14.814 -14.654 -14.335 -13.980
1.100 -11.391 -11.957 -12.715 -14.152 -14.557 -14.696 -14.870 -14.812 -14.956 -14.891 -14.994 -15.007 -14.978 -14.925 -14.777 -14.469 -14.122
1.200 -11.234 -11.806 -12.615 -14.126 -14.564 -14.718 -14.912 -14.848 -15.012 -14.942 -15.058 -15.083 -15.065 -15.019 -14.883 -14.586 -14.247
1.300 -11.089 -11.665 -12.521 -14.101 -14.571 -14.737 -14.949 -14.880 -15.063 -14.988 -15.117 -15.152 -15.145 -15.106 -14.981 -14.694 -14.363
1.400 -10.928 -11.505 -12.411 -14.058 -14.561 -14.741 -14.971 -14.898 -15.099 -15.020 -15.161 -15.207 -15.211 -15.179 -15.066 -14.789 -14.465
1.500 -10.780 -11.356 -12.308 -14.018 -14.551 -14.744 -14.992 -14.914 -15.133 -15.050 -15.203 -15.259 -15.273 -15.248 -15.147 -14.878 -14.557
1.600 -10.618 -11.190 -12.191 -13.965 -14.529 -14.734 -15.000 -14.918 -15.156 -15.069 -15.233 -15.300 -15.325 -15.307 -15.217 -14.957 -14.641
1.700 -10.456 -11.023 -12.072 -13.906 -14.501 -14.719 -15.003 -14.917 -15.172 -15.083 -15.257 -15.335 -15.371 -15.360 -15.281 -15.030 -14.719
1.800 -10.299 -10.859 -11.956 -13.847 -14.471 -14.702 -15.003 -14.912 -15.185 -15.093 -15.278 -15.366 -15.412 -15.408 -15.341 -15.098 -14.792
1.900 -10.131 -10.681 -11.827 -13.776 -14.431 -14.675 -14.993 -14.899 -15.188 -15.094 -15.290 -15.388 -15.445 -15.448 -15.393 -15.159 -14.858
2.000 -9.962 -10.499 -11.696 -13.701 -14.386 -14.643 -14.978 -14.880 -15.187 -15.091 -15.297 -15.405 -15.473 -15.483 -15.440 -15.216 -14.920
2.100 -9.800 -10.324 -11.569 -13.627 -14.342 -14.610 -14.962 -14.861 -15.184 -15.087 -15.302 -15.420 -15.499 -15.516 -15.484 -15.269 -14.979
2.200 -9.628 -10.135 -11.431 -13.543 -14.288 -14.570 -14.938 -14.834 -15.174 -15.075 -15.300 -15.428 -15.518 -15.542 -15.522 -15.317 -15.033
2.300 -9.450 -9.937 -11.286 -13.451 -14.227 -14.522 -14.907 -14.800 -15.157 -15.057 -15.292 -15.429 -15.531 -15.562 -15.555 -15.360 -15.082
2.400 -9.279 -9.746 -11.147 -13.361 -14.168 -14.475 -14.877 -14.767 -15.140 -15.040 -15.283 -15.431 -15.543 -15.582 -15.587 -15.402 -15.130
2.500 -9.105 -9.548 -11.002 -13.266 -14.103 -14.422 -14.842 -14.729 -15.118 -15.018 -15.270 -15.427 -15.551 -15.597 -15.614 -15.440 -15.174
2.600 -8.924 -9.340 -10.850 -13.163 -14.031 -14.364 -14.800 -14.685 -15.091 -14.990 -15.251 -15.419 -15.554 -15.607 -15.638 -15.473 -15.214
2.700 -8.738 -9.124 -10.692 -13.053 -13.953 -14.299 -14.753 -14.635 -15.058 -14.957 -15.227 -15.405 -15.552 -15.613 -15.657 -15.504 -15.251
2.800 -8.556 -8.910 -10.535 -12.943 -13.875 -14.234 -14.704 -14.584 -15.023 -14.924 -15.202 -15.390 -15.548 -15.617 -15.674 -15.532 -15.286
2.900 -8.375 -8.695 -10.379 -12.831 -13.795 -14.167 -14.654 -14.532 -14.987 -14.889 -15.175 -15.373 -15.543 -15.619 -15.690 -15.558 -15.319
3.000 -8.189 -8.470 -10.215 -12.712 -13.708 -14.093 -14.598 -14.474 -14.946 -14.848 -15.143 -15.351 -15.533 -15.617 -15.701 -15.581 -15.349
3.100 -7.996 -8.236 -10.045 -12.585 -13.614 -14.013 -14.536 -14.410 -14.898 -14.803 -15.105 -15.324 -15.518 -15.611 -15.709 -15.601 -15.376
3.200 -7.800 -7.994 -9.869 -12.452 -13.516 -13.929 -14.470 -14.342 -14.847 -14.754 -15.064 -15.293 -15.500 -15.601 -15.714 -15.618 -15.401
3.300 -7.607 -7.753 -9.696 -12.319 -13.417 -13.844 -14.403 -14.273 -14.795 -14.704 -15.022 -15.261 -15.481 -15.590 -15.717 -15.633 -15.424
3.400 -7.417 -7.512 -9.523 -12.185 -13.317 -13.758 -14.334 -14.203 -14.741 -14.653 -14.978 -15.228 -15.460 -15.578 -15.719 -15.647 -15.446
3.500 -7.220 -7.260 -9.342 -12.043 -13.209 -13.665 -14.259 -14.127 -14.682 -14.597 -14.930 -15.190 -15.435 -15.561 -15.718 -15.658 -15.465
3.600 -7.020 -7.000 -9.157 -11.894 -13.097 -13.567 -14.180 -14.047 -14.619 -14.537 -14.877 -15.148 -15.406 -15.541 -15.714 -15.667 -15.482
3.700 -6.816 -6.732 -8.967 -11.740 -12.979 -13.465 -14.096 -13.962 -14.551 -14.474 -14.821 -15.102 -15.374 -15.518 -15.707 -15.673 -15.497
3.800 -6.610 -6.457 -8.774 -11.580 -12.857 -13.358 -14.008 -13.873 -14.480 -14.407 -14.761 -15.053 -15.339 -15.493 -15.697 -15.677 -15.510
3.900 -6.407 -6.182 -8.581 -11.419 -12.734 -13.250 -13.919 -13.784 -14.407 -14.339 -14.700 -15.003 -15.303 -15.466 -15.686 -15.680 -15.521
4.000 -6.205 -5.904 -8.389 -11.256 -12.609 -13.140 -13.829 -13.693 -14.333 -14.270 -14.638 -14.951 -15.265 -15.437 -15.674 -15.682 -15.532
4.100 -5.998 -5.617 -8.190 -11.085 -12.478 -13.024 -13.732 -13.596 -14.254 -14.197 -14.571 -14.895 -15.223 -15.405 -15.659 -15.681 -15.540
4.200 -5.789 -5.322 -7.989 -10.909 -12.342 -12.904 -13.632 -13.496 -14.171 -14.120 -14.501 -14.836 -15.178 -15.370 -15.642 -15.679 -15.547
4.300 -5.576 -5.018 -7.782 -10.726 -12.200 -12.779 -13.527 -13.391 -14.084 -14.040 -14.426 -14.773 -15.130 -15.332 -15.622 -15.674 -15.552
4.400 -5.362 -4.706 -7.572 -10.537 -12.054 -12.650 -13.418 -13.283 -13.993 -13.956 -14.349 -14.707 -15.080 -15.292 -15.600 -15.667 -15.555
4.500 -5.146 -4.389 -7.359 -10.344 -11.904 -12.517 -13.306 -13.171 -13.899 -13.870 -14.269 -14.638 -15.026 -15.249 -15.575 -15.658 -15.556
4.600 -4.932 -4.069 -7.148 -10.148 -11.752 -12.382 -13.192 -13.058 -13.804 -13.783 -14.187 -14.568 -14.972 -15.205 -15.550 -15.648 -15.557
4.700 -4.719 -3.747 -6.936 -9.950 -11.598 -12.246 -13.077 -12.944 -13.707 -13.695 -14.104 -14.496 -14.915 -15.160 -15.523 -15.638 -15.556
4.800 -4.503 -3.415 -6.721 -9.746 -11.439 -12.104 -12.956 -12.825 -13.606 -13.603 -14.018 -14.420 -14.856 -15.111 -15.494 -15.625 -15.554
4.900 -4.285 -3.075 -6.502 -9.535 -11.275 -11.958 -12.832 -12.702 -13.501 -13.507 -13.928 -14.342 -14.794 -15.060 -15.463 -15.610 -15.550
5.000 -4.064 -2.728 -6.281 -9.319 -11.107 -11.808 -12.704 -12.576 -13.393 -13.410 -13.835 -14.260 -14.729 -15.006 -15.429 -15.593 -15.545
5.100 -3.842 -2.372 -6.056 -9.097 -10.934 -11.654 -12.572 -12.446 -13.281 -13.309 -13.739 -14.175 -14.661 -14.950 -15.394 -15.575 -15.538
5.200 -3.618 -2.010 -5.830 -8.871 -10.758 -11.497 -12.437 -12.314 -13.166 -13.205 -13.640 -14.088 -14.591 -14.892 -15.356 -15.555 -15.530
5.300 -3.395 -1.643 -5.604 -8.641 -10.578 -11.337 -12.300 -12.179 -13.049 -13.100 -13.539 -13.999 -14.519 -14.831 -15.317 -15.534 -15.520
5.400 -3.174 -1.275 -5.379 -8.409 -10.398 -11.175 -12.161 -12.043 -12.931 -12.994 -13.437 -13.908 -14.445 -14.770 -15.276 -15.511 -15.509
5.500 -2.954 -0.906 -5.156 -8.177 -10.217 -11.014 -12.022 -11.906 -12.812 -12.888 -13.335 -13.817 -14.371 -14.707 -15.235 -15.488 -15.498
5.600 -2.734 -0.532 -4.932 -7.941 -10.033 -10.849 -11.879 -11.767 -12.690 -12.779 -13.230 -13.722 -14.294 -14.642 -15.191 -15.463 -15.485
5.700 -2.515 -0.156 -4.707 -7.702 -9.847 -10.681 -11.734 -11.626 -12.566 -12.668 -13.122 -13.626 -14.215 -14.575 -15.146 -15.436 -15.471
5.800 -2.297 0.219 -4.485 -7.462 -9.659 -10.513 -11.588 -11.483 -12.440 -12.556 -13.014 -13.528 -14.134 -14.506 -15.099 -15.408 -15.456
5.900 -2.081 0.590 -4.265 -7.223 -9.471 -10.343 -11.440 -11.339 -12.313 -12.442 -12.903 -13.428 -14.051 -14.436 -15.050 -15.378 -15.439
6.000 -1.955 0.791 -4.137 -7.084 -9.358 -10.239 -11.347 -11.248 -12.230 -12.366 -12.828 -13.358 -13.990 -14.381 -15.006 -15.344 -15.411
6.100 -1.917 0.829 -4.099 -7.046 -9.320 -10.201 -11.309 -11.210 -12.192 -12.328 -12.790 -13.320 -13.952 -14.343 -14.968 -15.306 -15.373
6.200 -1.879 0.868 -4.061 -7.008 -9.282 -10.163 -11.271 -11.172 -12.153 -12.290 -12.752 -13.282 -13.914 -14.304 -14.930 -15.268 -15.335
6.300 -1.841 0.905 -4.023 -6.970 -9.244 -10.125 -11.233 -11.134 -12.115 -12.252 -12.714 -13.244 -13.876 -14.266 -14.892 -15.230 -15.297
6.400 -1.803 0.943 -3.985 -6.933 -9.206 -10.087 -11.195 -11.096 -12.078 -12.214 -12.676 -13.206 -13.838 -14.229 -14.854 -15.192 -15.259
6.500 -1.766 0.981 -3.948 -6.895 -9.169 -10.050 -11.158 -11.059 -12.040 -12.177 -12.639 -13.169 -13.801 -14.191 -14.817 -15.155 -15.222
6.600 -1.728 1.018 -3.910 -6.858 -9.131 -10.013 -11.120 -11.021 -12.003 -12.139 -12.602 -13.131 -13.764 -14.154 -14.780 -15.117 -15.184
6.700 -1.691 1.055 -3.873 -6.820 -9.094 -9.975 -11.083 -10.984 -11.966 -12.102 -12.564 -13.094 -13.726 -14.116 -14.742 -15.080 -15.147
6.800 -1.653 1.093 -3.836 -6.783 -9.057 -9.938 -11.046 -10.946 -11.928 -12.064 -12.527 -13.056 -13.689 -14.079 -14.705 -15.042 -15.109
6.900 -1.616 1.130 -3.798 -6.746 -9.019 -9.901 -11.008 -10.909 -11.891 -12.027 -12.490 -13.019 -13.652 -14.042 -14.668 -15.005 -15.072
7.000 -1.579 1.167 -3.761 -6.709 -8.982 -9.863 -10.971 -10.872 -11.854 -11.990 -12.452 -12.982 -13.614 -14.005 -14.630 -14.968 -15.035
7.100 -1.542 1.204 -3.724 -6.672 -8.945 -9.826 -10.934 -10.835 -11.817 -11.953 -12.416 -12.945 -13.578 -13.968 -14.594 -14.931 -14.998
7.200 -1.505 1.241 -3.688 -6.635 -8.909 -9.790 -10.898 -10.799 -11.780 -11.917 -12.379 -12.908 -13.541 -13.931 -14.557 -14.895 -14.962
7.300 -1.469 1.277 -3.652 -6.599 -8.873 -9.754 -10.862 -10.762 -11.744 -11.880 -12.343 -12.872 -13.505 -13.895 -14.521 -14.858 -14.925
7.400 -1.433 1.313 -3.616 -6.563 -8.837 -9.718 -10.826 -10.727 -11.708 -11.845 -12.307 -12.837 -13.469 -13.859 -14.485 -14.823 -14.890
7.500 -1.398 1.348 -3.581 -6.528 -8.802 -9.683 -10.791 -10.691 -11.673 -11.809 -12.272 -12.801 -13.434 -13.824 -14.450 -14.787 -14.854
7.600 -1.364 1.382 -3.546 -6.493 -8.767 -9.648 -10.756 -10.657 -11.639 -11.775 -12.237 -12.767 -13.399 -13.790 -14.415 -14.753 -14.820
7.700 -1.330 1.417 -3.512 -6.459 -8.733 -9.614 -10.722 -10.623 -11.604 -11.741 -12.203 -12.733 -13.365 -13.755 -14.381 -14.719 -14.786
7.800 -1.296 1.450 -3.478 -6.425 -8.699 -9.580 -10.688 -10.589 -11.571 -11.707 -12.169 -12.699 -13.331 -13.722 -14.347 -14.685 -14.752
7.900 -1.262 1.484 -3.445 -6.392 -8.666 -9.547 -10.655 -10.556 -11.537 -11.674 -12.136 -12.666 -13.298 -13.688 -14.314 -14.652 -14.719
8.000 -1.230 1.516 -3.412 -6.359 -8.633 -9.514 -10.622 -10.523 -11.505 -11.641 -12.103 -12.633 -13.265 -13.656 -14.281 -14.619 -14.686
8.100 -1.197 1.549 -3.380 -6.327 -8.601 -9.482 -10.590 -10.491 -11.472 -11.609 -12.071 -12.600 -13.233 -13.623 -14.249 -14.587 -14.654
8.200 -1.166 1.580 -3.348 -6.295 -8.569 -9.450 -10.558 -10.459 -11.441 -11.577 -12.039 -12.569 -13.201 -13.591 -14.217 -14.555 -14.622
8.300 -1.134 1.612 -3.317 -6.264 -8.538 -9.419 -10.527 -10.428 -11.409 -11.545 -12.008 -12.537 -13.170 -13.560 -14.186 -14.523 -14.591
8.400 -1.104 1.642 -3.286 -6.233 -8.507 -9.388 -10.496 -10.397 -11.379 -11.515 -11.977 -12.507 -13.139 -13.530 -14.155 -14.493 -14.560
8.500 -1.074 1.673 -3.256 -6.203 -8.477 -9.358 -10.466 -10.367 -11.348 -11.485 -11.947 -12.477 -13.109 -13.499 -14.125 -14.463 -14.530
8.600 -1.044 1.702 -3.226 -6.174 -8.447 -9.329 -10.436 -10.337 -11.319 -11.455 -11.918 -12.447 -13.080 -13.470 -14.096 -14.433 -14.500
8.700 -1.015 1.731 -3.198 -6.145 -8.419 -9.300 -10.408 -10.308 -11.290 -11.426 -11.889 -12.418 -13.051 -13.441 -14.067 -14.404 -14.471
8.800 -0.987 1.759 -3.169 -6.117 -8.390 -9.271 -10.379 -10.280 -11.262 -11.398 -11.861 -12.390 -13.022 -13.413 -14.038 -14.376 -14.443
8.900 -0.959 1.787 -3.142 -6.089 -8.363 -9.244 -10.352 -10.253 -11.234 -11.370 -11.833 -12.362 -12.995 -13.385 -14.011 -14.348 -14.416
9.000 -0.932 1.814 -3.115 -6.062 -8.336 -9.217 -10.325 -10.226 -11.207 -11.344 -11.806 -12.336 -12.968 -13.358 -13.984 -14.322 -14.389
9.100 -0.906 1.840 -3.089 -6.036 -8.310 -9.191 -10.299 -10.199 -11.181 -11.317 -11.780 -12.309 -12.942 -13.332 -13.958 -14.295 -14.362
9.200 -0.880 1.866 -3.063 -6.010 -8.284 -9.165 -10.273 -10.174 -11.155 -11.292 -11.754 -12.283 -12.916 -13.306 -13.932 -14.270 -14.337
9.300 -0.855 1.891 -3.037 -5.985 -8.259 -9.140 -10.248 -10.148 -11.130 -11.266 -11.729 -12.258 -12.891 -13.281 -13.907 -14.244 -14.311
9.400 -0.830 1.916 -3.013 -5.960 -8.234 -9.115 -10.223 -10.124 -11.105 -11.242 -11.704 -12.233 -12.866 -13.256 -13.882 -14.220 -14.287
9.500 -0.806 1.940 -2.989 -5.936 -8.210 -9.091 -10.199 -10.099 -11.081 -11.217 -11.680 -12.209 -12.842 -13.232 -13.858 -14.195 -14.262
9.600 -0.783 1.963 -2.965 -5.912 -8.186 -9.067 -10.175 -10.076 -11.058 -11.194 -11.656 -12.186 -12.818 -13.209 -13.834 -14.172 -14.239
9.700 -0.759 1.987 -2.942 -5.889 -8.163 -9.044 -10.152 -10.053 -11.034 -11.171 -11.633 -12.163 -12.795 -13.185 -13.811 -14.149 -14.216
9.800 -0.737 2.009 -2.919 -5.867 -8.140 -9.021 -10.129 -10.030 -11.012 -11.148 -11.610 -12.140 -12.772 -13.163 -13.788 -14.126 -14.193
9.900 -0.715 2.031 -2.897 -5.844 -8.118 -8.999 -10.107 -10.008 -10.990 -11.126 -11.588 -12.118 -12.750 -13.141 -13.766 -14.104 -14.171
10.000 -0.693 2.053 -2.876 -5.823 -8.097 -8.978 -10.086 -9.986 -10.968 -11.104 -11.567 -12.096 -12.729 -13.119 -13.745 -14.082 -14.149
10.100 -0.672 2.074 -2.854 -5.802 -8.075 -8.956 -10.064 -9.965 -10.947 -11.083 -11.546 -12.075 -12.707 -13.098 -13.723 -14.061 -14.128
10.200 -0.651 2.095 -2.834 -5.781 -8.055 -8.936 -10.044 -9.944 -10.926 -11.062 -11.525 -12.054 -12.687 -13.077 -13.703 -14.040 -14.107
10.300 -0.631 2.115 -2.813 -5.761 -8.034 -8.915 -10.023 -9.924 -10.906 -11.042 -11.504 -12.034 -12.666 -13.057 -13.682 -14.020 -14.087
10.400 -0.611 2.135 -2.793 -5.741 -8.015 -8.896 -10.004 -9.904 -10.886 -11.022 -11.485 -12.014 -12.647 -13.037 -13.663 -14.000 -14.067
10.500 -0.592 2.154 -2.774 -5.721 -7.995 -8.876 -9.984 -9.885 -10.867 -11.003 -11.465 -11.995 -12.627 -13.018 -13.643 -13.981 -14.048
10.600 -0.573 2.173 -2.755 -5.702 -7.976 -8.857 -9.965 -9.866 -10.848 -10.984 -11.446 -11.976 -12.608 -12.999 -13.624 -13.962 -14.029
10.700 -0.554 2.192 -2.736 -5.684 -7.957 -8.838 -9.946 -9.847 -10.829 -10.965 -11.427 -11.957 -12.589 -12.980 -13.605 -13.943 -14.010
10.800 -0.535 2.211 -2.718 -5.665 -7.939 -8.820 -9.928 -9.829 -10.810 -10.947 -11.409 -11.939 -12.571 -12.961 -13.587 -13.925 -13.992
10.900 -0.517 2.229 -2.700 -5.647 -7.921 -8.802 -9.910 -9.811 -10.792 -10.929 -11.391 -11.920 -12.553 -12.943 -13.569 -13.907 -13.974
11.000 -0.500 2.246 -2.682 -5.629 -7.903 -8.784 -9.892 -9.793 -10.775 -10.911 -11.373 -11.903 -12.535 -12.926 -13.551 -13.889 -13.956
11.100 -0.482 2.264 -2.664 -5.612 -7.886 -8.767 -9.875 -9.775 -10.757 -10.893 -11.356 -11.885 -12.518 -12.908 -13.534 -13.871 -13.938
11.200 -0.465 2.281 -2.647 -5.594 -7.868 -8.749 -9.857 -9.758 -10.740 -10.876 -11.338 -11.868 -12.500 -12.891 -13.516 -13.854 -13.921
11.300 -0.448 2.298 -2.630 -5.577 -7.851 -8.732 -9.840 -9.741 -10.723 -10.859 -11.321 -11.851 -12.483 -12.874 -13.499 -13.837 -13.904
11.400 -0.431 2.315 -2.613 -5.561 -7.834 -8.715 -9.823 -9.724 -10.706 -10.842 -11.305 -11.834 -12.467 -12.857 -13.482 -13.820 -13.887
11.500 -0.414 2.332 -2.597 -5.544 -7.818 -8.699 -9.807 -9.708 -10.689 -10.826 -11.288 -11.817 -12.450 -12.840 -13.466 -13.804 -13.871
11.600 -0.398 2.348 -2.580 -5.528 -7.801 -8.683 -9.790 -9.691 -10.673 -10.809 -11.272 -11.801 -12.434 -12.824 -13.450 -13.787 -13.854
11.700 -0.382 2.364 -2.564 -5.512 -7.785 -8.666 -9.774 -9.675 -10.657 -10.793 -11.255 -11.785 -12.417 -12.808 -13.433 -13.771 -13.838
11.800 -0.366 2.380 -2.548 -5.495 -7.769 -8.650 -9.758 -9.659 -10.641 -10.777 -11.239 -11.769 -12.401 -12.792 -13.417 -13.755 -13.822
11.900 -0.350 2.396 -2.532 -5.480 -7.753 -8.634 -9.742 -9.643 -10.625 -10.761 -11.223 -11.753 -12.385 -12.776 -13.401 -13.739 -13.806
12.000 -0.334 2.412 -2.517 -5.464 -7.738 -8.619 -9.727 -9.627 -10.609 -10.745 -11.208 -11.737 -12.370 -12.760 -13.386 -13.723 -13.790
12.100 -0.319 2.427 -2.501 -5.448 -7.722 -8.603 -9.711 -9.612 -10.594 -10.730 -11.192 -11.722 -12.354 -12.745 -13.370 -13.708 -13.775
12.200 -0.303 2.443 -2.486 -5.433 -7.707 -8.588 -9.696 -9.596 -10.578 -10.714 -11.177 -11.706 -12.339 -12.729 -13.355 -13.692 -13.759
12.300 -0.288 2.458 -2.470 -5.418 -7.691 -8.572 -9.680 -9.581 -10.563 -10.699 -11.161 -11.691 -12.323 -12.714 -13.339 -13.677 -13.744
12.400 -0.273 2.473 -2.455 -5.402 -7.676 -8.557 -9.665 -9.566 -10.548 -10.684 -11.146 -11.676 -12.308 -12.699 -13.324 -13.662 -13.729
12.500 -0.257 2.489 -2.440 -5.387 -7.661 -8.542 -9.650 -9.551 -10.532 -10.669 -11.131 -11.661 -12.293 -12.683 -13.309 -13.647 -13.714
12.600 -0.242 2.504 -2.425 -5.372 -7.646 -8.527 -9.635 -9.536 -10.517 -10.654 -11.116 -11.645 -12.278 -12.668 -13.294 -13.632 -13.699
12.700 -0.227 2.519 -2.410 -5.357 -7.631 -8.512 -9.620 -9.521 -10.502 -10.639 -11.101 -11.630 -12.263 -12.653 -13.279 -13.617 -13.684
12.800 -0.212 2.534 -2.395 -5.342 -7.616 -8.497 -9.605 -9.506 -10.487 -10.624 -11.086 -11.616 -12.248 -12.638 -13.264 -13.602 -13.669
12.900 -0.198 2.549 -2.380 -5.327 -7.601 -8.482 -9.590 -9.491 -10.472 -10.609 -11.071 -11.601 -12.233 -12.623 -13.249 -13.587 -13.654
13.000 -0.183 2.563 -2.365 -5.312 -7.586 -8.467 -9.575 -9.476 -10.458 -10.594 -11.056 -11.586 -12.218 -12.609 -13.234 -13.572 -13.639
13.100 -0.168 2.578 -2.350 -5.298 -7.571 -8.452 -9.560 -9.461 -10.443 -10.579 -11.041 -11.571 -12.203 -12.594 -13.219 -13.557 -13.624
13.200 -0.153 2.593 -2.335 -5.283 -7.557 -8.438 -9.546 -9.446 -10.428 -10.564 -11.027 -11.556 -12.189 -12.579 -13.205 -13.542 -13.609
13.300 -0.138 2.608 -2.321 -5.268 -7.542 -8.423 -9.531 -9.432 -10.413 -10.550 -11.012 -11.542 -12.174 -12.564 -13.190 -13.528 -13.595
13.400 -0.124 2.622 -2.306 -5.253 -7.527 -8.408 -9.516 -9.417 -10.399 -10.535 -10.997 -11.527 -12.159 -12.550 -13.175 -13.513 -13.580
13.500 -0.109 2.637 -2.291 -5.239 -7.513 -8.394 -9.502 -9.402 -10.384 -10.520 -10.983 -11.512 -12.145 -12.535 -13.161 -13.498 -13.565
13.600 -0.094 2.652 -2.277 -5.224 -7.498 -8.379 -9.487 -9.388 -10.369 -10.506 -10.968 -11.497 -12.130 -12.520 -13.146 -13.484 -13.551
13.700 -0.080 2.666 -2.262 -5.209 -7.483 -8.364 -9.472 -9.373 -10.355 -10.491 -10.953 -11.483 -12.115 -12.506 -13.131 -13.469 -13.536
13.800 -0.065 2.681 -2.247 -5.195 -7.469 -8.350 -9.458 -9.358 -10.340 -10.476 -10.939 -11.468 -12.101 -12.491 -13.117 -13.454 -13.521
13.900 -0.050 2.696 -2.233 -5.180 -7.454 -8.335 -9.443 -9.344 -10.325 -10.462 -10.924 -11.454 -12.086 -12.476 -13.102 -13.440 -13.507
14.000 -0.036 2.710 -2.218 -5.166 -7.439 -8.320 -9.428 -9.329 -10.311 -10.447 -10.910 -11.439 -12.071 -12.462 -13.087 -13.425 -13.492
14.100 -0.021 2.725 -2.204 -5.151 -7.425 -8.306 -9.414 -9.315 -10.296 -10.433 -10.895 -11.424 -12.057 -12.447 -13.073 -13.411 -13.478
14.200 -0.007 2.739 -2.189 -5.136 -7.410 -8.291 -9.399 -9.300 -10.282 -10.418 -10.880 -11.410 -12.042 -12.433 -13.058 -13.396 -13.463
14.300 0.008 2.754 -2.175 -5.122 -7.396 -8.277 -9.385 -9.285 -10.267 -10.403 -10.866 -11.395 -12.028 -12.418 -13.044 -13.381 -13.448
14.400 0.022 2.768 -2.160 -5.107 -7.381 -8.262 -9.370 -9.271 -10.252 -10.389 -10.851 -11.381 -12.013 -12.403 -13.029 -13.367 -13.434
14.500 0.037 2.783 -2.145 -5.093 -7.366 -8.247 -9.355 -9.256 -10.238 -10.374 -10.837 -11.366 -11.999 -12.389 -13.014 -13.352 -13.419
14.600 0.052 2.798 -2.131 -5.078 -7.352 -8.233 -9.341 -9.242 -10.223 -10.360 -10.822 -11.351 -11.984 -12.374 -13.000 -13.338 -13.405
14.700 0.066 2.812 -2.116 -5.063 -7.337 -8.218 -9.326 -9.227 -10.209 -10.345 -10.807 -11.337 -11.969 -12.360 -12.985 -13.323 -13.390
14.800 0.081 2.827 -2.102 -5.049 -7.323 -8.204 -9.312 -9.212 -10.194 -10.330 -10.793 -11.322 -11.955 -12.345 -12.971 -13.308 -13.375
14.900 0.095 2.842 -2.087 -5.034 -7.308 -8.189 -9.297 -9.198 -10.179 -10.316 -10.778 -11.308 -11.940 -12.330 -12.956 -13.294 -13.361
15.000 0.110 2.856 -2.072 -5.020 -7.293 -8.174 -9.282 -9.183 -10.165 -10.301 -10.763 -11.293 -11.925 -12.316 -12.941 -13.279 -13.346
