# day W2 M2 W1 u B g V c r w o i z y J H K
0.000 -6.896 -6.778 -6.622 -5.979 -5.669 -5.515 -5.243 -5.349 -5.014 -5.169 -4.886 -4.630 -4.338 -4.110 -3.645 -3.034 -2.465
0.100 -9.966 -10.394 -10.776 -11.576 -11.725 -11.759 -11.781 -11.770 -11.754 -11.742 -11.728 -11.649 -11.521 -11.401 -11.122 -10.678 -10.223
0.200 -9.602 -10.127 -10.733 -11.941 -12.255 -12.358 -12.480 -12.437 -12.527 -12.477 -12.541 -12.522 -12.454 -12.372 -12.160 -11.775 -11.359
0.300 -9.214 -9.777 -10.551 -12.026 -12.460 -12.613 -12.806 -12.742 -12.907 -12.836 -12.952 -12.975 -12.952 -12.898 -12.736 -12.395 -12.008
0.400 -8.865 -9.435 -10.349 -12.024 -12.552 -12.745 -12.995 -12.917 -13.139 -13.056 -13.209 -13.267 -13.279 -13.250 -13.129 -12.823 -12.460
0.500 -8.537 -9.099 -10.137 -11.972 -12.582 -12.810 -13.108 -13.019 -13.289 -13.198 -13.382 -13.469 -13.512 -13.504 -13.419 -13.145 -12.803
0.600 -8.240 -8.783 -9.932 -11.900 -12.582 -12.840 -13.179 -13.081 -13.394 -13.298 -13.507 -13.619 -13.690 -13.700 -13.647 -13.401 -13.078
0.700 -7.971 -8.486 -9.738 -11.819 -12.564 -12.849 -13.224 -13.120 -13.468 -13.370 -13.600 -13.734 -13.830 -13.857 -13.834 -13.613 -13.308
0.800 -7.725 -8.207 -9.555 -11.731 -12.535 -12.844 -13.252 -13.142 -13.523 -13.423 -13.671 -13.825 -13.944 -13.986 -13.990 -13.793 -13.504
0.900 -7.495 -7.939 -9.377 -11.639 -12.495 -12.827 -13.265 -13.150 -13.560 -13.461 -13.724 -13.896 -14.037 -14.093 -14.122 -13.948 -13.673
1.000 -7.270 -7.672 -9.199 -11.537 -12.444 -12.796 -13.262 -13.144 -13.581 -13.483 -13.760 -13.950 -14.110 -14.180 -14.234 -14.081 -13.821
1.100 -7.074 -7.433 -9.041 -11.445 -12.397 -12.769 -13.260 -13.138 -13.599 -13.504 -13.793 -13.997 -14.177 -14.258 -14.335 -14.202 -13.955
1.200 -6.877 -7.188 -8.878 -11.343 -12.340 -12.730 -13.245 -13.120 -13.604 -13.511 -13.812 -14.031 -14.228 -14.322 -14.420 -14.306 -14.073
1.300 -6.701 -6.964 -8.731 -11.250 -12.287 -12.694 -13.230 -13.104 -13.609 -13.519 -13.829 -14.061 -14.274 -14.380 -14.499 -14.403 -14.181
1.400 -6.523 -6.734 -8.579 -11.147 -12.224 -12.648 -13.206 -13.078 -13.602 -13.516 -13.835 -14.080 -14.310 -14.426 -14.565 -14.487 -14.278
1.500 -6.368 -6.528 -8.445 -11.058 -12.171 -12.609 -13.186 -13.057 -13.600 -13.516 -13.844 -14.100 -14.344 -14.471 -14.628 -14.567 -14.369
1.600 -6.204 -6.310 -8.302 -10.956 -12.106 -12.559 -13.156 -13.025 -13.585 -13.506 -13.841 -14.109 -14.368 -14.505 -14.681 -14.637 -14.451
1.700 -6.057 -6.109 -8.172 -10.863 -12.047 -12.514 -13.128 -12.996 -13.573 -13.498 -13.840 -14.118 -14.391 -14.537 -14.731 -14.702 -14.527
1.800 -5.915 -5.911 -8.044 -10.770 -11.986 -12.467 -13.098 -12.966 -13.558 -13.486 -13.835 -14.124 -14.410 -14.565 -14.776 -14.762 -14.598
1.900 -5.769 -5.708 -7.912 -10.671 -11.920 -12.414 -13.062 -12.929 -13.537 -13.469 -13.824 -14.123 -14.422 -14.586 -14.813 -14.815 -14.662
2.000 -5.636 -5.517 -7.791 -10.578 -11.859 -12.365 -13.029 -12.895 -13.517 -13.454 -13.815 -14.122 -14.433 -14.606 -14.850 -14.866 -14.723
2.100 -5.508 -5.331 -7.673 -10.487 -11.798 -12.317 -12.995 -12.861 -13.496 -13.438 -13.804 -14.120 -14.443 -14.624 -14.883 -14.913 -14.780
2.200 -5.376 -5.138 -7.550 -10.389 -11.731 -12.262 -12.955 -12.821 -13.470 -13.416 -13.787 -14.111 -14.446 -14.636 -14.910 -14.955 -14.831
2.300 -5.247 -4.946 -7.428 -10.292 -11.663 -12.206 -12.914 -12.780 -13.441 -13.392 -13.768 -14.101 -14.447 -14.645 -14.934 -14.993 -14.879
2.400 -5.129 -4.768 -7.318 -10.202 -11.602 -12.156 -12.878 -12.743 -13.417 -13.372 -13.752 -14.093 -14.450 -14.655 -14.958 -15.030 -14.926
2.500 -5.007 -4.582 -7.201 -10.106 -11.534 -12.100 -12.836 -12.701 -13.387 -13.347 -13.732 -14.080 -14.448 -14.661 -14.978 -15.063 -14.968
2.600 -4.883 -4.392 -7.083 -10.006 -11.464 -12.041 -12.790 -12.656 -13.354 -13.319 -13.708 -14.064 -14.442 -14.662 -14.994 -15.092 -15.007
2.700 -4.761 -4.203 -6.965 -9.905 -11.392 -11.980 -12.744 -12.610 -13.320 -13.289 -13.682 -14.046 -14.434 -14.662 -15.008 -15.119 -15.043
2.800 -4.649 -4.023 -6.856 -9.812 -11.327 -11.926 -12.703 -12.569 -13.290 -13.265 -13.661 -14.032 -14.431 -14.665 -15.023 -15.145 -15.076
2.900 -4.538 -3.842 -6.749 -9.718 -11.264 -11.876 -12.666 -12.533 -13.266 -13.245 -13.646 -14.023 -14.431 -14.671 -15.038 -15.166 -15.101
3.000 -4.424 -3.654 -6.637 -9.620 -11.197 -11.820 -12.626 -12.493 -13.238 -13.222 -13.626 -14.011 -14.428 -14.674 -15.050 -15.185 -15.123
3.100 -4.308 -3.460 -6.522 -9.517 -11.126 -11.761 -12.581 -12.449 -13.206 -13.195 -13.603 -13.995 -14.421 -14.673 -15.059 -15.201 -15.143
3.200 -4.194 -3.268 -6.409 -9.414 -11.054 -11.702 -12.536 -12.404 -13.173 -13.168 -13.579 -13.978 -14.414 -14.672 -15.067 -15.216 -15.162
3.300 -4.084 -3.082 -6.301 -9.314 -10.984 -11.644 -12.491 -12.361 -13.141 -13.141 -13.556 -13.961 -14.406 -14.670 -15.075 -15.231 -15.181
3.400 -3.974 -2.892 -6.191 -9.211 -10.912 -11.583 -12.445 -12.315 -13.106 -13.112 -13.530 -13.942 -14.396 -14.666 -15.081 -15.244 -15.199
3.500 -3.859 -2.695 -6.076 -9.103 -10.835 -11.518 -12.394 -12.265 -13.067 -13.079 -13.501 -13.920 -14.383 -14.659 -15.084 -15.255 -15.215
3.600 -3.743 -2.494 -5.959 -8.991 -10.755 -11.450 -12.340 -12.212 -13.026 -13.044 -13.468 -13.894 -14.367 -14.649 -15.085 -15.264 -15.228
3.700 -3.626 -2.290 -5.841 -8.876 -10.673 -11.379 -12.284 -12.157 -12.982 -13.006 -13.434 -13.867 -14.349 -14.638 -15.084 -15.272 -15.241
3.800 -3.510 -2.085 -5.724 -8.761 -10.589 -11.308 -12.226 -12.101 -12.937 -12.968 -13.398 -13.838 -14.330 -14.625 -15.082 -15.278 -15.253
3.900 -3.396 -1.883 -5.608 -8.647 -10.506 -11.237 -12.169 -12.045 -12.892 -12.929 -13.362 -13.809 -14.310 -14.612 -15.079 -15.284 -15.264
4.000 -3.280 -1.676 -5.491 -8.529 -10.420 -11.163 -12.109 -11.986 -12.844 -12.888 -13.324 -13.777 -14.288 -14.596 -15.075 -15.289 -15.274
4.100 -3.161 -1.464 -5.370 -8.406 -10.330 -11.085 -12.045 -11.924 -12.793 -12.844 -13.282 -13.742 -14.263 -14.578 -15.068 -15.291 -15.283
4.200 -3.040 -1.247 -5.247 -8.280 -10.238 -11.004 -11.978 -11.859 -12.739 -12.797 -13.239 -13.705 -14.236 -14.557 -15.059 -15.292 -15.290
4.300 -2.917 -1.026 -5.122 -8.151 -10.141 -10.920 -11.909 -11.791 -12.682 -12.748 -13.192 -13.665 -14.206 -14.534 -15.048 -15.291 -15.295
4.400 -2.794 -0.803 -4.996 -8.019 -10.043 -10.835 -11.837 -11.721 -12.623 -12.697 -13.143 -13.623 -14.175 -14.510 -15.036 -15.289 -15.300
4.500 -2.671 -0.581 -4.871 -7.888 -9.945 -10.748 -11.765 -11.651 -12.564 -12.645 -13.094 -13.580 -14.143 -14.485 -15.023 -15.286 -15.304
4.600 -2.549 -0.359 -4.746 -7.755 -9.846 -10.661 -11.691 -11.579 -12.503 -12.592 -13.043 -13.536 -14.109 -14.458 -15.009 -15.283 -15.307
4.700 -2.425 -0.135 -4.620 -7.620 -9.744 -10.571 -11.616 -11.506 -12.440 -12.537 -12.990 -13.490 -14.073 -14.429 -14.993 -15.278 -15.309
4.800 -2.299 0.093 -4.491 -7.481 -9.639 -10.478 -11.536 -11.429 -12.374 -12.479 -12.934 -13.441 -14.034 -14.398 -14.975 -15.271 -15.310
4.900 -2.172 0.323 -4.361 -7.340 -9.531 -10.382 -11.455 -11.349 -12.305 -12.419 -12.876 -13.389 -13.994 -14.365 -14.955 -15.262 -15.309
5.000 -2.043 0.553 -4.229 -7.196 -9.420 -10.283 -11.370 -11.267 -12.233 -12.356 -12.815 -13.335 -13.950 -14.329 -14.933 -15.252 -15.307
5.100 -1.913 0.782 -4.097 -7.051 -9.308 -10.183 -11.284 -11.183 -12.160 -12.291 -12.753 -13.279 -13.905 -14.292 -14.910 -15.241 -15.304
5.200 -1.838 0.908 -4.020 -6.968 -9.241 -10.122 -11.230 -11.131 -12.113 -12.249 -12.711 -13.241 -13.873 -14.263 -14.889 -15.226 -15.293
5.300 -1.821 0.925 -4.003 -6.950 -9.224 -10.105 -11.213 -11.114 -12.095 -12.231 -12.694 -13.223 -13.856 -14.246 -14.872 -15.209 -15.276
5.400 -1.803 0.943 -3.985 -6.932 -9.206 -10.087 -11.195 -11.096 -12.077 -12.213 -12.676 -13.205 -13.838 -14.228 -14.854 -15.191 -15.258
5.500 -1.784 0.961 -3.966 -6.914 -9.187 -10.068 -11.176 -11.077 -12.059 -12.195 -12.657 -13.187 -13.819 -14.209 -14.835 -15.173 -15.240
5.600 -1.764 0.981 -3.947 -6.894 -9.168 -10.049 -11.156 -11.057 -12.039 -12.175 -12.637 -13.167 -13.799 -14.190 -14.815 -15.153 -15.220
5.700 -1.743 1.002 -3.926 -6.873 -9.147 -10.028 -11.135 -11.036 -12.018 -12.154 -12.616 -13.146 -13.778 -14.169 -14.794 -15.132 -15.199
5.800 -1.721 1.024 -3.904 -6.851 -9.125 -10.006 -11.114 -11.014 -11.996 -12.132 -12.595 -13.124 -13.757 -14.147 -14.772 -15.110 -15.177
5.900 -1.699 1.047 -3.881 -6.828 -9.102 -9.983 -11.091 -10.992 -11.973 -12.109 -12.572 -13.101 -13.734 -14.124 -14.750 -15.087 -15.154
6.000 -1.675 1.070 -3.858 -6.805 -9.079 -9.960 -11.067 -10.968 -11.950 -12.086 -12.548 -13.078 -13.710 -14.101 -14.726 -15.064 -15.131
6.100 -1.651 1.094 -3.834 -6.781 -9.055 -9.936 -11.043 -10.944 -11.926 -12.062 -12.524 -13.054 -13.686 -14.077 -14.702 -15.040 -15.107
6.200 -1.627 1.119 -3.809 -6.756 -9.030 -9.911 -11.019 -10.920 -11.901 -12.037 -12.500 -13.029 -13.662 -14.052 -14.678 -15.015 -15.082
6.300 -1.602 1.144 -3.784 -6.732 -9.005 -9.886 -10.994 -10.895 -11.876 -12.013 -12.475 -13.005 -13.637 -14.027 -14.653 -14.990 -15.057
6.400 -1.576 1.169 -3.759 -6.706 -8.980 -9.861 -10.969 -10.869 -11.851 -11.987 -12.450 -12.979 -13.611 -14.002 -14.627 -14.965 -15.032
6.500 -1.550 1.195 -3.733 -6.680 -8.954 -9.835 -10.943 -10.843 -11.825 -11.961 -12.424 -12.953 -13.585 -13.976 -14.601 -14.939 -15.006
6.600 -1.523 1.222 -3.706 -6.653 -8.927 -9.808 -10.916 -10.816 -11.798 -11.934 -12.397 -12.926 -13.558 -13.949 -14.574 -14.912 -14.979
6.700 -1.496 1.250 -3.678 -6.625 -8.899 -9.780 -10.888 -10.789 -11.770 -11.907 -12.369 -12.898 -13.531 -13.921 -14.547 -14.884 -14.951
6.800 -1.468 1.278 -3.650 -6.597 -8.871 -9.752 -10.860 -10.761 -11.742 -11.878 -12.341 -12.870 -13.503 -13.893 -14.519 -14.856 -14.923
6.900 -1.439 1.307 -3.621 -6.569 -8.842 -9.723 -10.831 -10.732 -11.714 -11.850 -12.312 -12.842 -13.474 -13.864 -14.490 -14.827 -14.894
7.000 -1.410 1.336 -3.592 -6.539 -8.813 -9.694 -10.802 -10.703 -11.684 -11.820 -12.283 -12.812 -13.445 -13.835 -14.461 -14.798 -14.865
7.100 -1.380 1.366 -3.562 -6.510 -8.783 -9.664 -10.772 -10.673 -11.655 -11.791 -12.253 -12.783 -13.415 -13.805 -14.431 -14.769 -14.836
7.200 -1.350 1.396 -3.532 -6.480 -8.753 -9.634 -10.742 -10.643 -11.625 -11.761 -12.223 -12.753 -13.385 -13.775 -14.401 -14.738 -14.805
7.300 -1.320 1.426 -3.502 -6.449 -8.723 -9.604 -10.712 -10.613 -11.594 -11.730 -12.193 -12.722 -13.355 -13.745 -14.371 -14.708 -14.775
7.400 -1.289 1.456 -3.472 -6.419 -8.693 -9.574 -10.682 -10.582 -11.564 -11.700 -12.163 -12.692 -13.324 -13.715 -14.340 -14.678 -14.745
7.500 -1.259 1.487 -3.441 -6.388 -8.662 -9.543 -10.651 -10.552 -11.533 -11.669 -12.132 -12.661 -13.294 -13.684 -14.309 -14.647 -14.714
7.600 -1.228 1.518 -3.410 -6.357 -8.631 -9.512 -10.620 -10.521 -11.502 -11.638 -12.101 -12.630 -13.263 -13.653 -14.279 -14.616 -14.683
7.700 -1.196 1.549 -3.379 -6.326 -8.600 -9.481 -10.589 -10.489 -11.471 -11.607 -12.070 -12.599 -13.231 -13.622 -14.247 -14.585 -14.652
7.800 -1.165 1.581 -3.347 -6.294 -8.568 -9.449 -10.557 -10.458 -11.439 -11.575 -12.038 -12.567 -13.200 -13.590 -14.216 -14.553 -14.620
7.900 -1.133 1.613 -3.315 -6.262 -8.536 -9.417 -10.525 -10.426 -11.407 -11.543 -12.006 -12.535 -13.168 -13.558 -14.184 -14.521 -14.588
8.000 -1.101 1.645 -3.283 -6.230 -8.504 -9.385 -10.493 -10.394 -11.375 -11.511 -11.974 -12.503 -13.136 -13.526 -14.151 -14.489 -14.556
8.100 -1.068 1.677 -3.251 -6.198 -8.472 -9.353 -10.460 -10.361 -11.343 -11.479 -11.941 -12.471 -13.103 -13.494 -14.119 -14.457 -14.524
8.200 -1.036 1.710 -3.218 -6.165 -8.439 -9.320 -10.428 -10.329 -11.310 -11.447 -11.909 -12.438 -13.071 -13.461 -14.087 -14.424 -14.491
8.300 -1.003 1.742 -3.186 -6.133 -8.407 -9.288 -10.395 -10.296 -11.278 -11.414 -11.876 -12.406 -13.038 -13.429 -14.054 -14.392 -14.459
8.400 -0.971 1.775 -3.153 -6.101 -8.374 -9.255 -10.363 -10.264 -11.245 -11.382 -11.844 -12.373 -13.006 -13.396 -14.022 -14.359 -14.426
8.500 -0.938 1.807 -3.121 -6.068 -8.342 -9.223 -10.330 -10.231 -11.213 -11.349 -11.811 -12.341 -12.973 -13.364 -13.989 -14.327 -14.394
8.600 -0.906 1.840 -3.088 -6.036 -8.309 -9.190 -10.298 -10.199 -11.180 -11.317 -11.779 -12.309 -12.941 -13.331 -13.957 -14.294 -14.361
8.700 -0.874 1.872 -3.056 -6.003 -8.277 -9.158 -10.266 -10.167 -11.148 -11.284 -11.747 -12.276 -12.909 -13.299 -13.925 -14.262 -14.329
8.800 -0.841 1.904 -3.024 -5.971 -8.245 -9.126 -10.234 -10.134 -11.116 -11.252 -11.715 -12.244 -12.877 -13.267 -13.892 -14.230 -14.297
8.900 -0.809 1.936 -2.992 -5.939 -8.213 -9.094 -10.202 -10.102 -11.084 -11.220 -11.683 -12.212 -12.844 -13.235 -13.860 -14.198 -14.265
9.000 -0.777 1.968 -2.960 -5.907 -8.181 -9.062 -10.170 -10.070 -11.052 -11.188 -11.651 -12.180 -12.813 -13.203 -13.828 -14.166 -14.233
9.100 -0.746 2.000 -2.928 -5.875 -8.149 -9.030 -10.138 -10.039 -11.020 -11.156 -11.619 -12.148 -12.781 -13.171 -13.797 -14.134 -14.201
9.200 -0.714 2.032 -2.896 -5.844 -8.117 -8.998 -10.106 -10.007 -10.989 -11.125 -11.587 -12.117 -12.749 -13.139 -13.765 -14.102 -14.169
9.300 -0.682 2.063 -2.865 -5.812 -8.086 -8.967 -10.075 -9.975 -10.957 -11.093 -11.556 -12.085 -12.717 -13.108 -13.733 -14.071 -14.138
9.400 -0.651 2.094 -2.834 -5.781 -8.055 -8.936 -10.043 -9.944 -10.926 -11.062 -11.524 -12.054 -12.686 -13.077 -13.702 -14.040 -14.107
9.500 -0.620 2.125 -2.803 -5.750 -8.024 -8.905 -10.012 -9.913 -10.895 -11.031 -11.493 -12.023 -12.655 -13.046 -13.671 -14.009 -14.076
9.600 -0.589 2.156 -2.772 -5.719 -7.993 -8.874 -9.982 -9.882 -10.864 -11.000 -11.463 -11.992 -12.624 -13.015 -13.640 -13.978 -14.045
9.700 -0.559 2.187 -2.741 -5.689 -7.962 -8.843 -9.951 -9.852 -10.833 -10.970 -11.432 -11.962 -12.594 -12.984 -13.610 -13.947 -14.014
9.800 -0.529 2.217 -2.711 -5.658 -7.932 -8.813 -9.921 -9.822 -10.803 -10.940 -11.402 -11.931 -12.564 -12.954 -13.580 -13.917 -13.984
9.900 -0.499 2.247 -2.681 -5.629 -7.902 -8.783 -9.891 -9.792 -10.774 -10.910 -11.372 -11.902 -12.534 -12.924 -13.550 -13.887 -13.954
10.000 -0.470 2.276 -2.652 -5.599 -7.873 -8.754 -9.862 -9.762 -10.744 -10.880 -11.343 -11.872 -12.505 -12.895 -13.520 -13.858 -13.925
10.100 -0.440 2.305 -2.623 -5.570 -7.844 -8.725 -9.833 -9.733 -10.715 -10.851 -11.314 -11.843 -12.476 -12.866 -13.491 -13.829 -13.896
10.200 -0.412 2.334 -2.594 -5.542 -7.815 -8.696 -9.804 -9.705 -10.687 -10.823 -11.285 -11.815 -12.447 -12.837 -13.463 -13.800 -13.867
10.300 -0.384 2.362 -2.566 -5.513 -7.787 -8.668 -9.776 -9.677 -10.658 -10.794 -11.257 -11.786 -12.419 -12.809 -13.435 -13.772 -13.839
10.400 -0.356 2.390 -2.538 -5.486 -7.759 -8.640 -9.748 -9.649 -10.630 -10.767 -11.229 -11.759 -12.391 -12.781 -13.407 -13.744 -13.811
10.500 -0.328 2.417 -2.511 -5.458 -7.732 -8.613 -9.721 -9.621 -10.603 -10.739 -11.202 -11.731 -12.364 -12.754 -13.379 -13.717 -13.784
10.600 -0.302 2.444 -2.484 -5.431 -7.705 -8.586 -9.694 -9.594 -10.576 -10.712 -11.175 -11.704 -12.337 -12.727 -13.352 -13.690 -13.757
10.700 -0.275 2.471 -2.457 -5.405 -7.678 -8.559 -9.667 -9.568 -10.550 -10.686 -11.148 -11.678 -12.310 -12.700 -13.326 -13.663 -13.730
10.800 -0.249 2.497 -2.431 -5.379 -7.652 -8.533 -9.641 -9.542 -10.523 -10.660 -11.122 -11.651 -12.284 -12.674 -13.300 -13.637 -13.704
10.900 -0.223 2.523 -2.405 -5.353 -7.626 -8.507 -9.615 -9.516 -10.498 -10.634 -11.096 -11.626 -12.258 -12.648 -13.274 -13.612 -13.679
11.000 -0.198 2.548 -2.380 -5.327 -7.601 -8.482 -9.590 -9.491 -10.472 -10.609 -11.071 -11.600 -12.233 -12.623 -13.249 -13.586 -13.653
11.100 -0.173 2.573 -2.355 -5.303 -7.576 -8.457 -9.565 -9.466 -10.448 -10.584 -11.046 -11.576 -12.208 -12.598 -13.224 -13.561 -13.628
11.200 -0.148 2.597 -2.331 -5.278 -7.552 -8.433 -9.541 -9.441 -10.423 -10.559 -11.022 -11.551 -12.184 -12.574 -13.199 -13.537 -13.604
11.300 -0.124 2.621 -2.307 -5.254 -7.528 -8.409 -9.517 -9.417 -10.399 -10.535 -10.998 -11.527 -12.160 -12.550 -13.175 -13.513 -13.580
11.400 -0.101 2.645 -2.283 -5.231 -7.504 -8.385 -9.493 -9.394 -10.376 -10.512 -10.974 -11.504 -12.136 -12.526 -13.152 -13.489 -13.556
11.500 -0.078 2.668 -2.260 -5.208 -7.481 -8.362 -9.470 -9.371 -10.352 -10.489 -10.951 -11.480 -12.113 -12.503 -13.129 -13.466 -13.533
11.600 -0.055 2.690 -2.237 -5.185 -7.458 -8.339 -9.447 -9.348 -10.330 -10.466 -10.928 -11.458 -12.090 -12.480 -13.106 -13.444 -13.511
11.700 -0.033 2.713 -2.215 -5.163 -7.436 -8.317 -9.425 -9.326 -10.307 -10.444 -10.906 -11.435 -12.068 -12.458 -13.084 -13.421 -13.488
11.800 -0.011 2.735 -2.193 -5.141 -7.414 -8.295 -9.403 -9.304 -10.286 -10.422 -10.884 -11.414 -12.046 -12.436 -13.062 -13.399 -13.466
11.900 0.011 2.756 -2.172 -5.119 -7.393 -8.274 -9.382 -9.282 -10.264 -10.400 -10.863 -11.392 -12.025 -12.415 -13.040 -13.378 -13.445
12.000 0.032 2.777 -2.151 -5.098 -7.372 -8.253 -9.361 -9.261 -10.243 -10.379 -10.842 -11.371 -12.004 -12.394 -13.019 -13.357 -13.424
12.100 0.052 2.798 -2.130 -5.078 -7.351 -8.232 -9.340 -9.241 -10.222 -10.359 -10.821 -11.350 -11.983 -12.373 -12.999 -13.336 -13.403
12.200 0.072 2.818 -2.110 -5.057 -7.331 -8.212 -9.320 -9.221 -10.202 -10.338 -10.801 -11.330 -11.963 -12.353 -12.978 -13.316 -13.383
12.300 0.092 2.838 -2.090 -5.037 -7.311 -8.192 -9.300 -9.201 -10.182 -10.318 -10.781 -11.310 -11.943 -12.333 -12.959 -13.296 -13.363
12.400 0.112 2.857 -2.070 -5.018 -7.291 -8.172 -9.280 -9.181 -10.163 -10.299 -10.761 -11.291 -11.923 -12.313 -12.939 -13.277 -13.344
12.500 0.131 2.877 -2.051 -4.999 -7.272 -8.153 -9.261 -9.162 -10.144 -10.280 -10.742 -11.272 -11.904 -12.294 -12.920 -13.257 -13.324
12.600 0.150 2.896 -2.032 -4.980 -7.253 -8.134 -9.242 -9.143 -10.125 -10.261 -10.723 -11.253 -11.885 -12.275 -12.901 -13.239 -13.306
12.700 0.168 2.914 -2.014 -4.961 -7.235 -8.116 -9.224 -9.125 -10.106 -10.242 -10.705 -11.234 -11.867 -12.257 -12.882 -13.220 -13.287
12.800 0.187 2.932 -1.996 -4.943 -7.217 -8.098 -9.206 -9.106 -10.088 -10.224 -10.687 -11.216 -11.848 -12.239 -12.864 -13.202 -13.269
12.900 0.205 2.950 -1.978 -4.925 -7.199 -8.080 -9.188 -9.088 -10.070 -10.206 -10.669 -11.198 -11.831 -12.221 -12.846 -13.184 -13.251
13.000 0.222 2.968 -1.960 -4.908 -7.181 -8.062 -9.170 -9.071 -10.053 -10.189 -10.651 -11.181 -11.813 -12.203 -12.829 -13.166 -13.233
13.100 0.239 2.985 -1.943 -4.890 -7.164 -8.045 -9.153 -9.054 -10.035 -10.171 -10.634 -11.163 -11.796 -12.186 -12.812 -13.149 -13.216
13.200 0.256 3.002 -1.926 -4.873 -7.147 -8.028 -9.136 -9.037 -10.018 -10.154 -10.617 -11.146 -11.779 -12.169 -12.795 -13.132 -13.199
13.300 0.273 3.019 -1.909 -4.857 -7.130 -8.011 -9.119 -9.020 -10.002 -10.138 -10.600 -11.130 -11.762 -12.152 -12.778 -13.115 -13.182
13.400 0.290 3.035 -1.893 -4.840 -7.114 -7.995 -9.103 -9.003 -9.985 -10.121 -10.584 -11.113 -11.746 -12.136 -12.761 -13.099 -13.166
13.500 0.306 3.051 -1.877 -4.824 -7.098 -7.979 -9.086 -8.987 -9.969 -10.105 -10.567 -11.097 -11.729 -12.120 -12.745 -13.083 -13.150
13.600 0.322 3.067 -1.861 -4.808 -7.082 -7.963 -9.071 -8.971 -9.953 -10.089 -10.552 -11.081 -11.713 -12.104 -12.729 -13.067 -13.134
13.700 0.337 3.083 -1.845 -4.792 -7.066 -7.947 -9.055 -8.956 -9.937 -10.073 -10.536 -11.065 -11.698 -12.088 -12.714 -13.051 -13.118
13.800 0.353 3.098 -1.829 -4.777 -7.050 -7.931 -9.039 -8.940 -9.922 -10.058 -10.520 -11.050 -11.682 -12.072 -12.698 -13.036 -13.103
13.900 0.368 3.114 -1.814 -4.762 -7.035 -7.916 -9.024 -8.925 -9.906 -10.043 -10.505 -11.035 -11.667 -12.057 -12.683 -13.020 -13.087
14.000 0.383 3.129 -1.799 -4.747 -7.020 -7.901 -9.009 -8.910 -9.891 -10.028 -10.490 -11.019 -11.652 -12.042 -12.668 -13.005 -13.072
14.100 0.398 3.144 -1.784 -4.732 -7.005 -7.886 -8.994 -8.895 -9.877 -10.013 -10.475 -11.005 -11.637 -12.027 -12.653 -12.990 -13.057
14.200 0.413 3.158 -1.770 -4.717 -6.991 -7.872 -8.980 -8.880 -9.862 -9.998 -10.461 -10.990 -11.622 -12.013 -12.638 -12.976 -13.043
14.300 0.427 3.173 -1.755 -4.703 -6.976 -7.857 -8.965 -8.866 -9.847 -9.984 -10.446 -10.976 -11.608 -11.998 -12.624 -12.961 -13.028
14.400 0.441 3.187 -1.741 -4.688 -6.962 -7.843 -8.951 -8.852 -9.833 -9.969 -10.432 -10.961 -11.594 -11.984 -12.609 -12.947 -13.014
14.500 0.456 3.201 -1.727 -4.674 -6.948 -7.829 -8.937 -8.837 -9.819 -9.955 -10.418 -10.947 -11.580 -11.970 -12.595 -12.933 -13.000
14.600 0.470 3.215 -1.713 -4.660 -6.934 -7.815 -8.923 -8.823 -9.805 -9.941 -10.404 -10.933 -11.566 -11.956 -12.581 -12.919 -12.986
14.700 0.483 3.229 -1.699 -4.646 -6.920 -7.801 -8.909 -8.810 -9.791 -9.928 -10.390 -10.919 -11.552 -11.942 -12.568 -12.905 -12.972
14.800 0.497 3.242 -1.685 -4.633 -6.906 -7.787 -8.895 -8.796 -9.778 -9.914 -10.376 -10.906 -11.538 -11.928 -12.554 -12.892 -12.959
14.900 0.510 3.256 -1.672 -4.619 -6.893 -7.774 -8.882 -8.783 -9.764 -9.900 -10.363 -10.892 -11.525 -11.915 -12.541 -12.878 -12.945
15.000 0.524 3.269 -1.659 -4.606 -6.880 -7.761 -8.869 -8.769 -9.751 -9.887 -10.350 -10.879 -11.511 -11.902 -12.527 -12.865 -12.932
