# day W2 M2 W1 u B g V c r w o i z y J H K
0.000 -10.248 -10.043 -9.839 -8.979 -8.611 -8.432 -8.120 -8.245 -7.863 -8.048 -7.721 -7.440 -7.124 -6.881 -6.388 -5.752 -5.164
0.100 -15.012 -14.948 -14.834 -14.389 -14.164 -14.049 -13.846 -13.922 -13.669 -13.778 -13.569 -13.366 -13.127 -12.935 -12.537 -11.992 -11.469
0.200 -14.904 -14.966 -14.944 -14.811 -14.683 -14.610 -14.476 -14.525 -14.350 -14.417 -14.276 -14.119 -13.925 -13.763 -13.420 -12.925 -12.438
0.300 -14.449 -14.633 -14.718 -14.890 -14.858 -14.825 -14.755 -14.778 -14.672 -14.706 -14.622 -14.505 -14.349 -14.213 -13.915 -13.460 -13.002
0.400 -13.866 -14.162 -14.368 -14.833 -14.896 -14.903 -14.892 -14.894 -14.851 -14.856 -14.823 -14.741 -14.620 -14.507 -14.249 -13.830 -13.396
0.500 -13.238 -13.629 -13.965 -14.704 -14.863 -14.908 -14.953 -14.935 -14.953 -14.933 -14.946 -14.897 -14.808 -14.716 -14.494 -14.108 -13.696
0.600 -12.610 -13.077 -13.548 -14.538 -14.788 -14.870 -14.969 -14.934 -15.007 -14.967 -15.021 -15.002 -14.943 -14.871 -14.683 -14.327 -13.935
0.700 -12.012 -12.534 -13.136 -14.352 -14.688 -14.805 -14.954 -14.904 -15.028 -14.973 -15.063 -15.072 -15.042 -14.988 -14.833 -14.505 -14.132
0.800 -11.462 -12.017 -12.745 -14.155 -14.572 -14.722 -14.918 -14.855 -15.026 -14.958 -15.080 -15.116 -15.113 -15.077 -14.953 -14.652 -14.298
0.900 -10.967 -11.535 -12.375 -13.951 -14.443 -14.625 -14.864 -14.789 -15.005 -14.927 -15.077 -15.139 -15.162 -15.143 -15.049 -14.775 -14.438
1.000 -10.515 -11.084 -12.025 -13.742 -14.304 -14.515 -14.794 -14.710 -14.966 -14.881 -15.057 -15.143 -15.191 -15.190 -15.125 -14.876 -14.557
1.100 -10.095 -10.654 -11.688 -13.528 -14.156 -14.394 -14.711 -14.619 -14.914 -14.824 -15.023 -15.132 -15.205 -15.220 -15.184 -14.961 -14.659
1.200 -9.684 -10.226 -11.352 -13.305 -13.995 -14.261 -14.615 -14.515 -14.847 -14.754 -14.974 -15.105 -15.203 -15.234 -15.228 -15.030 -14.746
1.300 -9.273 -9.791 -11.013 -13.073 -13.826 -14.118 -14.507 -14.401 -14.768 -14.673 -14.914 -15.066 -15.188 -15.236 -15.259 -15.087 -14.820
1.400 -8.852 -9.337 -10.662 -12.828 -13.643 -13.962 -14.386 -14.275 -14.676 -14.581 -14.840 -15.013 -15.160 -15.224 -15.276 -15.130 -14.881
1.500 -8.423 -8.861 -10.301 -12.573 -13.453 -13.798 -14.258 -14.141 -14.576 -14.482 -14.759 -14.952 -15.123 -15.203 -15.284 -15.164 -14.933
1.600 -7.981 -8.357 -9.926 -12.304 -13.251 -13.624 -14.118 -13.997 -14.464 -14.373 -14.666 -14.879 -15.074 -15.171 -15.281 -15.188 -14.974
1.700 -7.542 -7.838 -9.549 -12.030 -13.046 -13.445 -13.974 -13.849 -14.348 -14.260 -14.569 -14.801 -15.019 -15.131 -15.270 -15.203 -15.008
1.800 -7.112 -7.310 -9.173 -11.753 -12.838 -13.264 -13.827 -13.699 -14.229 -14.145 -14.467 -14.718 -14.959 -15.086 -15.253 -15.211 -15.034
1.900 -6.701 -6.786 -8.807 -11.476 -12.630 -13.083 -13.679 -13.548 -14.107 -14.028 -14.364 -14.632 -14.894 -15.036 -15.230 -15.212 -15.051
2.000 -6.331 -6.297 -8.470 -11.214 -12.433 -12.912 -13.539 -13.406 -13.993 -13.920 -14.267 -14.552 -14.834 -14.990 -15.206 -15.207 -15.059
2.100 -6.006 -5.859 -8.168 -10.971 -12.249 -12.751 -13.407 -13.272 -13.885 -13.817 -14.174 -14.474 -14.775 -14.943 -15.180 -15.199 -15.064
2.200 -5.723 -5.474 -7.900 -10.746 -12.079 -12.603 -13.284 -13.149 -13.785 -13.724 -14.090 -14.404 -14.723 -14.901 -15.156 -15.188 -15.059
2.300 -5.482 -5.149 -7.669 -10.546 -11.924 -12.466 -13.171 -13.036 -13.692 -13.638 -14.012 -14.338 -14.673 -14.862 -15.133 -15.177 -15.054
2.400 -5.285 -4.884 -7.477 -10.376 -11.790 -12.348 -13.072 -12.936 -13.610 -13.562 -13.942 -14.279 -14.628 -14.826 -15.113 -15.169 -15.053
2.500 -5.109 -4.647 -7.306 -10.222 -11.667 -12.238 -12.979 -12.844 -13.532 -13.490 -13.875 -14.222 -14.584 -14.791 -15.093 -15.161 -15.052
2.600 -4.949 -4.428 -7.150 -10.082 -11.555 -12.138 -12.893 -12.758 -13.460 -13.423 -13.813 -14.168 -14.542 -14.757 -15.075 -15.155 -15.054
2.700 -4.804 -4.222 -7.008 -9.954 -11.454 -12.047 -12.815 -12.681 -13.394 -13.362 -13.756 -14.119 -14.504 -14.727 -15.058 -15.150 -15.057
2.800 -4.674 -4.033 -6.881 -9.840 -11.365 -11.967 -12.747 -12.614 -13.336 -13.310 -13.707 -14.077 -14.471 -14.701 -15.044 -15.148 -15.063
2.900 -4.549 -3.846 -6.759 -9.730 -11.280 -11.892 -12.684 -12.550 -13.283 -13.261 -13.661 -14.037 -14.441 -14.676 -15.032 -15.146 -15.069
3.000 -4.424 -3.654 -6.637 -9.620 -11.195 -11.818 -12.621 -12.488 -13.230 -13.213 -13.616 -13.999 -14.411 -14.653 -15.020 -15.146 -15.077
3.100 -4.302 -3.459 -6.517 -9.512 -11.116 -11.749 -12.565 -12.433 -13.186 -13.173 -13.579 -13.968 -14.388 -14.636 -15.012 -15.144 -15.079
3.200 -4.186 -3.267 -6.402 -9.407 -11.041 -11.685 -12.515 -12.382 -13.146 -13.138 -13.548 -13.942 -14.370 -14.623 -15.006 -15.143 -15.081
3.300 -4.074 -3.080 -6.291 -9.305 -10.968 -11.623 -12.465 -12.334 -13.108 -13.104 -13.517 -13.918 -14.354 -14.611 -15.002 -15.145 -15.085
3.400 -3.960 -2.889 -6.178 -9.199 -10.892 -11.558 -12.413 -12.283 -13.067 -13.068 -13.485 -13.892 -14.336 -14.599 -14.998 -15.147 -15.090
3.500 -3.843 -2.691 -6.060 -9.088 -10.811 -11.489 -12.358 -12.228 -13.023 -13.030 -13.449 -13.863 -14.316 -14.584 -14.993 -15.149 -15.097
3.600 -3.724 -2.489 -5.941 -8.974 -10.727 -11.417 -12.299 -12.170 -12.977 -12.989 -13.412 -13.832 -14.294 -14.568 -14.988 -15.151 -15.104
3.700 -3.603 -2.283 -5.819 -8.856 -10.641 -11.342 -12.238 -12.110 -12.928 -12.947 -13.372 -13.799 -14.271 -14.552 -14.981 -15.153 -15.111
3.800 -3.483 -2.078 -5.698 -8.738 -10.554 -11.267 -12.177 -12.050 -12.879 -12.903 -13.332 -13.765 -14.247 -14.534 -14.975 -15.156 -15.119
3.900 -3.365 -1.873 -5.579 -8.619 -10.466 -11.191 -12.114 -11.989 -12.829 -12.860 -13.291 -13.732 -14.223 -14.516 -14.968 -15.158 -15.127
4.000 -3.245 -1.665 -5.457 -8.498 -10.376 -11.112 -12.050 -11.926 -12.776 -12.814 -13.248 -13.696 -14.197 -14.497 -14.961 -15.160 -15.135
4.100 -3.121 -1.449 -5.332 -8.371 -10.281 -11.030 -11.981 -11.859 -12.721 -12.766 -13.203 -13.657 -14.168 -14.475 -14.951 -15.161 -15.142
4.200 -2.996 -1.229 -5.204 -8.240 -10.184 -10.944 -11.910 -11.789 -12.662 -12.715 -13.154 -13.615 -14.138 -14.452 -14.941 -15.161 -15.149
4.300 -2.867 -1.004 -5.073 -8.106 -10.082 -10.855 -11.836 -11.717 -12.601 -12.661 -13.104 -13.572 -14.105 -14.427 -14.928 -15.159 -15.155
4.400 -2.738 -0.776 -4.941 -7.968 -9.979 -10.764 -11.759 -11.642 -12.538 -12.606 -13.051 -13.526 -14.070 -14.400 -14.915 -15.157 -15.160
4.500 -2.609 -0.547 -4.810 -7.830 -9.874 -10.672 -11.682 -11.567 -12.474 -12.550 -12.997 -13.480 -14.035 -14.372 -14.901 -15.155 -15.165
4.600 -2.479 -0.318 -4.677 -7.690 -9.768 -10.578 -11.603 -11.490 -12.408 -12.493 -12.943 -13.432 -13.999 -14.343 -14.886 -15.151 -15.170
4.700 -2.348 -0.084 -4.543 -7.547 -9.660 -10.482 -11.521 -11.410 -12.340 -12.433 -12.886 -13.382 -13.960 -14.312 -14.869 -15.147 -15.174
4.800 -2.213 0.155 -4.406 -7.399 -9.547 -10.382 -11.436 -11.328 -12.269 -12.371 -12.826 -13.329 -13.919 -14.279 -14.851 -15.141 -15.176
4.900 -2.076 0.398 -4.266 -7.248 -9.431 -10.279 -11.348 -11.242 -12.195 -12.306 -12.763 -13.274 -13.876 -14.244 -14.831 -15.134 -15.178
5.000 -1.936 0.646 -4.123 -7.092 -9.311 -10.172 -11.257 -11.153 -12.117 -12.239 -12.698 -13.216 -13.830 -14.207 -14.809 -15.125 -15.178
5.100 -1.795 0.895 -3.979 -6.934 -9.189 -10.063 -11.163 -11.062 -12.038 -12.169 -12.630 -13.156 -13.782 -14.168 -14.785 -15.116 -15.178
5.200 -1.714 1.032 -3.896 -6.844 -9.117 -9.998 -11.106 -11.007 -11.988 -12.125 -12.587 -13.117 -13.749 -14.139 -14.765 -15.102 -15.169
5.300 -1.698 1.048 -3.880 -6.827 -9.101 -9.982 -11.090 -10.991 -11.972 -12.108 -12.571 -13.100 -13.733 -14.123 -14.749 -15.086 -15.153
5.400 -1.681 1.065 -3.863 -6.811 -9.084 -9.965 -11.073 -10.974 -11.956 -12.092 -12.554 -13.084 -13.716 -14.106 -14.732 -15.069 -15.136
5.500 -1.664 1.082 -3.846 -6.793 -9.067 -9.948 -11.056 -10.957 -11.938 -12.074 -12.537 -13.066 -13.699 -14.089 -14.715 -15.052 -15.119
5.600 -1.645 1.100 -3.828 -6.775 -9.049 -9.930 -11.037 -10.938 -11.920 -12.056 -12.518 -13.048 -13.680 -14.071 -14.696 -15.034 -15.101
5.700 -1.626 1.120 -3.808 -6.755 -9.029 -9.910 -11.018 -10.919 -11.900 -12.036 -12.499 -13.028 -13.661 -14.051 -14.677 -15.014 -15.081
5.800 -1.606 1.140 -3.788 -6.735 -9.009 -9.890 -10.998 -10.899 -11.880 -12.016 -12.479 -13.008 -13.641 -14.031 -14.656 -14.994 -15.061
5.900 -1.584 1.161 -3.767 -6.714 -8.988 -9.869 -10.977 -10.877 -11.859 -11.995 -12.458 -12.987 -13.620 -14.010 -14.635 -14.973 -15.040
6.000 -1.563 1.183 -3.745 -6.692 -8.966 -9.847 -10.955 -10.856 -11.837 -11.974 -12.436 -12.965 -13.598 -13.988 -14.614 -14.951 -15.018
6.100 -1.540 1.205 -3.723 -6.670 -8.944 -9.825 -10.933 -10.833 -11.815 -11.951 -12.414 -12.943 -13.576 -13.966 -14.591 -14.929 -14.996
6.200 -1.518 1.228 -3.700 -6.647 -8.921 -9.802 -10.910 -10.811 -11.792 -11.929 -12.391 -12.920 -13.553 -13.943 -14.569 -14.906 -14.973
6.300 -1.495 1.251 -3.677 -6.624 -8.898 -9.779 -10.887 -10.788 -11.769 -11.905 -12.368 -12.897 -13.530 -13.920 -14.546 -14.883 -14.950
6.400 -1.471 1.275 -3.653 -6.601 -8.874 -9.755 -10.863 -10.764 -11.746 -11.882 -12.344 -12.874 -13.506 -13.896 -14.522 -14.859 -14.927
6.500 -1.447 1.299 -3.629 -6.576 -8.850 -9.731 -10.839 -10.740 -11.721 -11.858 -12.320 -12.849 -13.482 -13.872 -14.498 -14.835 -14.902
6.600 -1.422 1.324 -3.604 -6.551 -8.825 -9.706 -10.814 -10.715 -11.696 -11.832 -12.295 -12.824 -13.457 -13.847 -14.473 -14.810 -14.877
6.700 -1.396 1.350 -3.578 -6.526 -8.799 -9.680 -10.788 -10.689 -11.671 -11.807 -12.269 -12.799 -13.431 -13.821 -14.447 -14.784 -14.851
6.800 -1.370 1.376 -3.552 -6.499 -8.773 -9.654 -10.762 -10.663 -11.644 -11.781 -12.243 -12.772 -13.405 -13.795 -14.421 -14.758 -14.825
6.900 -1.343 1.403 -3.525 -6.473 -8.746 -9.627 -10.735 -10.636 -11.618 -11.754 -12.216 -12.746 -13.378 -13.768 -14.394 -14.731 -14.798
7.000 -1.316 1.430 -3.498 -6.445 -8.719 -9.600 -10.708 -10.609 -11.590 -11.726 -12.189 -12.718 -13.351 -13.741 -14.367 -14.704 -14.771
7.100 -1.288 1.458 -3.470 -6.418 -8.691 -9.572 -10.680 -10.581 -11.563 -11.699 -12.161 -12.691 -13.323 -13.713 -14.339 -14.677 -14.744
7.200 -1.260 1.486 -3.442 -6.390 -8.663 -9.544 -10.652 -10.553 -11.535 -11.671 -12.133 -12.663 -13.295 -13.685 -14.311 -14.648 -14.715
7.300 -1.232 1.514 -3.414 -6.361 -8.635 -9.516 -10.624 -10.525 -11.506 -11.642 -12.105 -12.634 -13.267 -13.657 -14.283 -14.620 -14.687
7.400 -1.203 1.542 -3.386 -6.333 -8.607 -9.488 -10.595 -10.496 -11.478 -11.614 -12.076 -12.606 -13.238 -13.629 -14.254 -14.592 -14.659
7.500 -1.174 1.571 -3.357 -6.304 -8.578 -9.459 -10.567 -10.467 -11.449 -11.585 -12.048 -12.577 -13.209 -13.600 -14.225 -14.563 -14.630
7.600 -1.145 1.600 -3.328 -6.275 -8.549 -9.430 -10.538 -10.438 -11.420 -11.556 -12.019 -12.548 -13.181 -13.571 -14.196 -14.534 -14.601
7.700 -1.116 1.630 -3.298 -6.246 -8.519 -9.400 -10.508 -10.409 -11.391 -11.527 -11.989 -12.519 -13.151 -13.541 -14.167 -14.505 -14.572
7.800 -1.086 1.659 -3.269 -6.216 -8.490 -9.371 -10.479 -10.379 -11.361 -11.497 -11.960 -12.489 -13.121 -13.512 -14.137 -14.475 -14.542
7.900 -1.056 1.689 -3.239 -6.186 -8.460 -9.341 -10.449 -10.349 -11.331 -11.467 -11.930 -12.459 -13.091 -13.482 -14.107 -14.445 -14.512
8.000 -1.026 1.719 -3.209 -6.156 -8.430 -9.311 -10.419 -10.319 -11.301 -11.437 -11.900 -12.429 -13.061 -13.452 -14.077 -14.415 -14.482
8.100 -0.996 1.750 -3.178 -6.126 -8.399 -9.280 -10.388 -10.289 -11.271 -11.407 -11.869 -12.399 -13.031 -13.421 -14.047 -14.385 -14.452
8.200 -0.966 1.780 -3.148 -6.095 -8.369 -9.250 -10.358 -10.258 -11.240 -11.376 -11.839 -12.368 -13.001 -13.391 -14.016 -14.354 -14.421
8.300 -0.935 1.811 -3.117 -6.065 -8.338 -9.219 -10.327 -10.228 -11.210 -11.346 -11.808 -12.338 -12.970 -13.360 -13.986 -14.324 -14.391
8.400 -0.905 1.841 -3.087 -6.034 -8.308 -9.189 -10.297 -10.198 -11.179 -11.315 -11.778 -12.307 -12.940 -13.330 -13.955 -14.293 -14.360
8.500 -0.874 1.872 -3.056 -6.004 -8.277 -9.158 -10.266 -10.167 -11.149 -11.285 -11.747 -12.277 -12.909 -13.299 -13.925 -14.263 -14.330
8.600 -0.844 1.902 -3.026 -5.973 -8.247 -9.128 -10.236 -10.137 -11.118 -11.254 -11.717 -12.246 -12.879 -13.269 -13.895 -14.232 -14.299
8.700 -0.813 1.932 -2.996 -5.943 -8.217 -9.098 -10.206 -10.106 -11.088 -11.224 -11.687 -12.216 -12.848 -13.239 -13.864 -14.202 -14.269
8.800 -0.783 1.963 -2.965 -5.913 -8.186 -9.067 -10.175 -10.076 -11.058 -11.194 -11.656 -12.186 -12.818 -13.208 -13.834 -14.172 -14.239
8.900 -0.753 1.993 -2.935 -5.883 -8.156 -9.037 -10.145 -10.046 -11.028 -11.164 -11.626 -12.156 -12.788 -13.178 -13.804 -14.141 -14.208
9.000 -0.723 2.023 -2.905 -5.853 -8.126 -9.007 -10.115 -10.016 -10.998 -11.134 -11.596 -12.126 -12.758 -13.148 -13.774 -14.111 -14.178
9.100 -0.693 2.053 -2.875 -5.823 -8.096 -8.977 -10.085 -9.986 -10.968 -11.104 -11.566 -12.096 -12.728 -13.118 -13.744 -14.081 -14.149
9.200 -0.663 2.082 -2.846 -5.793 -8.067 -8.948 -10.055 -9.956 -10.938 -11.074 -11.536 -12.066 -12.698 -13.089 -13.714 -14.052 -14.119
9.300 -0.634 2.112 -2.816 -5.763 -8.037 -8.918 -10.026 -9.927 -10.908 -11.044 -11.507 -12.036 -12.669 -13.059 -13.684 -14.022 -14.089
9.400 -0.604 2.141 -2.787 -5.734 -8.008 -8.889 -9.996 -9.897 -10.879 -11.015 -11.477 -12.007 -12.639 -13.030 -13.655 -13.993 -14.060
9.500 -0.575 2.171 -2.757 -5.705 -7.978 -8.859 -9.967 -9.868 -10.850 -10.986 -11.448 -11.978 -12.610 -13.000 -13.626 -13.964 -14.031
9.600 -0.546 2.200 -2.728 -5.676 -7.949 -8.830 -9.938 -9.839 -10.821 -10.957 -11.419 -11.949 -12.581 -12.971 -13.597 -13.935 -14.002
9.700 -0.517 2.228 -2.700 -5.647 -7.921 -8.802 -9.910 -9.810 -10.792 -10.928 -11.391 -11.920 -12.552 -12.943 -13.568 -13.906 -13.973
9.800 -0.489 2.257 -2.671 -5.619 -7.892 -8.773 -9.881 -9.782 -10.764 -10.900 -11.362 -11.892 -12.524 -12.914 -13.540 -13.878 -13.945
9.900 -0.461 2.285 -2.643 -5.591 -7.864 -8.745 -9.853 -9.754 -10.736 -10.872 -11.334 -11.864 -12.496 -12.886 -13.512 -13.849 -13.917
10.000 -0.433 2.312 -2.616 -5.563 -7.837 -8.718 -9.826 -9.726 -10.708 -10.844 -11.307 -11.836 -12.468 -12.859 -13.484 -13.822 -13.889
10.100 -0.406 2.340 -2.588 -5.536 -7.809 -8.690 -9.798 -9.699 -10.681 -10.817 -11.279 -11.809 -12.441 -12.831 -13.457 -13.794 -13.861
10.200 -0.379 2.367 -2.561 -5.509 -7.782 -8.663 -9.771 -9.672 -10.654 -10.790 -11.252 -11.782 -12.414 -12.804 -13.430 -13.767 -13.835
10.300 -0.352 2.393 -2.535 -5.482 -7.756 -8.637 -9.745 -9.645 -10.627 -10.763 -11.226 -11.755 -12.387 -12.778 -13.403 -13.741 -13.808
10.400 -0.326 2.419 -2.509 -5.456 -7.730 -8.611 -9.718 -9.619 -10.601 -10.737 -11.199 -11.729 -12.361 -12.752 -13.377 -13.715 -13.782
10.500 -0.300 2.445 -2.483 -5.430 -7.704 -8.585 -9.693 -9.593 -10.575 -10.711 -11.174 -11.703 -12.335 -12.726 -13.351 -13.689 -13.756
10.600 -0.275 2.471 -2.457 -5.405 -7.678 -8.559 -9.667 -9.568 -10.550 -10.686 -11.148 -11.678 -12.310 -12.700 -13.326 -13.663 -13.730
10.700 -0.250 2.496 -2.432 -5.380 -7.653 -8.534 -9.642 -9.543 -10.524 -10.661 -11.123 -11.652 -12.285 -12.675 -13.301 -13.638 -13.705
10.800 -0.225 2.520 -2.407 -5.355 -7.628 -8.509 -9.617 -9.518 -10.500 -10.636 -11.098 -11.628 -12.260 -12.650 -13.276 -13.614 -13.681
10.900 -0.201 2.545 -2.383 -5.331 -7.604 -8.485 -9.593 -9.494 -10.475 -10.612 -11.074 -11.603 -12.236 -12.626 -13.252 -13.589 -13.656
11.000 -0.177 2.569 -2.359 -5.307 -7.580 -8.461 -9.569 -9.470 -10.451 -10.588 -11.050 -11.580 -12.212 -12.602 -13.228 -13.565 -13.632
11.100 -0.153 2.592 -2.336 -5.283 -7.557 -8.438 -9.546 -9.446 -10.428 -10.564 -11.027 -11.556 -12.188 -12.579 -13.204 -13.542 -13.609
11.200 -0.130 2.615 -2.313 -5.260 -7.534 -8.415 -9.522 -9.423 -10.405 -10.541 -11.003 -11.533 -12.165 -12.556 -13.181 -13.519 -13.586
11.300 -0.108 2.638 -2.290 -5.237 -7.511 -8.392 -9.500 -9.400 -10.382 -10.518 -10.981 -11.510 -12.143 -12.533 -13.158 -13.496 -13.563
11.400 -0.085 2.660 -2.268 -5.215 -7.489 -8.370 -9.477 -9.378 -10.360 -10.496 -10.958 -11.488 -12.120 -12.511 -13.136 -13.474 -13.541
11.500 -0.063 2.682 -2.246 -5.193 -7.467 -8.348 -9.455 -9.356 -10.338 -10.474 -10.936 -11.466 -12.098 -12.489 -13.114 -13.452 -13.519
11.600 -0.042 2.704 -2.224 -5.171 -7.445 -8.326 -9.434 -9.335 -10.316 -10.453 -10.915 -11.444 -12.077 -12.467 -13.093 -13.430 -13.497
11.700 -0.021 2.725 -2.203 -5.150 -7.424 -8.305 -9.413 -9.314 -10.295 -10.431 -10.894 -11.423 -12.056 -12.446 -13.071 -13.409 -13.476
11.800 0.000 2.746 -2.182 -5.129 -7.403 -8.284 -9.392 -9.293 -10.274 -10.411 -10.873 -11.402 -12.035 -12.425 -13.051 -13.388 -13.455
11.900 0.021 2.766 -2.162 -5.109 -7.383 -8.264 -9.372 -9.272 -10.254 -10.390 -10.853 -11.382 -12.014 -12.405 -13.030 -13.368 -13.435
12.000 0.041 2.786 -2.142 -5.089 -7.363 -8.244 -9.352 -9.252 -10.234 -10.370 -10.833 -11.362 -11.994 -12.385 -13.010 -13.348 -13.415
12.100 0.060 2.806 -2.122 -5.069 -7.343 -8.224 -9.332 -9.233 -10.214 -10.350 -10.813 -11.342 -11.975 -12.365 -12.991 -13.328 -13.395
12.200 0.080 2.825 -2.103 -5.050 -7.324 -8.205 -9.313 -9.213 -10.195 -10.331 -10.794 -11.323 -11.955 -12.346 -12.971 -13.309 -13.376
12.300 0.099 2.844 -2.084 -5.031 -7.305 -8.186 -9.294 -9.194 -10.176 -10.312 -10.775 -11.304 -11.936 -12.327 -12.952 -13.290 -13.357
12.400 0.117 2.863 -2.065 -5.012 -7.286 -8.167 -9.275 -9.176 -10.157 -10.293 -10.756 -11.285 -11.918 -12.308 -12.934 -13.271 -13.338
12.500 0.136 2.881 -2.047 -4.994 -7.268 -8.149 -9.257 -9.157 -10.139 -10.275 -10.738 -11.267 -11.899 -12.290 -12.915 -13.253 -13.320
12.600 0.154 2.899 -2.029 -4.976 -7.250 -8.131 -9.238 -9.139 -10.121 -10.257 -10.719 -11.249 -11.881 -12.272 -12.897 -13.235 -13.302
12.700 0.172 2.917 -2.011 -4.958 -7.232 -8.113 -9.221 -9.121 -10.103 -10.239 -10.702 -11.231 -11.864 -12.254 -12.879 -13.217 -13.284
12.800 0.189 2.935 -1.993 -4.941 -7.214 -8.095 -9.203 -9.104 -10.086 -10.222 -10.684 -11.214 -11.846 -12.236 -12.862 -13.200 -13.267
12.900 0.206 2.952 -1.976 -4.924 -7.197 -8.078 -9.186 -9.087 -10.069 -10.205 -10.667 -11.197 -11.829 -12.219 -12.845 -13.182 -13.249
13.000 0.223 2.969 -1.959 -4.907 -7.180 -8.061 -9.169 -9.070 -10.052 -10.188 -10.650 -11.180 -11.812 -12.202 -12.828 -13.166 -13.233
13.100 0.240 2.985 -1.943 -4.890 -7.164 -8.045 -9.153 -9.053 -10.035 -10.171 -10.634 -11.163 -11.795 -12.186 -12.811 -13.149 -13.216
13.200 0.256 3.002 -1.926 -4.874 -7.147 -8.028 -9.136 -9.037 -10.019 -10.155 -10.617 -11.147 -11.779 -12.169 -12.795 -13.133 -13.200
13.300 0.272 3.018 -1.910 -4.858 -7.131 -8.012 -9.120 -9.021 -10.003 -10.139 -10.601 -11.131 -11.763 -12.153 -12.779 -13.116 -13.183
13.400 0.288 3.034 -1.894 -4.842 -7.115 -7.996 -9.104 -9.005 -9.987 -10.123 -10.585 -11.115 -11.747 -12.137 -12.763 -13.101 -13.168
13.500 0.304 3.049 -1.879 -4.826 -7.100 -7.981 -9.089 -8.989 -9.971 -10.107 -10.570 -11.099 -11.732 -12.122 -12.747 -13.085 -13.152
13.600 0.319 3.065 -1.863 -4.811 -7.084 -7.965 -9.073 -8.974 -9.956 -10.092 -10.554 -11.084 -11.716 -12.106 -12.732 -13.070 -13.137
13.700 0.334 3.080 -1.848 -4.796 -7.069 -7.950 -9.058 -8.959 -9.940 -10.077 -10.539 -11.069 -11.701 -12.091 -12.717 -13.054 -13.121
13.800 0.349 3.095 -1.833 -4.781 -7.054 -7.935 -9.043 -8.944 -9.925 -10.062 -10.524 -11.054 -11.686 -12.076 -12.702 -13.039 -13.106
13.900 0.364 3.110 -1.818 -4.766 -7.039 -7.920 -9.028 -8.929 -9.911 -10.047 -10.509 -11.039 -11.671 -12.061 -12.687 -13.025 -13.092
14.000 0.379 3.124 -1.804 -4.751 -7.025 -7.906 -9.014 -8.914 -9.896 -10.032 -10.495 -11.024 -11.657 -12.047 -12.672 -13.010 -13.077
14.100 0.393 3.138 -1.789 -4.737 -7.010 -7.891 -8.999 -8.900 -9.882 -10.018 -10.480 -11.010 -11.642 -12.032 -12.658 -12.996 -13.063
14.200 0.407 3.153 -1.775 -4.723 -6.996 -7.877 -8.985 -8.886 -9.867 -10.004 -10.466 -10.996 -11.628 -12.018 -12.644 -12.981 -13.048
14.300 0.421 3.167 -1.761 -4.709 -6.982 -7.863 -8.971 -8.872 -9.853 -9.990 -10.452 -10.982 -11.614 -12.004 -12.630 -12.967 -13.034
14.400 0.435 3.181 -1.747 -4.695 -6.968 -7.849 -8.957 -8.858 -9.840 -9.976 -10.438 -10.968 -11.600 -11.990 -12.616 -12.953 -13.020
14.500 0.449 3.194 -1.734 -4.681 -6.955 -7.836 -8.943 -8.844 -9.826 -9.962 -10.424 -10.954 -11.586 -11.977 -12.602 -12.940 -13.007
14.600 0.462 3.208 -1.720 -4.667 -6.941 -7.822 -8.930 -8.831 -9.812 -9.948 -10.411 -10.940 -11.573 -11.963 -12.589 -12.926 -12.993
14.700 0.476 3.221 -1.707 -4.654 -6.928 -7.809 -8.916 -8.817 -9.799 -9.935 -10.397 -10.927 -11.559 -11.950 -12.575 -12.913 -12.980
14.800 0.489 3.235 -1.693 -4.641 -6.914 -7.795 -8.903 -8.804 -9.786 -9.922 -10.384 -10.914 -11.546 -11.936 -12.562 -12.899 -12.967
14.900 0.502 3.248 -1.680 -4.628 -6.901 -7.782 -8.890 -8.791 -9.772 -9.909 -10.371 -10.901 -11.533 -11.923 -12.549 -12.886 -12.953
15.000 0.515 3.261 -1.667 -4.615 -6.888 -7.769 -8.877 -8.778 -9.759 -9.896 -10.358 -10.888 -11.520 -11.910 -12.536 -12.873 -12.940
