# day W2 M2 W1 u B g V c r w o i z y J H K
0.000 -10.216 -10.012 -9.808 -8.951 -8.583 -8.405 -8.093 -8.218 -7.836 -8.021 -7.695 -7.414 -7.099 -6.856 -6.363 -5.727 -5.140
0.100 -14.803 -14.765 -14.670 -14.293 -14.088 -13.981 -13.792 -13.863 -13.625 -13.725 -13.529 -13.334 -13.103 -12.916 -12.526 -11.988 -11.471
0.200 -14.517 -14.630 -14.651 -14.648 -14.559 -14.502 -14.392 -14.431 -14.282 -14.335 -14.216 -14.072 -13.890 -13.737 -13.406 -12.922 -12.443
0.300 -13.882 -14.137 -14.296 -14.653 -14.679 -14.670 -14.633 -14.644 -14.574 -14.590 -14.536 -14.437 -14.298 -14.172 -13.891 -13.452 -13.003
0.400 -13.143 -13.519 -13.833 -14.527 -14.667 -14.704 -14.737 -14.723 -14.726 -14.711 -14.713 -14.654 -14.554 -14.454 -14.217 -13.816 -13.393
0.500 -12.393 -12.863 -13.338 -14.335 -14.585 -14.666 -14.763 -14.728 -14.798 -14.759 -14.810 -14.788 -14.724 -14.647 -14.451 -14.086 -13.687
0.600 -11.685 -12.216 -12.847 -14.107 -14.460 -14.584 -14.740 -14.688 -14.819 -14.761 -14.855 -14.867 -14.838 -14.784 -14.626 -14.294 -13.918
0.700 -11.036 -11.598 -12.373 -13.856 -14.306 -14.469 -14.681 -14.614 -14.802 -14.729 -14.862 -14.906 -14.910 -14.877 -14.757 -14.458 -14.104
0.800 -10.434 -11.002 -11.911 -13.585 -14.126 -14.327 -14.593 -14.512 -14.753 -14.670 -14.837 -14.912 -14.949 -14.938 -14.855 -14.588 -14.255
0.900 -9.849 -10.407 -11.446 -13.293 -13.922 -14.160 -14.477 -14.384 -14.677 -14.586 -14.784 -14.890 -14.959 -14.969 -14.924 -14.690 -14.379
1.000 -9.261 -9.793 -10.970 -12.978 -13.695 -13.970 -14.336 -14.234 -14.576 -14.481 -14.707 -14.842 -14.944 -14.976 -14.969 -14.768 -14.479
1.100 -8.666 -9.152 -10.481 -12.645 -13.450 -13.762 -14.177 -14.066 -14.456 -14.359 -14.612 -14.775 -14.910 -14.964 -14.995 -14.827 -14.560
1.200 -8.077 -8.494 -9.988 -12.300 -13.192 -13.540 -14.002 -13.885 -14.319 -14.224 -14.500 -14.691 -14.857 -14.933 -15.002 -14.868 -14.625
1.300 -7.527 -7.856 -9.517 -11.959 -12.935 -13.317 -13.822 -13.699 -14.175 -14.083 -14.380 -14.597 -14.794 -14.890 -14.997 -14.897 -14.676
1.400 -7.043 -7.277 -9.091 -11.636 -12.687 -13.099 -13.643 -13.516 -14.029 -13.942 -14.256 -14.495 -14.721 -14.837 -14.981 -14.913 -14.715
1.500 -6.658 -6.811 -8.741 -11.358 -12.468 -12.905 -13.480 -13.351 -13.893 -13.812 -14.139 -14.398 -14.648 -14.782 -14.958 -14.922 -14.746
1.600 -6.351 -6.440 -8.455 -11.121 -12.277 -12.733 -13.333 -13.202 -13.768 -13.692 -14.030 -14.304 -14.576 -14.725 -14.931 -14.924 -14.770
1.700 -6.118 -6.158 -8.236 -10.935 -12.124 -12.594 -13.213 -13.081 -13.664 -13.593 -13.938 -14.224 -14.512 -14.673 -14.904 -14.922 -14.788
1.800 -5.930 -5.924 -8.060 -10.787 -12.004 -12.485 -13.118 -12.987 -13.583 -13.516 -13.867 -14.162 -14.463 -14.633 -14.882 -14.918 -14.797
1.900 -5.762 -5.706 -7.904 -10.659 -11.904 -12.396 -13.044 -12.911 -13.521 -13.457 -13.813 -14.117 -14.428 -14.606 -14.867 -14.912 -14.797
2.000 -5.617 -5.510 -7.771 -10.552 -11.823 -12.326 -12.985 -12.853 -13.473 -13.413 -13.773 -14.083 -14.403 -14.586 -14.857 -14.910 -14.799
2.100 -5.485 -5.323 -7.648 -10.456 -11.752 -12.265 -12.937 -12.803 -13.434 -13.376 -13.741 -14.057 -14.384 -14.572 -14.851 -14.911 -14.805
2.200 -5.351 -5.130 -7.524 -10.357 -11.682 -12.206 -12.890 -12.756 -13.397 -13.342 -13.710 -14.032 -14.367 -14.560 -14.847 -14.914 -14.813
2.300 -5.222 -4.939 -7.403 -10.261 -11.615 -12.149 -12.846 -12.712 -13.363 -13.311 -13.684 -14.011 -14.353 -14.550 -14.846 -14.919 -14.823
2.400 -5.108 -4.763 -7.296 -10.176 -11.559 -12.105 -12.815 -12.681 -13.343 -13.294 -13.671 -14.004 -14.352 -14.553 -14.851 -14.926 -14.828
2.500 -4.988 -4.578 -7.183 -10.084 -11.498 -12.055 -12.780 -12.645 -13.319 -13.273 -13.654 -13.994 -14.349 -14.554 -14.857 -14.933 -14.835
2.600 -4.868 -4.389 -7.067 -9.989 -11.433 -12.003 -12.741 -12.606 -13.292 -13.250 -13.635 -13.981 -14.345 -14.554 -14.863 -14.942 -14.844
2.700 -4.748 -4.201 -6.953 -9.892 -11.367 -11.948 -12.701 -12.566 -13.264 -13.225 -13.614 -13.968 -14.339 -14.553 -14.870 -14.953 -14.856
2.800 -4.637 -4.022 -6.845 -9.800 -11.304 -11.897 -12.663 -12.528 -13.237 -13.203 -13.595 -13.955 -14.335 -14.553 -14.878 -14.965 -14.870
2.900 -4.525 -3.840 -6.735 -9.705 -11.239 -11.843 -12.622 -12.487 -13.208 -13.178 -13.574 -13.941 -14.328 -14.552 -14.885 -14.978 -14.886
3.000 -4.408 -3.651 -6.622 -9.605 -11.168 -11.784 -12.577 -12.443 -13.175 -13.150 -13.550 -13.923 -14.320 -14.549 -14.891 -14.990 -14.901
3.100 -4.289 -3.457 -6.505 -9.500 -11.094 -11.721 -12.528 -12.395 -13.139 -13.118 -13.522 -13.902 -14.308 -14.544 -14.895 -15.001 -14.917
3.200 -4.172 -3.264 -6.389 -9.395 -11.019 -11.658 -12.479 -12.346 -13.101 -13.086 -13.494 -13.881 -14.296 -14.538 -14.899 -15.013 -14.933
3.300 -4.060 -3.077 -6.277 -9.292 -10.946 -11.596 -12.431 -12.298 -13.065 -13.055 -13.466 -13.860 -14.284 -14.532 -14.903 -15.025 -14.950
3.400 -3.947 -2.886 -6.164 -9.187 -10.870 -11.532 -12.380 -12.248 -13.026 -13.022 -13.436 -13.837 -14.271 -14.525 -14.906 -15.037 -14.966
3.500 -3.829 -2.688 -6.046 -9.075 -10.789 -11.463 -12.325 -12.194 -12.983 -12.985 -13.402 -13.810 -14.254 -14.514 -14.908 -15.047 -14.982
3.600 -3.709 -2.485 -5.926 -8.960 -10.705 -11.390 -12.267 -12.137 -12.938 -12.945 -13.366 -13.781 -14.235 -14.502 -14.907 -15.056 -14.997
3.700 -3.587 -2.279 -5.804 -8.842 -10.619 -11.316 -12.206 -12.078 -12.890 -12.904 -13.328 -13.750 -14.214 -14.488 -14.905 -15.064 -15.012
3.800 -3.467 -2.073 -5.682 -8.723 -10.531 -11.240 -12.145 -12.017 -12.841 -12.861 -13.288 -13.718 -14.192 -14.474 -14.903 -15.072 -15.026
3.900 -3.348 -1.868 -5.562 -8.604 -10.443 -11.164 -12.082 -11.956 -12.791 -12.818 -13.249 -13.685 -14.170 -14.458 -14.900 -15.079 -15.040
4.000 -3.227 -1.658 -5.439 -8.481 -10.352 -11.085 -12.018 -11.893 -12.739 -12.773 -13.206 -13.650 -14.145 -14.441 -14.895 -15.085 -15.053
4.100 -3.102 -1.441 -5.312 -8.353 -10.256 -11.001 -11.949 -11.825 -12.683 -12.725 -13.161 -13.612 -14.118 -14.421 -14.889 -15.090 -15.065
4.200 -2.975 -1.221 -5.183 -8.221 -10.158 -10.915 -11.877 -11.755 -12.625 -12.674 -13.113 -13.571 -14.089 -14.399 -14.880 -15.093 -15.076
4.300 -2.844 -0.994 -5.051 -8.085 -10.055 -10.825 -11.802 -11.682 -12.563 -12.620 -13.062 -13.528 -14.057 -14.375 -14.870 -15.095 -15.086
4.400 -2.713 -0.764 -4.917 -7.946 -9.950 -10.733 -11.724 -11.606 -12.499 -12.565 -13.009 -13.482 -14.023 -14.349 -14.859 -15.096 -15.095
4.500 -2.582 -0.533 -4.783 -7.806 -9.844 -10.639 -11.646 -11.530 -12.435 -12.509 -12.955 -13.436 -13.988 -14.322 -14.846 -15.096 -15.103
4.600 -2.450 -0.301 -4.649 -7.663 -9.736 -10.544 -11.566 -11.452 -12.368 -12.451 -12.900 -13.388 -13.952 -14.294 -14.833 -15.095 -15.111
4.700 -2.316 -0.064 -4.512 -7.518 -9.625 -10.446 -11.483 -11.371 -12.299 -12.391 -12.843 -13.338 -13.913 -14.264 -14.818 -15.093 -15.117
4.800 -2.179 0.179 -4.372 -7.367 -9.510 -10.344 -11.396 -11.287 -12.227 -12.328 -12.782 -13.285 -13.872 -14.232 -14.800 -15.089 -15.122
4.900 -2.039 0.427 -4.229 -7.212 -9.391 -10.239 -11.306 -11.200 -12.151 -12.262 -12.719 -13.229 -13.829 -14.197 -14.781 -15.083 -15.126
5.000 -1.895 0.681 -4.082 -7.052 -9.269 -10.129 -11.213 -11.109 -12.073 -12.193 -12.652 -13.170 -13.783 -14.160 -14.760 -15.076 -15.128
5.100 -1.750 0.938 -3.934 -6.889 -9.143 -10.017 -11.117 -11.016 -11.992 -12.122 -12.584 -13.109 -13.735 -14.120 -14.737 -15.068 -15.130
5.200 -1.667 1.079 -3.849 -6.797 -9.070 -9.951 -11.059 -10.960 -11.941 -12.078 -12.540 -13.070 -13.702 -14.092 -14.718 -15.055 -15.122
5.300 -1.652 1.094 -3.834 -6.781 -9.055 -9.936 -11.044 -10.945 -11.926 -12.062 -12.525 -13.054 -13.687 -14.077 -14.702 -15.040 -15.107
5.400 -1.636 1.110 -3.818 -6.765 -9.039 -9.920 -11.028 -10.929 -11.910 -12.047 -12.509 -13.038 -13.671 -14.061 -14.687 -15.024 -15.091
5.500 -1.619 1.126 -3.802 -6.749 -9.023 -9.904 -11.011 -10.912 -11.894 -12.030 -12.492 -13.022 -13.654 -14.045 -14.670 -15.008 -15.075
5.600 -1.601 1.144 -3.784 -6.731 -9.005 -9.886 -10.994 -10.894 -11.876 -12.012 -12.475 -13.004 -13.636 -14.027 -14.652 -14.990 -15.057
5.700 -1.582 1.163 -3.765 -6.712 -8.986 -9.867 -10.975 -10.875 -11.857 -11.993 -12.456 -12.985 -13.617 -14.008 -14.633 -14.971 -15.038
5.800 -1.563 1.183 -3.745 -6.693 -8.966 -9.847 -10.955 -10.856 -11.837 -11.974 -12.436 -12.965 -13.598 -13.988 -14.614 -14.951 -15.018
5.900 -1.542 1.203 -3.724 -6.672 -8.945 -9.826 -10.934 -10.835 -11.817 -11.953 -12.415 -12.945 -13.577 -13.967 -14.593 -14.931 -14.998
6.000 -1.521 1.225 -3.703 -6.651 -8.924 -9.805 -10.913 -10.814 -11.795 -11.932 -12.394 -12.923 -13.556 -13.946 -14.572 -14.909 -14.976
6.100 -1.499 1.247 -3.681 -6.629 -8.902 -9.783 -10.891 -10.792 -11.773 -11.910 -12.372 -12.902 -13.534 -13.924 -14.550 -14.887 -14.954
6.200 -1.476 1.269 -3.659 -6.606 -8.880 -9.761 -10.869 -10.769 -11.751 -11.887 -12.350 -12.879 -13.511 -13.902 -14.527 -14.865 -14.932
6.300 -1.454 1.292 -3.636 -6.583 -8.857 -9.738 -10.846 -10.747 -11.728 -11.864 -12.327 -12.856 -13.489 -13.879 -14.504 -14.842 -14.909
6.400 -1.430 1.315 -3.613 -6.560 -8.833 -9.714 -10.822 -10.723 -11.705 -11.841 -12.303 -12.833 -13.465 -13.855 -14.481 -14.819 -14.886
6.500 -1.406 1.340 -3.588 -6.536 -8.809 -9.690 -10.798 -10.699 -11.681 -11.817 -12.279 -12.809 -13.441 -13.831 -14.457 -14.795 -14.862
6.600 -1.381 1.365 -3.563 -6.511 -8.784 -9.665 -10.773 -10.674 -11.656 -11.792 -12.254 -12.784 -13.416 -13.806 -14.432 -14.770 -14.837
6.700 -1.355 1.390 -3.538 -6.485 -8.759 -9.640 -10.748 -10.648 -11.630 -11.766 -12.229 -12.758 -13.390 -13.781 -14.406 -14.744 -14.811
6.800 -1.329 1.416 -3.512 -6.459 -8.733 -9.614 -10.721 -10.622 -11.604 -11.740 -12.202 -12.732 -13.364 -13.755 -14.380 -14.718 -14.785
6.900 -1.302 1.443 -3.485 -6.432 -8.706 -9.587 -10.695 -10.595 -11.577 -11.713 -12.176 -12.705 -13.338 -13.728 -14.353 -14.691 -14.758
7.000 -1.275 1.471 -3.457 -6.405 -8.678 -9.559 -10.667 -10.568 -11.550 -11.686 -12.148 -12.678 -13.310 -13.700 -14.326 -14.664 -14.731
7.100 -1.247 1.498 -3.430 -6.377 -8.651 -9.532 -10.640 -10.540 -11.522 -11.658 -12.121 -12.650 -13.282 -13.673 -14.298 -14.636 -14.703
7.200 -1.219 1.526 -3.402 -6.349 -8.623 -9.504 -10.611 -10.512 -11.494 -11.630 -12.092 -12.622 -13.254 -13.645 -14.270 -14.608 -14.675
7.300 -1.191 1.555 -3.373 -6.320 -8.594 -9.475 -10.583 -10.484 -11.465 -11.602 -12.064 -12.593 -13.226 -13.616 -14.242 -14.579 -14.646
7.400 -1.162 1.583 -3.345 -6.292 -8.566 -9.447 -10.554 -10.455 -11.437 -11.573 -12.035 -12.565 -13.197 -13.588 -14.213 -14.551 -14.618
7.500 -1.133 1.612 -3.316 -6.263 -8.537 -9.418 -10.525 -10.426 -11.408 -11.544 -12.006 -12.536 -13.168 -13.559 -14.184 -14.522 -14.589
7.600 -1.104 1.642 -3.286 -6.234 -8.507 -9.388 -10.496 -10.397 -11.379 -11.515 -11.977 -12.507 -13.139 -13.529 -14.155 -14.493 -14.560
7.700 -1.074 1.671 -3.257 -6.204 -8.478 -9.359 -10.467 -10.367 -11.349 -11.485 -11.948 -12.477 -13.109 -13.500 -14.125 -14.463 -14.530
7.800 -1.044 1.701 -3.227 -6.174 -8.448 -9.329 -10.437 -10.337 -11.319 -11.455 -11.918 -12.447 -13.080 -13.470 -14.095 -14.433 -14.500
7.900 -1.014 1.731 -3.197 -6.144 -8.418 -9.299 -10.406 -10.307 -11.289 -11.425 -11.887 -12.417 -13.049 -13.440 -14.065 -14.403 -14.470
8.000 -0.984 1.762 -3.166 -6.114 -8.387 -9.268 -10.376 -10.277 -11.258 -11.395 -11.857 -12.386 -13.019 -13.409 -14.035 -14.372 -14.439
8.100 -0.953 1.792 -3.136 -6.083 -8.357 -9.238 -10.345 -10.246 -11.228 -11.364 -11.826 -12.356 -12.988 -13.379 -14.004 -14.342 -14.409
8.200 -0.922 1.823 -3.105 -6.052 -8.326 -9.207 -10.315 -10.215 -11.197 -11.333 -11.796 -12.325 -12.957 -13.348 -13.973 -14.311 -14.378
8.300 -0.891 1.854 -3.074 -6.021 -8.295 -9.176 -10.284 -10.184 -11.166 -11.302 -11.765 -12.294 -12.927 -13.317 -13.942 -14.280 -14.347
8.400 -0.861 1.885 -3.043 -5.990 -8.264 -9.145 -10.253 -10.154 -11.135 -11.271 -11.734 -12.263 -12.896 -13.286 -13.912 -14.249 -14.316
8.500 -0.830 1.916 -3.012 -5.959 -8.233 -9.114 -10.222 -10.123 -11.104 -11.240 -11.703 -12.232 -12.865 -13.255 -13.881 -14.218 -14.285
8.600 -0.799 1.947 -2.981 -5.929 -8.202 -9.083 -10.191 -10.092 -11.073 -11.210 -11.672 -12.202 -12.834 -13.224 -13.850 -14.187 -14.254
8.700 -0.768 1.977 -2.951 -5.898 -8.171 -9.052 -10.160 -10.061 -11.043 -11.179 -11.641 -12.171 -12.803 -13.193 -13.819 -14.157 -14.224
8.800 -0.737 2.008 -2.920 -5.867 -8.141 -9.022 -10.130 -10.030 -11.012 -11.148 -11.611 -12.140 -12.773 -13.163 -13.788 -14.126 -14.193
8.900 -0.707 2.039 -2.889 -5.837 -8.110 -8.991 -10.099 -10.000 -10.982 -11.118 -11.580 -12.110 -12.742 -13.132 -13.758 -14.095 -14.162
9.000 -0.676 2.069 -2.859 -5.806 -8.080 -8.961 -10.069 -9.969 -10.951 -11.087 -11.550 -12.079 -12.712 -13.102 -13.727 -14.065 -14.132
9.100 -0.646 2.100 -2.828 -5.776 -8.049 -8.930 -10.038 -9.939 -10.921 -11.057 -11.519 -12.049 -12.681 -13.071 -13.697 -14.035 -14.102
9.200 -0.616 2.130 -2.798 -5.746 -8.019 -8.900 -10.008 -9.909 -10.890 -11.027 -11.489 -12.018 -12.651 -13.041 -13.667 -14.004 -14.071
9.300 -0.586 2.160 -2.768 -5.715 -7.989 -8.870 -9.978 -9.879 -10.860 -10.996 -11.459 -11.988 -12.621 -13.011 -13.637 -13.974 -14.041
9.400 -0.556 2.190 -2.738 -5.686 -7.959 -8.840 -9.948 -9.849 -10.830 -10.967 -11.429 -11.959 -12.591 -12.981 -13.607 -13.944 -14.011
9.500 -0.526 2.219 -2.709 -5.656 -7.930 -8.811 -9.918 -9.819 -10.801 -10.937 -11.399 -11.929 -12.561 -12.952 -13.577 -13.915 -13.982
9.600 -0.497 2.249 -2.679 -5.626 -7.900 -8.781 -9.889 -9.790 -10.771 -10.908 -11.370 -11.899 -12.532 -12.922 -13.548 -13.885 -13.952
9.700 -0.468 2.278 -2.650 -5.597 -7.871 -8.752 -9.860 -9.761 -10.742 -10.878 -11.341 -11.870 -12.503 -12.893 -13.518 -13.856 -13.923
9.800 -0.439 2.307 -2.621 -5.568 -7.842 -8.723 -9.831 -9.732 -10.713 -10.850 -11.312 -11.841 -12.474 -12.864 -13.490 -13.827 -13.894
9.900 -0.410 2.335 -2.593 -5.540 -7.814 -8.695 -9.802 -9.703 -10.685 -10.821 -11.283 -11.813 -12.445 -12.836 -13.461 -13.799 -13.866
10.000 -0.382 2.364 -2.564 -5.512 -7.785 -8.666 -9.774 -9.675 -10.657 -10.793 -11.255 -11.785 -12.417 -12.807 -13.433 -13.771 -13.838
10.100 -0.354 2.391 -2.537 -5.484 -7.758 -8.639 -9.746 -9.647 -10.629 -10.765 -11.227 -11.757 -12.389 -12.780 -13.405 -13.743 -13.810
10.200 -0.327 2.419 -2.509 -5.457 -7.730 -8.611 -9.719 -9.620 -10.601 -10.738 -11.200 -11.729 -12.362 -12.752 -13.378 -13.715 -13.782
10.300 -0.300 2.446 -2.482 -5.429 -7.703 -8.584 -9.692 -9.593 -10.574 -10.711 -11.173 -11.702 -12.335 -12.725 -13.351 -13.688 -13.755
10.400 -0.273 2.473 -2.455 -5.403 -7.676 -8.557 -9.665 -9.566 -10.548 -10.684 -11.146 -11.676 -12.308 -12.698 -13.324 -13.662 -13.729
10.500 -0.247 2.499 -2.429 -5.377 -7.650 -8.531 -9.639 -9.540 -10.521 -10.658 -11.120 -11.649 -12.282 -12.672 -13.298 -13.635 -13.702
10.600 -0.221 2.525 -2.403 -5.351 -7.624 -8.505 -9.613 -9.514 -10.496 -10.632 -11.094 -11.624 -12.256 -12.646 -13.272 -13.609 -13.676
10.700 -0.195 2.550 -2.378 -5.325 -7.599 -8.480 -9.588 -9.488 -10.470 -10.606 -11.069 -11.598 -12.230 -12.621 -13.246 -13.584 -13.651
10.800 -0.170 2.575 -2.353 -5.300 -7.574 -8.455 -9.562 -9.463 -10.445 -10.581 -11.043 -11.573 -12.205 -12.596 -13.221 -13.559 -13.626
10.900 -0.145 2.600 -2.328 -5.275 -7.549 -8.430 -9.538 -9.438 -10.420 -10.556 -11.019 -11.548 -12.181 -12.571 -13.196 -13.534 -13.601
11.000 -0.121 2.624 -2.304 -5.251 -7.525 -8.406 -9.513 -9.414 -10.396 -10.532 -10.994 -11.524 -12.156 -12.547 -13.172 -13.510 -13.577
11.100 -0.097 2.648 -2.280 -5.227 -7.501 -8.382 -9.490 -9.390 -10.372 -10.508 -10.971 -11.500 -12.132 -12.523 -13.148 -13.486 -13.553
11.200 -0.074 2.672 -2.256 -5.204 -7.477 -8.358 -9.466 -9.367 -10.348 -10.485 -10.947 -11.476 -12.109 -12.499 -13.125 -13.462 -13.529
11.300 -0.051 2.695 -2.233 -5.180 -7.454 -8.335 -9.443 -9.344 -10.325 -10.461 -10.924 -11.453 -12.086 -12.476 -13.102 -13.439 -13.506
11.400 -0.028 2.718 -2.210 -5.158 -7.431 -8.312 -9.420 -9.321 -10.303 -10.439 -10.901 -11.431 -12.063 -12.453 -13.079 -13.416 -13.483
11.500 -0.006 2.740 -2.188 -5.135 -7.409 -8.290 -9.398 -9.299 -10.280 -10.416 -10.879 -11.408 -12.041 -12.431 -13.057 -13.394 -13.461
11.600 0.016 2.762 -2.166 -5.114 -7.387 -8.268 -9.376 -9.277 -10.258 -10.395 -10.857 -11.386 -12.019 -12.409 -13.035 -13.372 -13.439
11.700 0.038 2.783 -2.145 -5.092 -7.366 -8.247 -9.355 -9.255 -10.237 -10.373 -10.836 -11.365 -11.997 -12.388 -13.013 -13.351 -13.418
11.800 0.059 2.804 -2.124 -5.071 -7.345 -8.226 -9.333 -9.234 -10.216 -10.352 -10.814 -11.344 -11.976 -12.367 -12.992 -13.330 -13.397
11.900 0.080 2.825 -2.103 -5.050 -7.324 -8.205 -9.313 -9.213 -10.195 -10.331 -10.794 -11.323 -11.956 -12.346 -12.971 -13.309 -13.376
12.000 0.100 2.845 -2.083 -5.030 -7.304 -8.185 -9.292 -9.193 -10.175 -10.311 -10.773 -11.303 -11.935 -12.326 -12.951 -13.289 -13.356
12.100 0.120 2.865 -2.063 -5.010 -7.284 -8.165 -9.272 -9.173 -10.155 -10.291 -10.753 -11.283 -11.915 -12.306 -12.931 -13.269 -13.336
12.200 0.139 2.885 -2.043 -4.990 -7.264 -8.145 -9.253 -9.154 -10.135 -10.271 -10.734 -11.263 -11.896 -12.286 -12.912 -13.249 -13.316
12.300 0.159 2.904 -2.024 -4.971 -7.245 -8.126 -9.234 -9.134 -10.116 -10.252 -10.715 -11.244 -11.876 -12.267 -12.892 -13.230 -13.297
12.400 0.178 2.923 -2.005 -4.952 -7.226 -8.107 -9.215 -9.115 -10.097 -10.233 -10.696 -11.225 -11.858 -12.248 -12.873 -13.211 -13.278
12.500 0.196 2.942 -1.986 -4.934 -7.207 -8.088 -9.196 -9.097 -10.078 -10.215 -10.677 -11.207 -11.839 -12.229 -12.855 -13.192 -13.259
12.600 0.214 2.960 -1.968 -4.915 -7.189 -8.070 -9.178 -9.079 -10.060 -10.196 -10.659 -11.188 -11.821 -12.211 -12.837 -13.174 -13.241
12.700 0.232 2.978 -1.950 -4.897 -7.171 -8.052 -9.160 -9.061 -10.042 -10.178 -10.641 -11.170 -11.803 -12.193 -12.819 -13.156 -13.223
12.800 0.250 2.996 -1.932 -4.880 -7.153 -8.034 -9.142 -9.043 -10.025 -10.161 -10.623 -11.153 -11.785 -12.175 -12.801 -13.139 -13.206
12.900 0.267 3.013 -1.915 -4.862 -7.136 -8.017 -9.125 -9.026 -10.007 -10.143 -10.606 -11.135 -11.768 -12.158 -12.784 -13.121 -13.188
13.000 0.284 3.030 -1.898 -4.845 -7.119 -8.000 -9.108 -9.009 -9.990 -10.126 -10.589 -11.118 -11.751 -12.141 -12.767 -13.104 -13.171
13.100 0.301 3.047 -1.881 -4.829 -7.102 -7.983 -9.091 -8.992 -9.973 -10.110 -10.572 -11.101 -11.734 -12.124 -12.750 -13.087 -13.154
13.200 0.318 3.063 -1.865 -4.812 -7.086 -7.967 -9.075 -8.975 -9.957 -10.093 -10.556 -11.085 -11.717 -12.108 -12.733 -13.071 -13.138
13.300 0.334 3.080 -1.848 -4.796 -7.069 -7.950 -9.058 -8.959 -9.941 -10.077 -10.539 -11.069 -11.701 -12.091 -12.717 -13.055 -13.122
13.400 0.350 3.096 -1.832 -4.780 -7.053 -7.934 -9.042 -8.943 -9.925 -10.061 -10.523 -11.053 -11.685 -12.075 -12.701 -13.038 -13.106
13.500 0.366 3.111 -1.817 -4.764 -7.038 -7.919 -9.026 -8.927 -9.909 -10.045 -10.507 -11.037 -11.669 -12.060 -12.685 -13.023 -13.090
13.600 0.381 3.127 -1.801 -4.748 -7.022 -7.903 -9.011 -8.912 -9.893 -10.029 -10.492 -11.021 -11.654 -12.044 -12.670 -13.007 -13.074
13.700 0.397 3.142 -1.786 -4.733 -7.007 -7.888 -8.996 -8.896 -9.878 -10.014 -10.477 -11.006 -11.638 -12.029 -12.654 -12.992 -13.059
13.800 0.412 3.157 -1.771 -4.718 -6.992 -7.873 -8.980 -8.881 -9.863 -9.999 -10.461 -10.991 -11.623 -12.014 -12.639 -12.977 -13.044
13.900 0.427 3.172 -1.756 -4.703 -6.977 -7.858 -8.966 -8.866 -9.848 -9.984 -10.447 -10.976 -11.608 -11.999 -12.624 -12.962 -13.029
14.000 0.441 3.187 -1.741 -4.688 -6.962 -7.843 -8.951 -8.852 -9.833 -9.969 -10.432 -10.961 -11.594 -11.984 -12.610 -12.947 -13.014
14.100 0.456 3.201 -1.727 -4.674 -6.948 -7.829 -8.936 -8.837 -9.819 -9.955 -10.417 -10.947 -11.579 -11.970 -12.595 -12.933 -13.000
14.200 0.470 3.216 -1.712 -4.660 -6.933 -7.814 -8.922 -8.823 -9.804 -9.941 -10.403 -10.933 -11.565 -11.955 -12.581 -12.918 -12.985
14.300 0.484 3.230 -1.698 -4.645 -6.919 -7.800 -8.908 -8.809 -9.790 -9.927 -10.389 -10.918 -11.551 -11.941 -12.567 -12.904 -12.971
14.400 0.498 3.244 -1.684 -4.632 -6.905 -7.786 -8.894 -8.795 -9.776 -9.913 -10.375 -10.904 -11.537 -11.927 -12.553 -12.890 -12.957
14.500 0.512 3.258 -1.670 -4.618 -6.891 -7.772 -8.880 -8.781 -9.763 -9.899 -10.361 -10.891 -11.523 -11.913 -12.539 -12.876 -12.944
14.600 0.526 3.271 -1.657 -4.604 -6.878 -7.759 -8.867 -8.767 -9.749 -9.885 -10.348 -10.877 -11.509 -11.900 -12.525 -12.863 -12.930
14.700 0.539 3.285 -1.643 -4.591 -6.864 -7.745 -8.853 -8.754 -9.735 -9.872 -10.334 -10.864 -11.496 -11.886 -12.512 -12.849 -12.916
14.800 0.552 3.298 -1.630 -4.577 -6.851 -7.732 -8.840 -8.740 -9.722 -9.858 -10.321 -10.850 -11.483 -11.873 -12.498 -12.836 -12.903
14.900 0.566 3.311 -1.617 -4.564 -6.838 -7.719 -8.827 -8.727 -9.709 -9.845 -10.308 -10.837 -11.469 -11.860 -12.485 -12.823 -12.890
15.000 0.579 3.324 -1.604 -4.551 -6.825 -7.706 -8.814 -8.714 -9.696 -9.832 -10.295 -10.824 -11.456 -11.847 -12.472 -12.810 -12.877
