# day W2 M2 W1 u B g V c r w o i z y J H K
0.000 -10.151 -9.946 -9.743 -8.885 -8.518 -8.340 -8.027 -8.152 -7.771 -7.956 -7.630 -7.348 -7.033 -6.790 -6.297 -5.662 -5.075
0.100 -14.796 -14.760 -14.666 -14.294 -14.089 -13.981 -13.791 -13.862 -13.621 -13.722 -13.525 -13.327 -13.093 -12.904 -12.511 -11.969 -11.449
0.200 -14.567 -14.679 -14.699 -14.692 -14.599 -14.539 -14.424 -14.465 -14.309 -14.365 -14.240 -14.091 -13.904 -13.746 -13.408 -12.917 -12.432
0.300 -14.003 -14.252 -14.405 -14.742 -14.758 -14.742 -14.696 -14.710 -14.629 -14.649 -14.585 -14.478 -14.330 -14.199 -13.906 -13.456 -13.000
0.400 -13.349 -13.715 -14.012 -14.665 -14.785 -14.812 -14.829 -14.820 -14.806 -14.797 -14.785 -14.715 -14.602 -14.494 -14.242 -13.828 -13.395
0.500 -12.695 -13.150 -13.591 -14.522 -14.741 -14.808 -14.883 -14.855 -14.902 -14.870 -14.903 -14.866 -14.787 -14.700 -14.485 -14.103 -13.693
0.600 -12.083 -12.598 -13.175 -14.344 -14.655 -14.760 -14.889 -14.844 -14.946 -14.896 -14.969 -14.963 -14.915 -14.848 -14.668 -14.317 -13.928
0.700 -11.523 -12.071 -12.772 -14.143 -14.540 -14.680 -14.859 -14.800 -14.953 -14.888 -14.998 -15.021 -15.002 -14.955 -14.808 -14.487 -14.118
0.800 -10.999 -11.562 -12.379 -13.925 -14.402 -14.575 -14.802 -14.730 -14.931 -14.855 -14.996 -15.047 -15.057 -15.028 -14.915 -14.623 -14.273
0.900 -10.488 -11.054 -11.985 -13.690 -14.244 -14.450 -14.721 -14.638 -14.885 -14.800 -14.970 -15.047 -15.085 -15.075 -14.995 -14.731 -14.401
1.000 -9.977 -10.534 -11.583 -13.438 -14.067 -14.305 -14.619 -14.527 -14.817 -14.726 -14.922 -15.025 -15.091 -15.099 -15.052 -14.817 -14.507
1.100 -9.463 -9.998 -11.174 -13.173 -13.877 -14.146 -14.501 -14.401 -14.732 -14.637 -14.857 -14.984 -15.078 -15.105 -15.090 -14.884 -14.593
1.200 -8.961 -9.459 -10.767 -12.902 -13.678 -13.977 -14.372 -14.264 -14.634 -14.537 -14.779 -14.930 -15.050 -15.095 -15.112 -14.935 -14.664
1.300 -8.490 -8.937 -10.376 -12.632 -13.477 -13.803 -14.235 -14.122 -14.527 -14.431 -14.692 -14.864 -15.010 -15.072 -15.120 -14.972 -14.721
1.400 -8.076 -8.467 -10.023 -12.377 -13.284 -13.636 -14.100 -13.982 -14.419 -14.324 -14.601 -14.793 -14.962 -15.040 -15.118 -14.998 -14.767
1.500 -7.732 -8.070 -9.719 -12.148 -13.107 -13.480 -13.973 -13.851 -14.315 -14.221 -14.512 -14.721 -14.911 -15.003 -15.109 -15.014 -14.803
1.600 -7.449 -7.742 -9.464 -11.949 -12.949 -13.340 -13.856 -13.732 -14.217 -14.127 -14.428 -14.651 -14.858 -14.964 -15.094 -15.024 -14.831
1.700 -7.227 -7.483 -9.263 -11.787 -12.821 -13.226 -13.760 -13.634 -14.137 -14.049 -14.359 -14.593 -14.815 -14.930 -15.080 -15.029 -14.850
1.800 -7.035 -7.254 -9.089 -11.649 -12.712 -13.128 -13.678 -13.551 -14.069 -13.983 -14.300 -14.544 -14.778 -14.902 -15.067 -15.030 -14.861
1.900 -6.866 -7.048 -8.938 -11.531 -12.621 -13.049 -13.614 -13.485 -14.017 -13.934 -14.257 -14.509 -14.753 -14.884 -15.060 -15.030 -14.864
2.000 -6.717 -6.859 -8.805 -11.431 -12.546 -12.984 -13.561 -13.432 -13.975 -13.894 -14.223 -14.482 -14.735 -14.871 -15.057 -15.034 -14.872
2.100 -6.573 -6.671 -8.676 -11.335 -12.476 -12.924 -13.514 -13.384 -13.938 -13.859 -14.192 -14.459 -14.720 -14.861 -15.055 -15.040 -14.882
2.200 -6.433 -6.485 -8.550 -11.242 -12.410 -12.869 -13.471 -13.340 -13.905 -13.828 -14.166 -14.439 -14.708 -14.854 -15.057 -15.048 -14.895
2.300 -6.301 -6.306 -8.432 -11.154 -12.349 -12.818 -13.433 -13.301 -13.878 -13.802 -14.145 -14.423 -14.699 -14.851 -15.061 -15.059 -14.911
2.400 -6.174 -6.128 -8.317 -11.067 -12.290 -12.770 -13.397 -13.264 -13.852 -13.779 -14.126 -14.411 -14.694 -14.849 -15.068 -15.073 -14.929
2.500 -6.044 -5.945 -8.198 -10.977 -12.228 -12.719 -13.361 -13.227 -13.826 -13.755 -14.107 -14.399 -14.690 -14.850 -15.076 -15.086 -14.945
2.600 -5.918 -5.764 -8.081 -10.887 -12.168 -12.671 -13.326 -13.192 -13.804 -13.736 -14.093 -14.391 -14.690 -14.855 -15.087 -15.099 -14.959
2.700 -5.796 -5.586 -7.968 -10.799 -12.108 -12.623 -13.292 -13.157 -13.781 -13.716 -14.078 -14.383 -14.690 -14.860 -15.099 -15.115 -14.975
2.800 -5.676 -5.410 -7.856 -10.710 -12.048 -12.574 -13.257 -13.122 -13.758 -13.696 -14.062 -14.375 -14.690 -14.865 -15.111 -15.132 -14.994
2.900 -5.554 -5.228 -7.740 -10.616 -11.984 -12.521 -13.218 -13.082 -13.731 -13.672 -14.043 -14.363 -14.687 -14.867 -15.122 -15.149 -15.013
3.000 -5.432 -5.046 -7.625 -10.521 -11.918 -12.466 -13.177 -13.041 -13.702 -13.647 -14.022 -14.349 -14.683 -14.869 -15.133 -15.166 -15.034
3.100 -5.313 -4.864 -7.510 -10.425 -11.851 -12.411 -13.135 -12.999 -13.672 -13.621 -14.001 -14.335 -14.677 -14.869 -15.143 -15.183 -15.054
3.200 -5.196 -4.684 -7.398 -10.330 -11.784 -12.355 -13.093 -12.957 -13.642 -13.595 -13.978 -14.320 -14.671 -14.869 -15.153 -15.200 -15.076
3.300 -5.079 -4.503 -7.285 -10.233 -11.715 -12.297 -13.049 -12.914 -13.609 -13.567 -13.955 -14.303 -14.664 -14.868 -15.162 -15.217 -15.097
3.400 -4.959 -4.317 -7.169 -10.132 -11.643 -12.236 -13.002 -12.866 -13.574 -13.536 -13.928 -14.284 -14.654 -14.864 -15.169 -15.232 -15.118
3.500 -4.841 -4.131 -7.053 -10.030 -11.569 -12.174 -12.954 -12.818 -13.538 -13.504 -13.900 -14.263 -14.643 -14.860 -15.175 -15.247 -15.138
3.600 -4.722 -3.943 -6.937 -9.925 -11.494 -12.110 -12.903 -12.768 -13.499 -13.471 -13.870 -14.241 -14.630 -14.854 -15.180 -15.262 -15.158
3.700 -4.605 -3.755 -6.821 -9.820 -11.418 -12.045 -12.852 -12.718 -13.460 -13.437 -13.840 -14.217 -14.617 -14.847 -15.184 -15.275 -15.178
3.800 -4.489 -3.566 -6.706 -9.714 -11.341 -11.980 -12.799 -12.666 -13.419 -13.401 -13.808 -14.193 -14.602 -14.839 -15.188 -15.288 -15.197
3.900 -4.371 -3.376 -6.589 -9.606 -11.262 -11.912 -12.745 -12.612 -13.377 -13.365 -13.775 -14.166 -14.586 -14.829 -15.190 -15.300 -15.215
4.000 -4.251 -3.179 -6.469 -9.494 -11.179 -11.840 -12.687 -12.555 -13.331 -13.325 -13.738 -14.137 -14.567 -14.817 -15.190 -15.310 -15.232
4.100 -4.132 -2.983 -6.350 -9.381 -11.095 -11.768 -12.629 -12.497 -13.285 -13.284 -13.701 -14.107 -14.547 -14.804 -15.189 -15.320 -15.248
4.200 -4.011 -2.783 -6.229 -9.264 -11.009 -11.693 -12.568 -12.438 -13.236 -13.242 -13.662 -14.075 -14.525 -14.789 -15.187 -15.328 -15.263
4.300 -3.891 -2.583 -6.108 -9.147 -10.922 -11.617 -12.506 -12.377 -13.187 -13.199 -13.622 -14.042 -14.503 -14.774 -15.184 -15.336 -15.278
4.400 -3.771 -2.381 -5.987 -9.028 -10.833 -11.540 -12.442 -12.314 -13.136 -13.154 -13.581 -14.008 -14.479 -14.757 -15.180 -15.342 -15.291
4.500 -3.650 -2.177 -5.865 -8.907 -10.742 -11.461 -12.377 -12.250 -13.083 -13.108 -13.537 -13.972 -14.453 -14.739 -15.174 -15.348 -15.304
4.600 -3.528 -1.969 -5.741 -8.783 -10.649 -11.380 -12.310 -12.184 -13.028 -13.060 -13.492 -13.934 -14.426 -14.719 -15.167 -15.352 -15.316
4.700 -3.403 -1.756 -5.614 -8.655 -10.553 -11.295 -12.239 -12.115 -12.970 -13.010 -13.445 -13.894 -14.396 -14.697 -15.159 -15.355 -15.327
4.800 -3.278 -1.543 -5.488 -8.527 -10.456 -11.210 -12.168 -12.046 -12.912 -12.958 -13.396 -13.852 -14.366 -14.674 -15.149 -15.357 -15.336
4.900 -3.152 -1.325 -5.359 -8.395 -10.355 -11.122 -12.094 -11.973 -12.850 -12.905 -13.346 -13.809 -14.333 -14.649 -15.138 -15.358 -15.345
5.000 -3.024 -1.105 -5.229 -8.260 -10.253 -11.031 -12.018 -11.899 -12.788 -12.850 -13.293 -13.764 -14.299 -14.623 -15.126 -15.357 -15.353
5.100 -2.897 -0.884 -5.099 -8.124 -10.150 -10.940 -11.941 -11.824 -12.724 -12.794 -13.240 -13.717 -14.264 -14.595 -15.113 -15.356 -15.360
5.200 -2.768 -0.660 -4.968 -7.986 -10.044 -10.847 -11.862 -11.747 -12.658 -12.737 -13.185 -13.670 -14.228 -14.567 -15.098 -15.354 -15.366
5.300 -2.638 -0.432 -4.835 -7.845 -9.937 -10.751 -11.781 -11.668 -12.590 -12.678 -13.128 -13.620 -14.190 -14.536 -15.082 -15.351 -15.371
5.400 -2.506 -0.201 -4.701 -7.701 -9.826 -10.653 -11.698 -11.587 -12.521 -12.617 -13.070 -13.568 -14.150 -14.504 -15.065 -15.346 -15.375
5.500 -2.372 0.034 -4.564 -7.554 -9.713 -10.553 -11.611 -11.504 -12.448 -12.553 -13.009 -13.515 -14.108 -14.471 -15.046 -15.340 -15.377
5.600 -2.237 0.271 -4.426 -7.404 -9.598 -10.450 -11.524 -11.418 -12.374 -12.489 -12.946 -13.459 -14.064 -14.436 -15.026 -15.333 -15.379
5.700 -2.100 0.512 -4.286 -7.252 -9.480 -10.345 -11.434 -11.331 -12.298 -12.422 -12.882 -13.402 -14.019 -14.399 -15.005 -15.325 -15.380
5.800 -1.962 0.756 -4.145 -7.096 -9.360 -10.238 -11.342 -11.242 -12.220 -12.354 -12.816 -13.343 -13.972 -14.360 -14.982 -15.316 -15.380
5.900 -1.914 0.832 -4.096 -7.043 -9.317 -10.198 -11.306 -11.207 -12.188 -12.324 -12.787 -13.316 -13.949 -14.339 -14.964 -15.302 -15.369
6.000 -1.898 0.847 -4.080 -7.028 -9.301 -10.182 -11.290 -11.191 -12.173 -12.309 -12.771 -13.301 -13.933 -14.323 -14.949 -15.287 -15.354
6.100 -1.882 0.863 -4.065 -7.012 -9.285 -10.166 -11.274 -11.175 -12.157 -12.293 -12.755 -13.285 -13.917 -14.307 -14.933 -15.271 -15.338
6.200 -1.865 0.880 -4.048 -6.995 -9.269 -10.150 -11.258 -11.158 -12.140 -12.276 -12.739 -13.268 -13.901 -14.291 -14.916 -15.254 -15.321
6.300 -1.848 0.897 -4.031 -6.978 -9.252 -10.133 -11.240 -11.141 -12.123 -12.259 -12.721 -13.251 -13.883 -14.274 -14.899 -15.237 -15.304
6.400 -1.830 0.915 -4.013 -6.960 -9.234 -10.115 -11.222 -11.123 -12.105 -12.241 -12.703 -13.233 -13.865 -14.256 -14.881 -15.219 -15.286
6.500 -1.811 0.934 -3.994 -6.941 -9.215 -10.096 -11.204 -11.104 -12.086 -12.222 -12.685 -13.214 -13.846 -14.237 -14.862 -15.200 -15.267
6.600 -1.792 0.953 -3.975 -6.922 -9.196 -10.077 -11.185 -11.085 -12.067 -12.203 -12.666 -13.195 -13.827 -14.218 -14.843 -15.181 -15.248
6.700 -1.773 0.973 -3.955 -6.902 -9.176 -10.057 -11.165 -11.066 -12.047 -12.183 -12.646 -13.175 -13.808 -14.198 -14.824 -15.161 -15.228
6.800 -1.752 0.993 -3.935 -6.882 -9.156 -10.037 -11.145 -11.045 -12.027 -12.163 -12.626 -13.155 -13.787 -14.178 -14.803 -15.141 -15.208
6.900 -1.732 1.014 -3.914 -6.861 -9.135 -10.016 -11.124 -11.025 -12.006 -12.142 -12.605 -13.134 -13.767 -14.157 -14.783 -15.120 -15.187
7.000 -1.711 1.035 -3.893 -6.840 -9.114 -9.995 -11.103 -11.004 -11.985 -12.121 -12.584 -13.113 -13.746 -14.136 -14.761 -15.099 -15.166
7.100 -1.689 1.057 -3.871 -6.819 -9.092 -9.973 -11.081 -10.982 -11.964 -12.100 -12.562 -13.092 -13.724 -14.114 -14.740 -15.077 -15.145
7.200 -1.667 1.079 -3.849 -6.797 -9.070 -9.951 -11.059 -10.960 -11.942 -12.078 -12.540 -13.070 -13.702 -14.092 -14.718 -15.056 -15.123
7.300 -1.645 1.101 -3.827 -6.774 -9.048 -9.929 -11.037 -10.938 -11.919 -12.055 -12.518 -13.047 -13.680 -14.070 -14.695 -15.033 -15.100
7.400 -1.622 1.124 -3.804 -6.751 -9.025 -9.906 -11.014 -10.915 -11.896 -12.032 -12.495 -13.024 -13.657 -14.047 -14.673 -15.010 -15.077
7.500 -1.598 1.147 -3.781 -6.728 -9.002 -9.883 -10.990 -10.891 -11.873 -12.009 -12.471 -13.001 -13.633 -14.024 -14.649 -14.987 -15.054
7.600 -1.574 1.171 -3.757 -6.704 -8.978 -9.859 -10.966 -10.867 -11.849 -11.985 -12.447 -12.977 -13.609 -14.000 -14.625 -14.963 -15.030
7.700 -1.550 1.196 -3.732 -6.680 -8.953 -9.834 -10.942 -10.843 -11.825 -11.961 -12.423 -12.953 -13.585 -13.975 -14.601 -14.939 -15.006
7.800 -1.525 1.220 -3.708 -6.655 -8.929 -9.810 -10.918 -10.818 -11.800 -11.936 -12.399 -12.928 -13.561 -13.951 -14.576 -14.914 -14.981
7.900 -1.500 1.245 -3.683 -6.630 -8.904 -9.785 -10.893 -10.793 -11.775 -11.911 -12.374 -12.903 -13.536 -13.926 -14.551 -14.889 -14.956
8.000 -1.475 1.271 -3.657 -6.605 -8.878 -9.759 -10.867 -10.768 -11.750 -11.886 -12.348 -12.878 -13.510 -13.900 -14.526 -14.864 -14.931
8.100 -1.449 1.296 -3.632 -6.579 -8.853 -9.734 -10.842 -10.742 -11.724 -11.860 -12.323 -12.852 -13.485 -13.875 -14.500 -14.838 -14.905
8.200 -1.424 1.322 -3.606 -6.553 -8.827 -9.708 -10.816 -10.717 -11.698 -11.835 -12.297 -12.826 -13.459 -13.849 -14.475 -14.812 -14.879
8.300 -1.398 1.348 -3.580 -6.527 -8.801 -9.682 -10.790 -10.691 -11.672 -11.808 -12.271 -12.800 -13.433 -13.823 -14.449 -14.786 -14.853
8.400 -1.371 1.374 -3.554 -6.501 -8.775 -9.656 -10.764 -10.664 -11.646 -11.782 -12.245 -12.774 -13.406 -13.797 -14.422 -14.760 -14.827
8.500 -1.345 1.401 -3.527 -6.474 -8.748 -9.629 -10.737 -10.638 -11.619 -11.756 -12.218 -12.747 -13.380 -13.770 -14.396 -14.733 -14.800
8.600 -1.318 1.428 -3.500 -6.448 -8.721 -9.602 -10.710 -10.611 -11.593 -11.729 -12.191 -12.721 -13.353 -13.743 -14.369 -14.706 -14.773
8.700 -1.291 1.455 -3.473 -6.421 -8.694 -9.575 -10.683 -10.584 -11.565 -11.702 -12.164 -12.694 -13.326 -13.716 -14.342 -14.679 -14.746
8.800 -1.264 1.482 -3.446 -6.393 -8.667 -9.548 -10.656 -10.557 -11.538 -11.674 -12.137 -12.666 -13.299 -13.689 -14.315 -14.652 -14.719
8.900 -1.236 1.509 -3.419 -6.366 -8.639 -9.520 -10.628 -10.529 -11.511 -11.647 -12.109 -12.639 -13.271 -13.661 -14.287 -14.625 -14.692
9.000 -1.209 1.537 -3.391 -6.338 -8.612 -9.493 -10.601 -10.502 -11.483 -11.619 -12.082 -12.611 -13.244 -13.634 -14.259 -14.597 -14.664
9.100 -1.181 1.565 -3.363 -6.311 -8.584 -9.465 -10.573 -10.474 -11.455 -11.592 -12.054 -12.584 -13.216 -13.606 -14.232 -14.569 -14.636
9.200 -1.153 1.593 -3.335 -6.283 -8.556 -9.437 -10.545 -10.446 -11.428 -11.564 -12.026 -12.556 -13.188 -13.578 -14.204 -14.542 -14.609
9.300 -1.125 1.620 -3.308 -6.255 -8.529 -9.410 -10.517 -10.418 -11.400 -11.536 -11.998 -12.528 -13.160 -13.551 -14.176 -14.514 -14.581
9.400 -1.097 1.648 -3.279 -6.227 -8.500 -9.381 -10.489 -10.390 -11.372 -11.508 -11.970 -12.500 -13.132 -13.522 -14.148 -14.486 -14.553
9.500 -1.069 1.676 -3.252 -6.199 -8.473 -9.354 -10.461 -10.362 -11.344 -11.480 -11.942 -12.472 -13.104 -13.495 -14.120 -14.458 -14.525
9.600 -1.041 1.704 -3.224 -6.171 -8.445 -9.326 -10.433 -10.334 -11.316 -11.452 -11.914 -12.444 -13.076 -13.467 -14.092 -14.430 -14.497
9.700 -1.013 1.732 -3.196 -6.143 -8.417 -9.298 -10.405 -10.306 -11.288 -11.424 -11.886 -12.416 -13.048 -13.439 -14.064 -14.402 -14.469
9.800 -0.985 1.760 -3.168 -6.115 -8.389 -9.270 -10.377 -10.278 -11.260 -11.396 -11.858 -12.388 -13.020 -13.411 -14.036 -14.374 -14.441
9.900 -0.957 1.788 -3.140 -6.087 -8.361 -9.242 -10.350 -10.250 -11.232 -11.368 -11.831 -12.360 -12.992 -13.383 -14.008 -14.346 -14.413
10.000 -0.929 1.816 -3.112 -6.059 -8.333 -9.214 -10.322 -10.222 -11.204 -11.340 -11.803 -12.332 -12.964 -13.355 -13.980 -14.318 -14.385
10.100 -0.902 1.844 -3.084 -6.031 -8.305 -9.186 -10.294 -10.195 -11.176 -11.312 -11.775 -12.304 -12.937 -13.327 -13.953 -14.290 -14.357
10.200 -0.874 1.872 -3.056 -6.004 -8.277 -9.158 -10.266 -10.167 -11.148 -11.285 -11.747 -12.277 -12.909 -13.299 -13.925 -14.262 -14.329
10.300 -0.846 1.899 -3.029 -5.976 -8.250 -9.131 -10.238 -10.139 -11.121 -11.257 -11.719 -12.249 -12.881 -13.272 -13.897 -14.235 -14.302
10.400 -0.819 1.927 -3.001 -5.948 -8.222 -9.103 -10.211 -10.112 -11.093 -11.229 -11.692 -12.221 -12.854 -13.244 -13.870 -14.207 -14.274
10.500 -0.791 1.954 -2.974 -5.921 -8.195 -9.076 -10.183 -10.084 -11.066 -11.202 -11.664 -12.194 -12.826 -13.217 -13.842 -14.180 -14.247
10.600 -0.764 1.982 -2.946 -5.894 -8.167 -9.048 -10.156 -10.057 -11.039 -11.175 -11.637 -12.167 -12.799 -13.189 -13.815 -14.152 -14.219
10.700 -0.737 2.009 -2.919 -5.867 -8.140 -9.021 -10.129 -10.030 -11.011 -11.148 -11.610 -12.140 -12.772 -13.162 -13.788 -14.125 -14.192
10.800 -0.710 2.036 -2.892 -5.840 -8.113 -8.994 -10.102 -10.003 -10.985 -11.121 -11.583 -12.113 -12.745 -13.135 -13.761 -14.098 -14.165
10.900 -0.683 2.062 -2.866 -5.813 -8.087 -8.968 -10.075 -9.976 -10.958 -11.094 -11.556 -12.086 -12.718 -13.109 -13.734 -14.072 -14.139
11.000 -0.657 2.089 -2.839 -5.786 -8.060 -8.941 -10.049 -9.950 -10.931 -11.067 -11.530 -12.059 -12.692 -13.082 -13.708 -14.045 -14.112
11.100 -0.630 2.115 -2.813 -5.760 -8.034 -8.915 -10.023 -9.923 -10.905 -11.041 -11.504 -12.033 -12.665 -13.056 -13.681 -14.019 -14.086
11.200 -0.604 2.141 -2.787 -5.734 -8.008 -8.889 -9.997 -9.897 -10.879 -11.015 -11.478 -12.007 -12.639 -13.030 -13.655 -13.993 -14.060
11.300 -0.579 2.167 -2.761 -5.708 -7.982 -8.863 -9.971 -9.872 -10.853 -10.989 -11.452 -11.981 -12.614 -13.004 -13.630 -13.967 -14.034
11.400 -0.553 2.193 -2.735 -5.683 -7.956 -8.837 -9.945 -9.846 -10.828 -10.964 -11.426 -11.956 -12.588 -12.978 -13.604 -13.942 -14.009
11.500 -0.528 2.218 -2.710 -5.658 -7.931 -8.812 -9.920 -9.821 -10.802 -10.939 -11.401 -11.931 -12.563 -12.953 -13.579 -13.916 -13.983
11.600 -0.503 2.243 -2.685 -5.633 -7.906 -8.787 -9.895 -9.796 -10.778 -10.914 -11.376 -11.906 -12.538 -12.928 -13.554 -13.891 -13.958
11.700 -0.478 2.267 -2.661 -5.608 -7.882 -8.763 -9.870 -9.771 -10.753 -10.889 -11.351 -11.881 -12.513 -12.904 -13.529 -13.867 -13.934
11.800 -0.454 2.292 -2.636 -5.584 -7.857 -8.738 -9.846 -9.747 -10.728 -10.865 -11.327 -11.857 -12.489 -12.879 -13.505 -13.842 -13.909
11.900 -0.430 2.316 -2.612 -5.559 -7.833 -8.714 -9.822 -9.723 -10.704 -10.841 -11.303 -11.832 -12.465 -12.855 -13.481 -13.818 -13.885
12.000 -0.406 2.340 -2.588 -5.536 -7.809 -8.690 -9.798 -9.699 -10.681 -10.817 -11.279 -11.809 -12.441 -12.831 -13.457 -13.794 -13.861
12.100 -0.382 2.363 -2.565 -5.512 -7.786 -8.667 -9.775 -9.675 -10.657 -10.793 -11.256 -11.785 -12.418 -12.808 -13.433 -13.771 -13.838
12.200 -0.359 2.386 -2.542 -5.489 -7.763 -8.644 -9.752 -9.652 -10.634 -10.770 -11.233 -11.762 -12.394 -12.785 -13.410 -13.748 -13.815
12.300 -0.336 2.409 -2.519 -5.466 -7.740 -8.621 -9.729 -9.629 -10.611 -10.747 -11.210 -11.739 -12.372 -12.762 -13.387 -13.725 -13.792
12.400 -0.314 2.432 -2.496 -5.444 -7.717 -8.598 -9.706 -9.607 -10.589 -10.725 -11.187 -11.717 -12.349 -12.739 -13.365 -13.702 -13.769
12.500 -0.292 2.454 -2.474 -5.421 -7.695 -8.576 -9.684 -9.585 -10.566 -10.703 -11.165 -11.694 -12.327 -12.717 -13.343 -13.680 -13.747
12.600 -0.270 2.476 -2.452 -5.400 -7.673 -8.554 -9.662 -9.563 -10.545 -10.681 -11.143 -11.673 -12.305 -12.695 -13.321 -13.658 -13.725
12.700 -0.248 2.497 -2.431 -5.378 -7.652 -8.533 -9.641 -9.541 -10.523 -10.659 -11.122 -11.651 -12.283 -12.674 -13.299 -13.637 -13.704
12.800 -0.227 2.518 -2.409 -5.357 -7.630 -8.511 -9.619 -9.520 -10.502 -10.638 -11.100 -11.630 -12.262 -12.652 -13.278 -13.616 -13.683
12.900 -0.206 2.539 -2.389 -5.336 -7.610 -8.491 -9.598 -9.499 -10.481 -10.617 -11.079 -11.609 -12.241 -12.632 -13.257 -13.595 -13.662
13.000 -0.186 2.560 -2.368 -5.315 -7.589 -8.470 -9.578 -9.479 -10.460 -10.596 -11.059 -11.588 -12.221 -12.611 -13.237 -13.574 -13.641
13.100 -0.165 2.580 -2.348 -5.295 -7.569 -8.450 -9.558 -9.458 -10.440 -10.576 -11.039 -11.568 -12.201 -12.591 -13.216 -13.554 -13.621
13.200 -0.146 2.600 -2.328 -5.275 -7.549 -8.430 -9.538 -9.438 -10.420 -10.556 -11.019 -11.548 -12.181 -12.571 -13.196 -13.534 -13.601
13.300 -0.126 2.620 -2.308 -5.256 -7.529 -8.410 -9.518 -9.419 -10.401 -10.537 -10.999 -11.529 -12.161 -12.551 -13.177 -13.514 -13.581
13.400 -0.107 2.639 -2.289 -5.236 -7.510 -8.391 -9.499 -9.400 -10.381 -10.517 -10.980 -11.509 -12.142 -12.532 -13.158 -13.495 -13.562
13.500 -0.088 2.658 -2.270 -5.217 -7.491 -8.372 -9.480 -9.381 -10.362 -10.498 -10.961 -11.490 -12.123 -12.513 -13.139 -13.476 -13.543
13.600 -0.069 2.677 -2.251 -5.199 -7.472 -8.353 -9.461 -9.362 -10.344 -10.480 -10.942 -11.472 -12.104 -12.494 -13.120 -13.457 -13.525
13.700 -0.051 2.695 -2.233 -5.180 -7.454 -8.335 -9.443 -9.344 -10.325 -10.461 -10.924 -11.453 -12.086 -12.476 -13.102 -13.439 -13.506
13.800 -0.033 2.713 -2.215 -5.162 -7.436 -8.317 -9.425 -9.326 -10.307 -10.443 -10.906 -11.435 -12.068 -12.458 -13.083 -13.421 -13.488
13.900 -0.015 2.731 -2.197 -5.145 -7.418 -8.299 -9.407 -9.308 -10.289 -10.426 -10.888 -11.417 -12.050 -12.440 -13.066 -13.403 -13.470
14.000 0.003 2.748 -2.180 -5.127 -7.401 -8.282 -9.390 -9.290 -10.272 -10.408 -10.871 -11.400 -12.032 -12.423 -13.048 -13.386 -13.453
14.100 0.020 2.766 -2.162 -5.110 -7.383 -8.264 -9.372 -9.273 -10.255 -10.391 -10.853 -11.383 -12.015 -12.405 -13.031 -13.369 -13.436
14.200 0.037 2.782 -2.146 -5.093 -7.366 -8.247 -9.355 -9.256 -10.238 -10.374 -10.836 -11.366 -11.998 -12.388 -13.014 -13.352 -13.419
14.300 0.054 2.799 -2.129 -5.076 -7.350 -8.231 -9.339 -9.239 -10.221 -10.357 -10.820 -11.349 -11.982 -12.372 -12.997 -13.335 -13.402
14.400 0.070 2.816 -2.112 -5.060 -7.333 -8.214 -9.322 -9.223 -10.205 -10.341 -10.803 -11.333 -11.965 -12.355 -12.981 -13.319 -13.386
14.500 0.086 2.832 -2.096 -5.044 -7.317 -8.198 -9.306 -9.207 -10.188 -10.325 -10.787 -11.317 -11.949 -12.339 -12.965 -13.302 -13.369
14.600 0.102 2.848 -2.080 -5.028 -7.301 -8.182 -9.290 -9.191 -10.173 -10.309 -10.771 -11.301 -11.933 -12.323 -12.949 -13.286 -13.353
14.700 0.118 2.863 -2.065 -5.012 -7.286 -8.167 -9.275 -9.175 -10.157 -10.293 -10.756 -11.285 -11.917 -12.308 -12.933 -13.271 -13.338
14.800 0.133 2.879 -2.049 -4.997 -7.270 -8.151 -9.259 -9.160 -10.141 -10.278 -10.740 -11.270 -11.902 -12.292 -12.918 -13.255 -13.322
14.900 0.148 2.894 -2.034 -4.981 -7.255 -8.136 -9.244 -9.145 -10.126 -10.262 -10.725 -11.254 -11.887 -12.277 -12.903 -13.240 -13.307
15.000 0.163 2.909 -2.019 -4.966 -7.240 -8.121 -9.229 -9.130 -10.111 -10.247 -10.710 -11.239 -11.872 -12.262 -12.888 -13.225 -13.292
