# day W2 M2 W1 u B g V c r w o i z y J H K
0.000 -6.725 -6.602 -6.445 -5.800 -5.494 -5.341 -5.071 -5.176 -4.844 -4.998 -4.717 -4.463 -4.173 -3.947 -3.484 -2.876 -2.309
0.100 -11.412 -11.637 -11.750 -11.960 -11.920 -11.882 -11.802 -11.830 -11.713 -11.752 -11.660 -11.538 -11.380 -11.244 -10.948 -10.498 -10.045
0.200 -11.608 -11.942 -12.178 -12.669 -12.715 -12.710 -12.680 -12.688 -12.625 -12.639 -12.591 -12.499 -12.372 -12.259 -12.007 -11.602 -11.183
0.300 -11.587 -11.989 -12.321 -13.013 -13.126 -13.147 -13.155 -13.150 -13.127 -13.123 -13.106 -13.035 -12.929 -12.830 -12.607 -12.232 -11.836
0.400 -11.505 -11.954 -12.367 -13.218 -13.388 -13.432 -13.472 -13.455 -13.465 -13.448 -13.455 -13.401 -13.312 -13.225 -13.023 -12.671 -12.293
0.500 -11.392 -11.878 -12.362 -13.348 -13.567 -13.631 -13.700 -13.674 -13.713 -13.684 -13.713 -13.674 -13.600 -13.522 -13.338 -13.005 -12.642
0.600 -11.271 -11.783 -12.333 -13.434 -13.698 -13.781 -13.875 -13.841 -13.906 -13.868 -13.916 -13.891 -13.829 -13.760 -13.591 -13.274 -12.924
0.700 -11.143 -11.676 -12.286 -13.490 -13.796 -13.895 -14.014 -13.972 -14.061 -14.015 -14.080 -14.067 -14.018 -13.956 -13.801 -13.498 -13.159
0.800 -11.013 -11.561 -12.229 -13.525 -13.869 -13.985 -14.125 -14.077 -14.188 -14.135 -14.215 -14.215 -14.177 -14.122 -13.980 -13.690 -13.361
0.900 -10.884 -11.444 -12.165 -13.545 -13.926 -14.056 -14.217 -14.163 -14.295 -14.235 -14.330 -14.341 -14.314 -14.266 -14.136 -13.856 -13.537
1.000 -10.753 -11.322 -12.094 -13.552 -13.967 -14.111 -14.293 -14.232 -14.385 -14.319 -14.428 -14.450 -14.433 -14.391 -14.272 -14.004 -13.693
1.100 -10.623 -11.196 -12.018 -13.549 -13.997 -14.155 -14.355 -14.289 -14.461 -14.390 -14.512 -14.544 -14.537 -14.502 -14.393 -14.135 -13.832
1.200 -10.496 -11.072 -11.942 -13.540 -14.019 -14.190 -14.408 -14.337 -14.527 -14.452 -14.585 -14.627 -14.630 -14.601 -14.503 -14.254 -13.959
1.300 -10.367 -10.944 -11.860 -13.522 -14.032 -14.215 -14.451 -14.376 -14.584 -14.504 -14.649 -14.701 -14.714 -14.691 -14.603 -14.360 -14.068
1.400 -10.241 -10.817 -11.778 -13.501 -14.040 -14.235 -14.488 -14.409 -14.633 -14.551 -14.706 -14.768 -14.790 -14.773 -14.694 -14.458 -14.168
1.500 -10.115 -10.687 -11.693 -13.473 -14.040 -14.248 -14.517 -14.434 -14.675 -14.589 -14.755 -14.826 -14.859 -14.848 -14.778 -14.547 -14.259
1.600 -9.991 -10.559 -11.608 -13.443 -14.038 -14.256 -14.541 -14.455 -14.712 -14.623 -14.799 -14.879 -14.921 -14.916 -14.855 -14.631 -14.345
1.700 -9.868 -10.428 -11.521 -13.408 -14.030 -14.260 -14.560 -14.470 -14.742 -14.651 -14.837 -14.926 -14.977 -14.978 -14.927 -14.708 -14.425
1.800 -9.745 -10.297 -11.433 -13.369 -14.018 -14.259 -14.574 -14.481 -14.768 -14.675 -14.869 -14.967 -15.028 -15.034 -14.992 -14.780 -14.500
1.900 -9.623 -10.165 -11.343 -13.327 -14.002 -14.254 -14.583 -14.487 -14.789 -14.694 -14.897 -15.004 -15.074 -15.086 -15.053 -14.847 -14.571
2.000 -9.501 -10.033 -11.252 -13.283 -13.983 -14.246 -14.590 -14.490 -14.807 -14.710 -14.922 -15.037 -15.115 -15.133 -15.110 -14.910 -14.637
2.100 -9.381 -9.899 -11.161 -13.236 -13.961 -14.234 -14.592 -14.490 -14.820 -14.723 -14.942 -15.065 -15.153 -15.177 -15.162 -14.970 -14.700
2.200 -9.261 -9.765 -11.068 -13.187 -13.937 -14.220 -14.592 -14.487 -14.831 -14.733 -14.959 -15.091 -15.187 -15.216 -15.211 -15.026 -14.760
2.300 -9.141 -9.630 -10.975 -13.135 -13.909 -14.203 -14.588 -14.481 -14.838 -14.739 -14.974 -15.113 -15.218 -15.253 -15.257 -15.078 -14.816
2.400 -9.021 -9.493 -10.880 -13.081 -13.879 -14.183 -14.581 -14.472 -14.842 -14.743 -14.984 -15.131 -15.245 -15.285 -15.299 -15.127 -14.869
2.500 -8.903 -9.358 -10.786 -13.026 -13.848 -14.162 -14.573 -14.462 -14.845 -14.745 -14.993 -15.148 -15.270 -15.316 -15.339 -15.174 -14.920
2.600 -8.783 -9.219 -10.689 -12.967 -13.813 -14.136 -14.561 -14.448 -14.843 -14.743 -14.999 -15.161 -15.292 -15.344 -15.375 -15.218 -14.968
2.700 -8.665 -9.079 -10.591 -12.906 -13.776 -14.109 -14.547 -14.432 -14.840 -14.740 -15.002 -15.172 -15.311 -15.368 -15.410 -15.260 -15.013
2.800 -8.545 -8.938 -10.492 -12.843 -13.737 -14.080 -14.531 -14.414 -14.834 -14.734 -15.003 -15.180 -15.328 -15.391 -15.441 -15.299 -15.057
2.900 -8.428 -8.799 -10.395 -12.781 -13.697 -14.050 -14.513 -14.395 -14.827 -14.728 -15.002 -15.187 -15.343 -15.412 -15.471 -15.336 -15.099
3.000 -8.310 -8.655 -10.295 -12.714 -13.655 -14.017 -14.493 -14.372 -14.817 -14.718 -14.999 -15.191 -15.356 -15.430 -15.499 -15.371 -15.138
3.100 -8.192 -8.512 -10.195 -12.647 -13.610 -13.982 -14.471 -14.349 -14.805 -14.707 -14.994 -15.193 -15.366 -15.446 -15.525 -15.404 -15.176
3.200 -8.073 -8.366 -10.093 -12.577 -13.564 -13.946 -14.446 -14.323 -14.791 -14.694 -14.987 -15.193 -15.375 -15.460 -15.548 -15.435 -15.211
3.300 -7.953 -8.218 -9.989 -12.504 -13.515 -13.906 -14.420 -14.295 -14.775 -14.679 -14.977 -15.191 -15.381 -15.472 -15.570 -15.465 -15.245
3.400 -7.836 -8.071 -9.887 -12.432 -13.466 -13.867 -14.393 -14.266 -14.758 -14.663 -14.967 -15.188 -15.387 -15.483 -15.590 -15.493 -15.278
3.500 -7.717 -7.921 -9.782 -12.357 -13.414 -13.825 -14.363 -14.235 -14.738 -14.645 -14.954 -15.182 -15.390 -15.492 -15.609 -15.519 -15.309
3.600 -7.599 -7.770 -9.678 -12.281 -13.361 -13.781 -14.332 -14.203 -14.717 -14.626 -14.940 -15.176 -15.392 -15.499 -15.626 -15.544 -15.339
3.700 -7.480 -7.617 -9.571 -12.202 -13.306 -13.736 -14.298 -14.169 -14.694 -14.605 -14.925 -15.167 -15.391 -15.505 -15.641 -15.567 -15.367
3.800 -7.359 -7.461 -9.463 -12.121 -13.249 -13.688 -14.263 -14.132 -14.670 -14.582 -14.907 -15.156 -15.389 -15.508 -15.655 -15.589 -15.393
3.900 -7.241 -7.306 -9.356 -12.039 -13.191 -13.640 -14.227 -14.095 -14.644 -14.558 -14.888 -15.145 -15.386 -15.511 -15.667 -15.610 -15.419
4.000 -7.122 -7.149 -9.248 -11.956 -13.131 -13.590 -14.190 -14.057 -14.617 -14.533 -14.868 -15.132 -15.382 -15.513 -15.679 -15.629 -15.444
4.100 -7.001 -6.988 -9.137 -11.870 -13.069 -13.538 -14.149 -14.016 -14.587 -14.506 -14.846 -15.116 -15.376 -15.512 -15.688 -15.647 -15.467
4.200 -6.882 -6.827 -9.027 -11.783 -13.006 -13.485 -14.109 -13.975 -14.557 -14.478 -14.823 -15.100 -15.368 -15.510 -15.697 -15.664 -15.489
4.300 -6.761 -6.664 -8.915 -11.694 -12.941 -13.430 -14.066 -13.931 -14.525 -14.449 -14.798 -15.082 -15.359 -15.507 -15.704 -15.679 -15.509
4.400 -6.640 -6.498 -8.802 -11.602 -12.874 -13.373 -14.021 -13.886 -14.491 -14.418 -14.772 -15.063 -15.349 -15.503 -15.710 -15.693 -15.529
4.500 -6.519 -6.331 -8.688 -11.510 -12.806 -13.315 -13.975 -13.840 -14.456 -14.386 -14.744 -15.042 -15.337 -15.497 -15.714 -15.707 -15.548
4.600 -6.398 -6.163 -8.574 -11.416 -12.737 -13.256 -13.929 -13.793 -14.420 -14.353 -14.716 -15.021 -15.324 -15.491 -15.718 -15.719 -15.566
4.700 -6.277 -5.992 -8.459 -11.320 -12.666 -13.194 -13.880 -13.744 -14.382 -14.319 -14.685 -14.998 -15.310 -15.482 -15.720 -15.730 -15.582
4.800 -6.154 -5.818 -8.342 -11.222 -12.593 -13.131 -13.829 -13.693 -14.342 -14.283 -14.654 -14.973 -15.295 -15.473 -15.722 -15.740 -15.598
4.900 -6.032 -5.643 -8.225 -11.122 -12.519 -13.067 -13.778 -13.642 -14.302 -14.246 -14.621 -14.947 -15.278 -15.462 -15.722 -15.749 -15.613
5.000 -5.909 -5.466 -8.107 -11.020 -12.443 -13.001 -13.725 -13.589 -14.259 -14.208 -14.587 -14.920 -15.260 -15.451 -15.721 -15.757 -15.627
5.100 -5.786 -5.287 -7.988 -10.917 -12.365 -12.934 -13.670 -13.534 -14.216 -14.168 -14.551 -14.891 -15.241 -15.438 -15.719 -15.765 -15.639
5.200 -5.662 -5.104 -7.867 -10.811 -12.285 -12.865 -13.613 -13.478 -14.171 -14.127 -14.514 -14.861 -15.220 -15.423 -15.716 -15.771 -15.651
5.300 -5.539 -4.921 -7.747 -10.704 -12.205 -12.795 -13.556 -13.421 -14.125 -14.086 -14.476 -14.830 -15.199 -15.408 -15.712 -15.776 -15.663
5.400 -5.415 -4.736 -7.626 -10.596 -12.123 -12.723 -13.498 -13.362 -14.077 -14.043 -14.437 -14.798 -15.176 -15.392 -15.707 -15.780 -15.673
5.500 -5.290 -4.548 -7.503 -10.485 -12.039 -12.650 -13.437 -13.302 -14.028 -13.999 -14.397 -14.765 -15.152 -15.375 -15.701 -15.784 -15.683
5.600 -5.165 -4.357 -7.379 -10.372 -11.953 -12.575 -13.375 -13.241 -13.978 -13.953 -14.355 -14.730 -15.127 -15.356 -15.694 -15.786 -15.691
5.700 -5.040 -4.165 -7.256 -10.258 -11.867 -12.499 -13.312 -13.178 -13.927 -13.907 -14.312 -14.694 -15.101 -15.337 -15.686 -15.788 -15.700
5.800 -4.914 -3.970 -7.131 -10.142 -11.778 -12.422 -13.248 -13.115 -13.874 -13.860 -14.268 -14.657 -15.074 -15.316 -15.677 -15.789 -15.707
5.900 -4.787 -3.773 -7.005 -10.023 -11.688 -12.342 -13.182 -13.049 -13.820 -13.811 -14.223 -14.619 -15.046 -15.294 -15.667 -15.789 -15.713
6.000 -4.660 -3.572 -6.878 -9.903 -11.596 -12.262 -13.114 -12.983 -13.764 -13.761 -14.176 -14.579 -15.016 -15.272 -15.656 -15.788 -15.719
6.100 -4.532 -3.370 -6.750 -9.780 -11.503 -12.179 -13.045 -12.915 -13.707 -13.710 -14.129 -14.539 -14.985 -15.248 -15.644 -15.786 -15.724
6.200 -4.405 -3.166 -6.622 -9.657 -11.408 -12.096 -12.975 -12.846 -13.649 -13.659 -14.080 -14.497 -14.954 -15.223 -15.632 -15.784 -15.728
6.300 -4.278 -2.961 -6.494 -9.532 -11.313 -12.012 -12.905 -12.776 -13.590 -13.606 -14.031 -14.454 -14.921 -15.197 -15.618 -15.781 -15.731
6.400 -4.149 -2.752 -6.365 -9.405 -11.215 -11.926 -12.832 -12.705 -13.530 -13.552 -13.980 -14.411 -14.888 -15.171 -15.604 -15.777 -15.734
6.500 -4.020 -2.540 -6.234 -9.276 -11.116 -11.838 -12.758 -12.632 -13.468 -13.497 -13.928 -14.365 -14.853 -15.143 -15.589 -15.772 -15.736
6.600 -3.891 -2.327 -6.104 -9.145 -11.016 -11.749 -12.683 -12.558 -13.406 -13.441 -13.874 -14.319 -14.817 -15.114 -15.572 -15.767 -15.738
6.700 -3.762 -2.112 -5.973 -9.013 -10.914 -11.659 -12.607 -12.484 -13.342 -13.384 -13.820 -14.272 -14.780 -15.084 -15.555 -15.760 -15.738
6.800 -3.632 -1.894 -5.841 -8.879 -10.811 -11.568 -12.529 -12.408 -13.277 -13.327 -13.765 -14.224 -14.742 -15.054 -15.537 -15.753 -15.738
6.900 -3.502 -1.675 -5.709 -8.743 -10.707 -11.475 -12.450 -12.330 -13.210 -13.268 -13.709 -14.174 -14.703 -15.022 -15.519 -15.745 -15.738
7.000 -3.371 -1.452 -5.576 -8.605 -10.601 -11.381 -12.370 -12.252 -13.143 -13.208 -13.651 -14.124 -14.663 -14.989 -15.499 -15.737 -15.736
7.100 -3.240 -1.229 -5.443 -8.466 -10.494 -11.286 -12.289 -12.173 -13.074 -13.147 -13.593 -14.072 -14.622 -14.956 -15.478 -15.727 -15.734
7.200 -3.110 -1.005 -5.310 -8.327 -10.387 -11.190 -12.207 -12.093 -13.005 -13.086 -13.534 -14.020 -14.581 -14.921 -15.457 -15.717 -15.732
7.300 -2.980 -0.780 -5.178 -8.187 -10.279 -11.094 -12.124 -12.012 -12.935 -13.023 -13.474 -13.967 -14.538 -14.886 -15.435 -15.706 -15.729
7.400 -2.851 -0.554 -5.045 -8.046 -10.170 -10.997 -12.041 -11.931 -12.864 -12.961 -13.414 -13.913 -14.495 -14.850 -15.412 -15.695 -15.725
7.500 -2.721 -0.328 -4.912 -7.903 -10.059 -10.898 -11.956 -11.848 -12.792 -12.897 -13.352 -13.858 -14.450 -14.813 -15.389 -15.683 -15.720
7.600 -2.591 -0.101 -4.780 -7.760 -9.948 -10.798 -11.870 -11.764 -12.719 -12.832 -13.289 -13.801 -14.405 -14.775 -15.364 -15.670 -15.715
7.700 -2.462 0.123 -4.648 -7.617 -9.837 -10.699 -11.784 -11.681 -12.645 -12.767 -13.226 -13.745 -14.359 -14.736 -15.339 -15.656 -15.709
7.800 -2.334 0.346 -4.518 -7.474 -9.726 -10.599 -11.697 -11.596 -12.571 -12.701 -13.162 -13.687 -14.312 -14.697 -15.313 -15.642 -15.703
7.900 -2.237 0.508 -4.420 -7.367 -9.641 -10.522 -11.629 -11.530 -12.512 -12.648 -13.110 -13.640 -14.272 -14.663 -15.288 -15.626 -15.693
8.000 -2.218 0.528 -4.400 -7.347 -9.621 -10.502 -11.610 -11.511 -12.492 -12.628 -13.091 -13.620 -14.253 -14.643 -15.268 -15.606 -15.673
8.100 -2.198 0.548 -4.380 -7.327 -9.601 -10.482 -11.590 -11.491 -12.472 -12.609 -13.071 -13.600 -14.233 -14.623 -15.249 -15.586 -15.653
8.200 -2.178 0.568 -4.360 -7.307 -9.581 -10.462 -11.570 -11.471 -12.452 -12.588 -13.051 -13.580 -14.213 -14.603 -15.228 -15.566 -15.633
8.300 -2.157 0.588 -4.340 -7.287 -9.561 -10.442 -11.549 -11.450 -12.432 -12.568 -13.030 -13.560 -14.192 -14.583 -15.208 -15.546 -15.613
8.400 -2.137 0.609 -4.319 -7.266 -9.540 -10.421 -11.529 -11.430 -12.411 -12.547 -13.010 -13.539 -14.172 -14.562 -15.188 -15.525 -15.592
8.500 -2.116 0.630 -4.298 -7.246 -9.519 -10.400 -11.508 -11.409 -12.391 -12.527 -12.989 -13.519 -14.151 -14.541 -15.167 -15.504 -15.571
8.600 -2.095 0.651 -4.277 -7.225 -9.498 -10.379 -11.487 -11.388 -12.370 -12.506 -12.968 -13.498 -14.130 -14.520 -15.146 -15.483 -15.551
8.700 -2.074 0.672 -4.256 -7.204 -9.477 -10.358 -11.466 -11.367 -12.349 -12.485 -12.947 -13.477 -14.109 -14.499 -15.125 -15.462 -15.529
8.800 -2.052 0.693 -4.235 -7.182 -9.456 -10.337 -11.445 -11.345 -12.327 -12.463 -12.926 -13.455 -14.088 -14.478 -15.103 -15.441 -15.508
8.900 -2.031 0.715 -4.213 -7.161 -9.434 -10.315 -11.423 -11.324 -12.305 -12.442 -12.904 -13.433 -14.066 -14.456 -15.082 -15.419 -15.486
9.000 -2.009 0.736 -4.191 -7.139 -9.412 -10.293 -11.401 -11.302 -12.284 -12.420 -12.882 -13.412 -14.044 -14.434 -15.060 -15.398 -15.465
9.100 -1.987 0.758 -4.170 -7.117 -9.391 -10.272 -11.379 -11.280 -12.262 -12.398 -12.860 -13.390 -14.022 -14.413 -15.038 -15.376 -15.443
9.200 -1.965 0.780 -4.148 -7.095 -9.369 -10.250 -11.357 -11.258 -12.240 -12.376 -12.838 -13.368 -14.000 -14.391 -15.016 -15.354 -15.421
9.300 -1.943 0.803 -4.125 -7.073 -9.346 -10.227 -11.335 -11.236 -12.217 -12.354 -12.816 -13.346 -13.978 -14.368 -14.994 -15.331 -15.398
9.400 -1.920 0.825 -4.103 -7.050 -9.324 -10.205 -11.313 -11.213 -12.195 -12.331 -12.794 -13.323 -13.956 -14.346 -14.971 -15.309 -15.376
9.500 -1.898 0.848 -4.080 -7.028 -9.301 -10.182 -11.290 -11.191 -12.172 -12.309 -12.771 -13.301 -13.933 -14.323 -14.949 -15.286 -15.353
9.600 -1.875 0.870 -4.057 -7.005 -9.278 -10.159 -11.267 -11.168 -12.150 -12.286 -12.748 -13.278 -13.910 -14.300 -14.926 -15.264 -15.331
9.700 -1.852 0.893 -4.035 -6.982 -9.256 -10.137 -11.244 -11.145 -12.127 -12.263 -12.725 -13.255 -13.887 -14.278 -14.903 -15.241 -15.308
9.800 -1.829 0.916 -4.012 -6.959 -9.233 -10.114 -11.221 -11.122 -12.104 -12.240 -12.702 -13.232 -13.864 -14.255 -14.880 -15.218 -15.285
9.900 -1.806 0.939 -3.989 -6.936 -9.210 -10.091 -11.198 -11.099 -12.081 -12.217 -12.679 -13.209 -13.841 -14.232 -14.857 -15.195 -15.262
10.000 -1.783 0.963 -3.965 -6.913 -9.186 -10.067 -11.175 -11.076 -12.058 -12.194 -12.656 -13.186 -13.818 -14.208 -14.834 -15.172 -15.239
10.100 -1.760 0.986 -3.942 -6.890 -9.163 -10.044 -11.152 -11.053 -12.034 -12.171 -12.633 -13.162 -13.795 -14.185 -14.811 -15.148 -15.215
10.200 -1.736 1.009 -3.919 -6.866 -9.140 -10.021 -11.129 -11.029 -12.011 -12.147 -12.610 -13.139 -13.771 -14.162 -14.787 -15.125 -15.192
10.300 -1.713 1.033 -3.895 -6.843 -9.116 -9.997 -11.105 -11.006 -11.987 -12.124 -12.586 -13.115 -13.748 -14.138 -14.764 -15.101 -15.168
10.400 -1.689 1.056 -3.872 -6.819 -9.093 -9.974 -11.081 -10.982 -11.964 -12.100 -12.562 -13.092 -13.724 -14.115 -14.740 -15.078 -15.145
10.500 -1.666 1.080 -3.848 -6.795 -9.069 -9.950 -11.058 -10.958 -11.940 -12.076 -12.539 -13.068 -13.701 -14.091 -14.716 -15.054 -15.121
10.600 -1.642 1.104 -3.824 -6.772 -9.045 -9.926 -11.034 -10.935 -11.916 -12.053 -12.515 -13.044 -13.677 -14.067 -14.693 -15.030 -15.097
10.700 -1.618 1.128 -3.800 -6.748 -9.021 -9.902 -11.010 -10.911 -11.893 -12.029 -12.491 -13.021 -13.653 -14.043 -14.669 -15.007 -15.074
10.800 -1.594 1.151 -3.777 -6.724 -8.997 -9.878 -10.986 -10.887 -11.869 -12.005 -12.467 -12.997 -13.629 -14.019 -14.645 -14.983 -15.050
10.900 -1.570 1.175 -3.753 -6.700 -8.974 -9.855 -10.962 -10.863 -11.845 -11.981 -12.443 -12.973 -13.605 -13.996 -14.621 -14.959 -15.026
11.000 -1.546 1.199 -3.729 -6.676 -8.950 -9.831 -10.938 -10.839 -11.821 -11.957 -12.419 -12.949 -13.581 -13.972 -14.597 -14.935 -15.002
11.100 -1.522 1.223 -3.704 -6.652 -8.925 -9.806 -10.914 -10.815 -11.797 -11.933 -12.395 -12.925 -13.557 -13.947 -14.573 -14.911 -14.978
11.200 -1.498 1.248 -3.680 -6.628 -8.901 -9.782 -10.890 -10.791 -11.773 -11.909 -12.371 -12.901 -13.533 -13.923 -14.549 -14.886 -14.954
11.300 -1.474 1.272 -3.656 -6.604 -8.877 -9.758 -10.866 -10.767 -11.748 -11.885 -12.347 -12.877 -13.509 -13.899 -14.525 -14.862 -14.929
11.400 -1.450 1.296 -3.632 -6.579 -8.853 -9.734 -10.842 -10.743 -11.724 -11.861 -12.323 -12.852 -13.485 -13.875 -14.501 -14.838 -14.905
11.500 -1.426 1.320 -3.608 -6.555 -8.829 -9.710 -10.818 -10.719 -11.700 -11.836 -12.299 -12.828 -13.461 -13.851 -14.477 -14.814 -14.881
11.600 -1.401 1.344 -3.584 -6.531 -8.805 -9.686 -10.794 -10.694 -11.676 -11.812 -12.275 -12.804 -13.437 -13.827 -14.452 -14.790 -14.857
11.700 -1.377 1.368 -3.560 -6.507 -8.781 -9.662 -10.770 -10.670 -11.652 -11.788 -12.251 -12.780 -13.412 -13.803 -14.428 -14.766 -14.833
11.800 -1.353 1.392 -3.535 -6.483 -8.756 -9.637 -10.745 -10.646 -11.628 -11.764 -12.226 -12.756 -13.388 -13.778 -14.404 -14.742 -14.809
11.900 -1.329 1.417 -3.511 -6.459 -8.732 -9.613 -10.721 -10.622 -11.604 -11.740 -12.202 -12.732 -13.364 -13.754 -14.380 -14.717 -14.784
12.000 -1.305 1.441 -3.487 -6.434 -8.708 -9.589 -10.697 -10.598 -11.579 -11.715 -12.178 -12.707 -13.340 -13.730 -14.356 -14.693 -14.760
12.100 -1.280 1.465 -3.463 -6.410 -8.684 -9.565 -10.673 -10.573 -11.555 -11.691 -12.154 -12.683 -13.316 -13.706 -14.331 -14.669 -14.736
12.200 -1.256 1.489 -3.439 -6.386 -8.660 -9.541 -10.649 -10.549 -11.531 -11.667 -12.130 -12.659 -13.291 -13.682 -14.307 -14.645 -14.712
12.300 -1.232 1.513 -3.415 -6.362 -8.636 -9.517 -10.624 -10.525 -11.507 -11.643 -12.105 -12.635 -13.267 -13.658 -14.283 -14.621 -14.688
12.400 -1.208 1.537 -3.391 -6.338 -8.612 -9.493 -10.600 -10.501 -11.483 -11.619 -12.081 -12.611 -13.243 -13.634 -14.259 -14.597 -14.664
12.500 -1.184 1.562 -3.366 -6.314 -8.587 -9.468 -10.576 -10.477 -11.459 -11.595 -12.057 -12.587 -13.219 -13.609 -14.235 -14.573 -14.640
12.600 -1.160 1.586 -3.342 -6.290 -8.563 -9.444 -10.552 -10.453 -11.435 -11.571 -12.033 -12.563 -13.195 -13.585 -14.211 -14.549 -14.616
12.700 -1.136 1.610 -3.318 -6.266 -8.539 -9.420 -10.528 -10.429 -11.411 -11.547 -12.009 -12.539 -13.171 -13.561 -14.187 -14.525 -14.592
12.800 -1.112 1.633 -3.294 -6.242 -8.515 -9.396 -10.504 -10.405 -11.387 -11.523 -11.985 -12.515 -13.147 -13.537 -14.163 -14.501 -14.568
12.900 -1.088 1.657 -3.271 -6.218 -8.492 -9.373 -10.480 -10.381 -11.363 -11.499 -11.961 -12.491 -13.123 -13.514 -14.139 -14.477 -14.544
13.000 -1.064 1.681 -3.247 -6.194 -8.468 -9.349 -10.457 -10.357 -11.339 -11.475 -11.938 -12.467 -13.099 -13.490 -14.115 -14.453 -14.520
13.100 -1.041 1.705 -3.223 -6.170 -8.444 -9.325 -10.433 -10.333 -11.315 -11.451 -11.914 -12.443 -13.076 -13.466 -14.091 -14.429 -14.496
13.200 -1.017 1.729 -3.199 -6.147 -8.420 -9.301 -10.409 -10.310 -11.291 -11.428 -11.890 -12.419 -13.052 -13.442 -14.068 -14.405 -14.472
13.300 -0.993 1.752 -3.175 -6.123 -8.396 -9.277 -10.385 -10.286 -11.268 -11.404 -11.866 -12.396 -13.028 -13.418 -14.044 -14.382 -14.449
13.400 -0.970 1.776 -3.152 -6.099 -8.373 -9.254 -10.362 -10.263 -11.244 -11.380 -11.843 -12.372 -13.005 -13.395 -14.021 -14.358 -14.425
13.500 -0.946 1.799 -3.128 -6.076 -8.349 -9.230 -10.338 -10.239 -11.221 -11.357 -11.819 -12.349 -12.981 -13.371 -13.997 -14.335 -14.402
13.600 -0.923 1.823 -3.105 -6.052 -8.326 -9.207 -10.315 -10.216 -11.197 -11.334 -11.796 -12.325 -12.958 -13.348 -13.974 -14.311 -14.378
13.700 -0.899 1.846 -3.082 -6.029 -8.303 -9.184 -10.292 -10.192 -11.174 -11.310 -11.773 -12.302 -12.934 -13.325 -13.950 -14.288 -14.355
13.800 -0.876 1.869 -3.058 -6.006 -8.279 -9.160 -10.268 -10.169 -11.151 -11.287 -11.749 -12.279 -12.911 -13.301 -13.927 -14.265 -14.332
13.900 -0.853 1.893 -3.035 -5.983 -8.256 -9.137 -10.245 -10.146 -11.128 -11.264 -11.726 -12.256 -12.888 -13.278 -13.904 -14.241 -14.308
14.000 -0.830 1.916 -3.012 -5.960 -8.233 -9.114 -10.222 -10.123 -11.104 -11.241 -11.703 -12.233 -12.865 -13.255 -13.881 -14.218 -14.285
14.100 -0.807 1.939 -2.989 -5.937 -8.210 -9.091 -10.199 -10.100 -11.082 -11.218 -11.680 -12.210 -12.842 -13.232 -13.858 -14.195 -14.262
14.200 -0.784 1.962 -2.966 -5.914 -8.187 -9.068 -10.176 -10.077 -11.059 -11.195 -11.657 -12.187 -12.819 -13.209 -13.835 -14.173 -14.240
14.300 -0.761 1.984 -2.944 -5.891 -8.165 -9.046 -10.154 -10.054 -11.036 -11.172 -11.635 -12.164 -12.796 -13.187 -13.812 -14.150 -14.217
14.400 -0.739 2.007 -2.921 -5.868 -8.142 -9.023 -10.131 -10.032 -11.013 -11.149 -11.612 -12.141 -12.774 -13.164 -13.790 -14.127 -14.194
14.500 -0.716 2.029 -2.899 -5.846 -8.120 -9.001 -10.108 -10.009 -10.991 -11.127 -11.589 -12.119 -12.751 -13.142 -13.767 -14.105 -14.172
14.600 -0.694 2.052 -2.876 -5.823 -8.097 -8.978 -10.086 -9.987 -10.968 -11.105 -11.567 -12.096 -12.729 -13.119 -13.745 -14.082 -14.149
14.700 -0.671 2.074 -2.854 -5.801 -8.075 -8.956 -10.064 -9.964 -10.946 -11.082 -11.545 -12.074 -12.707 -13.097 -13.722 -14.060 -14.127
14.800 -0.649 2.096 -2.832 -5.779 -8.053 -8.934 -10.041 -9.942 -10.924 -11.060 -11.522 -12.052 -12.684 -13.075 -13.700 -14.038 -14.105
14.900 -0.627 2.118 -2.810 -5.757 -8.031 -8.912 -10.019 -9.920 -10.902 -11.038 -11.500 -12.030 -12.662 -13.053 -13.678 -14.016 -14.083
15.000 -0.605 2.140 -2.788 -5.735 -8.009 -8.890 -9.997 -9.898 -10.880 -11.016 -11.478 -12.008 -12.640 -13.031 -13.656 -13.994 -14.061
