# day W2 M2 W1 u B g V c r w o i z y J H K
0.000 -10.519 -10.313 -10.108 -9.246 -8.877 -8.698 -8.385 -8.510 -8.127 -8.313 -7.986 -7.704 -7.388 -7.144 -6.651 -6.014 -5.427
0.100 -15.354 -15.277 -15.153 -14.664 -14.422 -14.300 -14.086 -14.167 -13.901 -14.017 -13.797 -13.587 -13.341 -13.145 -12.740 -12.188 -11.662
0.200 -15.314 -15.354 -15.311 -15.108 -14.954 -14.870 -14.719 -14.774 -14.579 -14.657 -14.499 -14.332 -14.128 -13.961 -13.608 -13.105 -12.613
0.300 -14.923 -15.076 -15.129 -15.206 -15.140 -15.092 -14.999 -15.031 -14.901 -14.946 -14.842 -14.712 -14.544 -14.402 -14.092 -13.629 -13.165
0.400 -14.395 -14.654 -14.814 -15.165 -15.186 -15.175 -15.137 -15.148 -15.078 -15.095 -15.041 -14.944 -14.810 -14.689 -14.418 -13.990 -13.551
0.500 -13.807 -14.159 -14.436 -15.047 -15.157 -15.181 -15.197 -15.190 -15.177 -15.170 -15.160 -15.095 -14.991 -14.891 -14.656 -14.261 -13.843
0.600 -13.196 -13.627 -14.027 -14.884 -15.081 -15.142 -15.210 -15.185 -15.226 -15.198 -15.229 -15.194 -15.120 -15.039 -14.838 -14.473 -14.076
0.700 -12.585 -13.079 -13.606 -14.692 -14.976 -15.071 -15.189 -15.148 -15.241 -15.196 -15.264 -15.258 -15.212 -15.150 -14.981 -14.645 -14.268
0.800 -11.989 -12.527 -13.183 -14.480 -14.847 -14.977 -15.143 -15.088 -15.230 -15.170 -15.273 -15.294 -15.276 -15.232 -15.095 -14.786 -14.427
0.900 -11.415 -11.980 -12.763 -14.251 -14.700 -14.863 -15.076 -15.008 -15.197 -15.125 -15.259 -15.306 -15.316 -15.289 -15.183 -14.902 -14.562
1.000 -10.865 -11.438 -12.346 -14.008 -14.536 -14.731 -14.989 -14.910 -15.144 -15.063 -15.226 -15.299 -15.335 -15.326 -15.251 -14.997 -14.675
1.100 -10.334 -10.900 -11.930 -13.751 -14.356 -14.584 -14.885 -14.796 -15.074 -14.986 -15.176 -15.274 -15.338 -15.347 -15.303 -15.075 -14.771
1.200 -9.814 -10.358 -11.509 -13.475 -14.158 -14.418 -14.762 -14.664 -14.985 -14.893 -15.107 -15.231 -15.322 -15.349 -15.336 -15.136 -14.852
1.300 -9.297 -9.805 -11.081 -13.183 -13.943 -14.235 -14.623 -14.517 -14.881 -14.785 -15.024 -15.172 -15.292 -15.337 -15.357 -15.185 -14.919
1.400 -8.775 -9.234 -10.639 -12.870 -13.709 -14.034 -14.465 -14.352 -14.758 -14.662 -14.923 -15.097 -15.245 -15.309 -15.362 -15.219 -14.973
1.500 -8.249 -8.641 -10.184 -12.538 -13.458 -13.817 -14.292 -14.173 -14.621 -14.526 -14.809 -15.008 -15.185 -15.269 -15.356 -15.243 -15.017
1.600 -7.714 -8.020 -9.715 -12.186 -13.189 -13.583 -14.102 -13.978 -14.467 -14.376 -14.679 -14.904 -15.111 -15.215 -15.337 -15.255 -15.050
1.700 -7.181 -7.380 -9.239 -11.820 -12.909 -13.336 -13.900 -13.771 -14.302 -14.216 -14.539 -14.788 -15.025 -15.149 -15.308 -15.257 -15.073
1.800 -6.659 -6.729 -8.766 -11.448 -12.622 -13.084 -13.691 -13.559 -14.129 -14.052 -14.391 -14.665 -14.933 -15.077 -15.271 -15.250 -15.086
1.900 -6.159 -6.080 -8.305 -11.074 -12.333 -12.829 -13.479 -13.345 -13.953 -13.885 -14.240 -14.537 -14.835 -14.999 -15.227 -15.233 -15.087
2.000 -5.700 -5.462 -7.873 -10.714 -12.052 -12.580 -13.269 -13.134 -13.777 -13.719 -14.088 -14.407 -14.733 -14.916 -15.177 -15.211 -15.081
2.100 -5.296 -4.906 -7.487 -10.382 -11.791 -12.347 -13.070 -12.935 -13.608 -13.561 -13.941 -14.279 -14.631 -14.831 -15.124 -15.184 -15.072
2.200 -4.946 -4.423 -7.147 -10.080 -11.549 -12.130 -12.883 -12.748 -13.447 -13.411 -13.800 -14.155 -14.529 -14.746 -15.067 -15.154 -15.059
2.300 -4.646 -4.013 -6.853 -9.811 -11.331 -11.932 -12.710 -12.577 -13.298 -13.271 -13.667 -14.037 -14.431 -14.662 -15.010 -15.120 -15.042
2.400 -4.408 -3.685 -6.618 -9.591 -11.155 -11.774 -12.574 -12.441 -13.181 -13.162 -13.565 -13.946 -14.356 -14.597 -14.962 -15.084 -15.013
2.500 -4.202 -3.404 -6.414 -9.399 -10.998 -11.632 -12.449 -12.317 -13.073 -13.062 -13.470 -13.861 -14.285 -14.535 -14.916 -15.051 -14.988
2.600 -4.018 -3.148 -6.231 -9.225 -10.855 -11.501 -12.335 -12.204 -12.972 -12.969 -13.380 -13.780 -14.217 -14.476 -14.873 -15.021 -14.966
2.700 -3.847 -2.904 -6.061 -9.064 -10.724 -11.381 -12.228 -12.098 -12.879 -12.882 -13.297 -13.705 -14.154 -14.421 -14.832 -14.994 -14.948
2.800 -3.693 -2.677 -5.909 -8.920 -10.606 -11.273 -12.133 -12.004 -12.795 -12.804 -13.222 -13.637 -14.096 -14.371 -14.796 -14.971 -14.934
2.900 -3.554 -2.463 -5.770 -8.789 -10.501 -11.179 -12.050 -11.922 -12.723 -12.737 -13.158 -13.578 -14.047 -14.328 -14.765 -14.951 -14.922
3.000 -3.428 -2.248 -5.644 -8.669 -10.414 -11.103 -11.987 -11.859 -12.670 -12.689 -13.113 -13.539 -14.014 -14.299 -14.742 -14.931 -14.903
3.100 -3.297 -2.024 -5.512 -8.543 -10.321 -11.022 -11.920 -11.793 -12.615 -12.639 -13.065 -13.497 -13.980 -14.270 -14.720 -14.913 -14.887
3.200 -3.164 -1.796 -5.379 -8.414 -10.225 -10.938 -11.851 -11.725 -12.558 -12.587 -13.017 -13.455 -13.946 -14.241 -14.699 -14.898 -14.875
3.300 -3.037 -1.574 -5.250 -8.287 -10.131 -10.857 -11.783 -11.659 -12.502 -12.538 -12.970 -13.414 -13.914 -14.214 -14.681 -14.887 -14.867
3.400 -2.913 -1.356 -5.125 -8.162 -10.039 -10.776 -11.716 -11.593 -12.447 -12.489 -12.924 -13.374 -13.883 -14.189 -14.665 -14.877 -14.862
3.500 -2.784 -1.128 -4.994 -8.031 -9.941 -10.691 -11.645 -11.523 -12.388 -12.437 -12.874 -13.332 -13.850 -14.162 -14.648 -14.869 -14.859
3.600 -2.653 -0.896 -4.861 -7.895 -9.840 -10.602 -11.571 -11.451 -12.327 -12.383 -12.823 -13.287 -13.815 -14.133 -14.631 -14.861 -14.856
3.700 -2.518 -0.657 -4.723 -7.754 -9.734 -10.509 -11.493 -11.375 -12.262 -12.326 -12.769 -13.240 -13.778 -14.104 -14.613 -14.853 -14.854
3.800 -2.382 -0.414 -4.585 -7.610 -9.626 -10.414 -11.413 -11.296 -12.195 -12.267 -12.712 -13.190 -13.740 -14.072 -14.595 -14.845 -14.853
3.900 -2.248 -0.175 -4.449 -7.467 -9.518 -10.319 -11.333 -11.218 -12.129 -12.208 -12.657 -13.142 -13.701 -14.042 -14.577 -14.838 -14.853
4.000 -2.117 0.061 -4.315 -7.325 -9.411 -10.224 -11.253 -11.140 -12.062 -12.150 -12.601 -13.092 -13.663 -14.011 -14.559 -14.831 -14.853
4.100 -1.982 0.305 -4.176 -7.177 -9.299 -10.125 -11.169 -11.058 -11.992 -12.088 -12.541 -13.040 -13.622 -13.977 -14.540 -14.823 -14.853
4.200 -1.844 0.551 -4.036 -7.026 -9.184 -10.023 -11.081 -10.974 -11.918 -12.024 -12.479 -12.985 -13.579 -13.942 -14.519 -14.814 -14.853
4.300 -1.703 0.803 -3.892 -6.870 -9.064 -9.916 -10.990 -10.885 -11.841 -11.956 -12.414 -12.927 -13.533 -13.905 -14.496 -14.804 -14.851
4.400 -1.560 1.057 -3.746 -6.710 -8.941 -9.807 -10.896 -10.794 -11.762 -11.886 -12.346 -12.867 -13.485 -13.865 -14.472 -14.793 -14.850
4.500 -1.416 1.310 -3.599 -6.549 -8.816 -9.695 -10.800 -10.701 -11.680 -11.815 -12.277 -12.805 -13.435 -13.824 -14.446 -14.782 -14.847
4.600 -1.377 1.369 -3.559 -6.507 -8.780 -9.661 -10.769 -10.670 -11.652 -11.788 -12.250 -12.780 -13.412 -13.802 -14.428 -14.766 -14.833
4.700 -1.360 1.385 -3.543 -6.490 -8.764 -9.645 -10.753 -10.653 -11.635 -11.771 -12.234 -12.763 -13.395 -13.786 -14.411 -14.749 -14.816
4.800 -1.342 1.403 -3.525 -6.472 -8.746 -9.627 -10.735 -10.635 -11.617 -11.753 -12.216 -12.745 -13.377 -13.768 -14.393 -14.731 -14.798
4.900 -1.324 1.422 -3.506 -6.453 -8.727 -9.608 -10.716 -10.617 -11.598 -11.734 -12.197 -12.726 -13.359 -13.749 -14.374 -14.712 -14.779
5.000 -1.304 1.442 -3.486 -6.434 -8.707 -9.588 -10.696 -10.597 -11.578 -11.715 -12.177 -12.706 -13.339 -13.729 -14.355 -14.692 -14.759
5.100 -1.283 1.463 -3.465 -6.413 -8.686 -9.567 -10.675 -10.576 -11.558 -11.694 -12.156 -12.686 -13.318 -13.708 -14.334 -14.671 -14.738
5.200 -1.261 1.484 -3.444 -6.391 -8.665 -9.546 -10.654 -10.554 -11.536 -11.672 -12.135 -12.664 -13.297 -13.687 -14.312 -14.650 -14.717
5.300 -1.239 1.506 -3.422 -6.369 -8.643 -9.524 -10.632 -10.532 -11.514 -11.650 -12.113 -12.642 -13.274 -13.665 -14.290 -14.628 -14.695
5.400 -1.217 1.529 -3.399 -6.347 -8.620 -9.501 -10.609 -10.510 -11.492 -11.628 -12.090 -12.620 -13.252 -13.642 -14.268 -14.606 -14.673
5.500 -1.195 1.551 -3.377 -6.325 -8.598 -9.479 -10.587 -10.488 -11.469 -11.606 -12.068 -12.598 -13.230 -13.620 -14.246 -14.583 -14.650
5.600 -1.172 1.574 -3.354 -6.301 -8.575 -9.456 -10.564 -10.465 -11.446 -11.582 -12.045 -12.574 -13.207 -13.597 -14.222 -14.560 -14.627
5.700 -1.147 1.598 -3.330 -6.277 -8.551 -9.432 -10.540 -10.440 -11.422 -11.558 -12.021 -12.550 -13.182 -13.573 -14.198 -14.536 -14.603
5.800 -1.122 1.623 -3.305 -6.252 -8.526 -9.407 -10.515 -10.415 -11.397 -11.533 -11.996 -12.525 -13.158 -13.548 -14.173 -14.511 -14.578
5.900 -1.097 1.649 -3.279 -6.226 -8.500 -9.381 -10.489 -10.390 -11.371 -11.508 -11.970 -12.499 -13.132 -13.522 -14.148 -14.485 -14.552
6.000 -1.070 1.675 -3.253 -6.200 -8.474 -9.355 -10.462 -10.363 -11.345 -11.481 -11.943 -12.473 -13.105 -13.496 -14.121 -14.459 -14.526
6.100 -1.043 1.702 -3.225 -6.173 -8.446 -9.327 -10.435 -10.336 -11.318 -11.454 -11.916 -12.446 -13.078 -13.468 -14.094 -14.432 -14.499
6.200 -1.015 1.730 -3.198 -6.145 -8.419 -9.300 -10.408 -10.308 -11.290 -11.426 -11.889 -12.418 -13.050 -13.441 -14.066 -14.404 -14.471
6.300 -0.987 1.758 -3.170 -6.117 -8.391 -9.272 -10.380 -10.280 -11.262 -11.398 -11.861 -12.390 -13.022 -13.413 -14.038 -14.376 -14.443
6.400 -0.959 1.786 -3.142 -6.089 -8.362 -9.243 -10.351 -10.252 -11.234 -11.370 -11.832 -12.362 -12.994 -13.384 -14.010 -14.348 -14.415
6.500 -0.931 1.815 -3.113 -6.061 -8.334 -9.215 -10.323 -10.224 -11.205 -11.342 -11.804 -12.334 -12.966 -13.356 -13.982 -14.319 -14.386
6.600 -0.902 1.844 -3.084 -6.032 -8.305 -9.186 -10.294 -10.195 -11.176 -11.313 -11.775 -12.304 -12.937 -13.327 -13.953 -14.290 -14.357
6.700 -0.872 1.873 -3.055 -6.002 -8.276 -9.157 -10.264 -10.165 -11.147 -11.283 -11.745 -12.275 -12.907 -13.298 -13.923 -14.261 -14.328
6.800 -0.842 1.903 -3.024 -5.972 -8.245 -9.126 -10.234 -10.135 -11.117 -11.253 -11.715 -12.245 -12.877 -13.267 -13.893 -14.231 -14.298
6.900 -0.812 1.934 -2.994 -5.941 -8.215 -9.096 -10.204 -10.105 -11.086 -11.222 -11.685 -12.214 -12.847 -13.237 -13.863 -14.200 -14.267
7.000 -0.781 1.965 -2.963 -5.910 -8.184 -9.065 -10.173 -10.074 -11.055 -11.191 -11.654 -12.183 -12.816 -13.206 -13.832 -14.169 -14.236
7.100 -0.749 1.996 -2.932 -5.879 -8.153 -9.034 -10.142 -10.042 -11.024 -11.160 -11.623 -12.152 -12.784 -13.175 -13.800 -14.138 -14.205
7.200 -0.718 2.028 -2.900 -5.847 -8.121 -9.002 -10.110 -10.011 -10.992 -11.129 -11.591 -12.120 -12.753 -13.143 -13.769 -14.106 -14.173
7.300 -0.686 2.060 -2.868 -5.816 -8.089 -8.970 -10.078 -9.979 -10.961 -11.097 -11.559 -12.089 -12.721 -13.111 -13.737 -14.074 -14.141
7.400 -0.654 2.092 -2.836 -5.784 -8.057 -8.938 -10.046 -9.947 -10.929 -11.065 -11.527 -12.057 -12.689 -13.079 -13.705 -14.043 -14.110
7.500 -0.622 2.123 -2.804 -5.752 -8.025 -8.906 -10.014 -9.915 -10.897 -11.033 -11.495 -12.025 -12.657 -13.047 -13.673 -14.011 -14.078
7.600 -0.590 2.155 -2.773 -5.720 -7.994 -8.875 -9.983 -9.883 -10.865 -11.001 -11.464 -11.993 -12.625 -13.016 -13.641 -13.979 -14.046
7.700 -0.558 2.187 -2.741 -5.688 -7.962 -8.843 -9.951 -9.851 -10.833 -10.969 -11.432 -11.961 -12.593 -12.984 -13.609 -13.947 -14.014
7.800 -0.526 2.219 -2.709 -5.656 -7.930 -8.811 -9.919 -9.819 -10.801 -10.937 -11.400 -11.929 -12.561 -12.952 -13.577 -13.915 -13.982
7.900 -0.494 2.251 -2.677 -5.624 -7.898 -8.779 -9.886 -9.787 -10.769 -10.905 -11.367 -11.897 -12.529 -12.920 -13.545 -13.883 -13.950
8.000 -0.462 2.284 -2.644 -5.592 -7.865 -8.746 -9.854 -9.755 -10.737 -10.873 -11.335 -11.865 -12.497 -12.887 -13.513 -13.850 -13.917
8.100 -0.430 2.316 -2.612 -5.560 -7.833 -8.714 -9.822 -9.723 -10.704 -10.841 -11.303 -11.832 -12.465 -12.855 -13.481 -13.818 -13.885
8.200 -0.398 2.348 -2.580 -5.527 -7.801 -8.682 -9.790 -9.691 -10.672 -10.808 -11.271 -11.800 -12.433 -12.823 -13.448 -13.786 -13.853
8.300 -0.365 2.380 -2.548 -5.495 -7.769 -8.650 -9.758 -9.658 -10.640 -10.776 -11.239 -11.768 -12.400 -12.791 -13.416 -13.754 -13.821
8.400 -0.333 2.412 -2.516 -5.463 -7.737 -8.618 -9.726 -9.626 -10.608 -10.744 -11.207 -11.736 -12.368 -12.759 -13.384 -13.722 -13.789
8.500 -0.302 2.444 -2.484 -5.431 -7.705 -8.586 -9.694 -9.595 -10.576 -10.712 -11.175 -11.704 -12.337 -12.727 -13.353 -13.690 -13.757
8.600 -0.270 2.476 -2.452 -5.400 -7.673 -8.554 -9.662 -9.563 -10.545 -10.681 -11.143 -11.673 -12.305 -12.695 -13.321 -13.658 -13.725
8.700 -0.239 2.507 -2.421 -5.368 -7.642 -8.523 -9.631 -9.532 -10.513 -10.649 -11.112 -11.641 -12.274 -12.664 -13.289 -13.627 -13.694
8.800 -0.207 2.538 -2.390 -5.337 -7.611 -8.492 -9.600 -9.500 -10.482 -10.618 -11.081 -11.610 -12.243 -12.633 -13.258 -13.596 -13.663
8.900 -0.177 2.569 -2.359 -5.306 -7.580 -8.461 -9.569 -9.470 -10.451 -10.588 -11.050 -11.579 -12.212 -12.602 -13.228 -13.565 -13.632
9.000 -0.146 2.599 -2.329 -5.276 -7.550 -8.431 -9.539 -9.439 -10.421 -10.557 -11.020 -11.549 -12.181 -12.572 -13.197 -13.535 -13.602
9.100 -0.116 2.629 -2.299 -5.246 -7.520 -8.401 -9.509 -9.409 -10.391 -10.527 -10.990 -11.519 -12.151 -12.542 -13.167 -13.505 -13.572
9.200 -0.086 2.659 -2.269 -5.216 -7.490 -8.371 -9.479 -9.379 -10.361 -10.497 -10.960 -11.489 -12.122 -12.512 -13.137 -13.475 -13.542
9.300 -0.057 2.689 -2.239 -5.187 -7.460 -8.341 -9.449 -9.350 -10.332 -10.468 -10.930 -11.460 -12.092 -12.482 -13.108 -13.445 -13.512
9.400 -0.028 2.718 -2.210 -5.158 -7.431 -8.312 -9.420 -9.321 -10.302 -10.439 -10.901 -11.431 -12.063 -12.453 -13.079 -13.416 -13.483
9.500 0.001 2.747 -2.181 -5.129 -7.402 -8.283 -9.391 -9.292 -10.274 -10.410 -10.872 -11.402 -12.034 -12.424 -13.050 -13.388 -13.455
9.600 0.029 2.775 -2.153 -5.100 -7.374 -8.255 -9.363 -9.264 -10.245 -10.381 -10.844 -11.373 -12.006 -12.396 -13.022 -13.359 -13.426
9.700 0.057 2.803 -2.125 -5.072 -7.346 -8.227 -9.335 -9.236 -10.217 -10.353 -10.816 -11.345 -11.978 -12.368 -12.994 -13.331 -13.398
9.800 0.085 2.831 -2.097 -5.045 -7.318 -8.199 -9.307 -9.208 -10.190 -10.326 -10.788 -11.318 -11.950 -12.340 -12.966 -13.304 -13.371
9.900 0.112 2.858 -2.070 -5.018 -7.291 -8.172 -9.280 -9.181 -10.162 -10.299 -10.761 -11.291 -11.923 -12.313 -12.939 -13.276 -13.343
10.000 0.139 2.884 -2.043 -4.991 -7.264 -8.145 -9.253 -9.154 -10.136 -10.272 -10.734 -11.264 -11.896 -12.286 -12.912 -13.250 -13.317
10.100 0.165 2.911 -2.017 -4.965 -7.238 -8.119 -9.227 -9.128 -10.109 -10.246 -10.708 -11.237 -11.870 -12.260 -12.886 -13.223 -13.290
10.200 0.191 2.937 -1.991 -4.939 -7.212 -8.093 -9.201 -9.102 -10.084 -10.220 -10.682 -11.212 -11.844 -12.234 -12.860 -13.197 -13.264
10.300 0.217 2.962 -1.966 -4.913 -7.187 -8.068 -9.176 -9.076 -10.058 -10.194 -10.657 -11.186 -11.819 -12.209 -12.834 -13.172 -13.239
10.400 0.241 2.987 -1.941 -4.888 -7.162 -8.043 -9.151 -9.052 -10.033 -10.169 -10.632 -11.161 -11.794 -12.184 -12.809 -13.147 -13.214
10.500 0.266 3.012 -1.916 -4.864 -7.137 -8.018 -9.126 -9.027 -10.009 -10.145 -10.607 -11.137 -11.769 -12.159 -12.785 -13.123 -13.190
10.600 0.290 3.036 -1.892 -4.840 -7.113 -7.994 -9.102 -9.003 -9.985 -10.121 -10.583 -11.113 -11.745 -12.135 -12.761 -13.098 -13.166
10.700 0.314 3.059 -1.869 -4.816 -7.090 -7.971 -9.079 -8.979 -9.961 -10.097 -10.560 -11.089 -11.721 -12.112 -12.737 -13.075 -13.142
10.800 0.337 3.082 -1.846 -4.793 -7.067 -7.948 -9.055 -8.956 -9.938 -10.074 -10.536 -11.066 -11.698 -12.089 -12.714 -13.052 -13.119
10.900 0.360 3.105 -1.823 -4.770 -7.044 -7.925 -9.033 -8.933 -9.915 -10.051 -10.514 -11.043 -11.675 -12.066 -12.691 -13.029 -13.096
11.000 0.382 3.128 -1.800 -4.748 -7.021 -7.902 -9.010 -8.911 -9.893 -10.029 -10.491 -11.021 -11.653 -12.043 -12.669 -13.006 -13.073
11.100 0.404 3.150 -1.778 -4.726 -6.999 -7.880 -8.988 -8.889 -9.871 -10.007 -10.469 -10.999 -11.631 -12.021 -12.647 -12.984 -13.052
11.200 0.426 3.171 -1.757 -4.704 -6.978 -7.859 -8.967 -8.867 -9.849 -9.985 -10.448 -10.977 -11.609 -12.000 -12.625 -12.963 -13.030
11.300 0.447 3.192 -1.736 -4.683 -6.957 -7.838 -8.945 -8.846 -9.828 -9.964 -10.426 -10.956 -11.588 -11.979 -12.604 -12.942 -13.009
11.400 0.468 3.213 -1.715 -4.662 -6.936 -7.817 -8.925 -8.825 -9.807 -9.943 -10.406 -10.935 -11.567 -11.958 -12.583 -12.921 -12.988
11.500 0.488 3.234 -1.694 -4.642 -6.915 -7.796 -8.904 -8.805 -9.787 -9.923 -10.385 -10.915 -11.547 -11.937 -12.563 -12.900 -12.967
11.600 0.508 3.254 -1.674 -4.622 -6.895 -7.776 -8.884 -8.785 -9.766 -9.903 -10.365 -10.895 -11.527 -11.917 -12.543 -12.880 -12.947
11.700 0.528 3.273 -1.655 -4.602 -6.876 -7.757 -8.864 -8.765 -9.747 -9.883 -10.345 -10.875 -11.507 -11.898 -12.523 -12.861 -12.928
11.800 0.547 3.293 -1.635 -4.583 -6.856 -7.737 -8.845 -8.746 -9.727 -9.864 -10.326 -10.855 -11.488 -11.878 -12.504 -12.841 -12.908
11.900 0.566 3.312 -1.616 -4.563 -6.837 -7.718 -8.826 -8.727 -9.708 -9.845 -10.307 -10.836 -11.469 -11.859 -12.485 -12.822 -12.889
12.000 0.585 3.331 -1.597 -4.545 -6.818 -7.699 -8.807 -8.708 -9.690 -9.826 -10.288 -10.818 -11.450 -11.840 -12.466 -12.803 -12.871
12.100 0.603 3.349 -1.579 -4.526 -6.800 -7.681 -8.789 -8.690 -9.671 -9.807 -10.270 -10.799 -11.432 -11.822 -12.448 -12.785 -12.852
12.200 0.622 3.367 -1.561 -4.508 -6.782 -7.663 -8.771 -8.671 -9.653 -9.789 -10.252 -10.781 -11.414 -11.804 -12.429 -12.767 -12.834
12.300 0.639 3.385 -1.543 -4.490 -6.764 -7.645 -8.753 -8.654 -9.635 -9.772 -10.234 -10.763 -11.396 -11.786 -12.412 -12.749 -12.816
12.400 0.657 3.402 -1.526 -4.473 -6.747 -7.628 -8.735 -8.636 -9.618 -9.754 -10.216 -10.746 -11.378 -11.769 -12.394 -12.732 -12.799
12.500 0.674 3.420 -1.508 -4.456 -6.729 -7.610 -8.718 -8.619 -9.601 -9.737 -10.199 -10.729 -11.361 -11.751 -12.377 -12.714 -12.781
12.600 0.691 3.437 -1.491 -4.439 -6.712 -7.593 -8.701 -8.602 -9.584 -9.720 -10.182 -10.712 -11.344 -11.734 -12.360 -12.697 -12.764
12.700 0.708 3.453 -1.475 -4.422 -6.696 -7.577 -8.684 -8.585 -9.567 -9.703 -10.165 -10.695 -11.327 -11.718 -12.343 -12.681 -12.748
12.800 0.724 3.470 -1.458 -4.405 -6.679 -7.560 -8.668 -8.569 -9.550 -9.686 -10.149 -10.678 -11.311 -11.701 -12.327 -12.664 -12.731
12.900 0.741 3.486 -1.442 -4.389 -6.663 -7.544 -8.652 -8.552 -9.534 -9.670 -10.133 -10.662 -11.294 -11.685 -12.310 -12.648 -12.715
13.000 0.757 3.502 -1.426 -4.373 -6.647 -7.528 -8.636 -8.536 -9.518 -9.654 -10.117 -10.646 -11.278 -11.669 -12.294 -12.632 -12.699
13.100 0.772 3.518 -1.410 -4.357 -6.631 -7.512 -8.620 -8.520 -9.502 -9.638 -10.101 -10.630 -11.263 -11.653 -12.278 -12.616 -12.683
13.200 0.788 3.534 -1.394 -4.342 -6.615 -7.496 -8.604 -8.505 -9.487 -9.623 -10.085 -10.615 -11.247 -11.637 -12.263 -12.600 -12.667
13.300 0.804 3.549 -1.379 -4.326 -6.600 -7.481 -8.589 -8.489 -9.471 -9.607 -10.070 -10.599 -11.232 -11.622 -12.247 -12.585 -12.652
13.400 0.819 3.564 -1.364 -4.311 -6.585 -7.466 -8.573 -8.474 -9.456 -9.592 -10.054 -10.584 -11.216 -11.607 -12.232 -12.570 -12.637
13.500 0.834 3.579 -1.349 -4.296 -6.570 -7.451 -8.558 -8.459 -9.441 -9.577 -10.039 -10.569 -11.201 -11.592 -12.217 -12.555 -12.622
13.600 0.849 3.594 -1.334 -4.281 -6.555 -7.436 -8.544 -8.444 -9.426 -9.562 -10.025 -10.554 -11.186 -11.577 -12.202 -12.540 -12.607
13.700 0.863 3.609 -1.319 -4.266 -6.540 -7.421 -8.529 -8.430 -9.411 -9.547 -10.010 -10.539 -11.172 -11.562 -12.188 -12.525 -12.592
13.800 0.878 3.624 -1.304 -4.252 -6.525 -7.406 -8.514 -8.415 -9.397 -9.533 -9.995 -10.525 -11.157 -11.547 -12.173 -12.511 -12.578
13.900 0.892 3.638 -1.290 -4.237 -6.511 -7.392 -8.500 -8.401 -9.382 -9.519 -9.981 -10.510 -11.143 -11.533 -12.159 -12.496 -12.563
14.000 0.907 3.652 -1.276 -4.223 -6.497 -7.378 -8.486 -8.386 -9.368 -9.504 -9.967 -10.496 -11.129 -11.519 -12.144 -12.482 -12.549
14.100 0.921 3.666 -1.262 -4.209 -6.483 -7.364 -8.472 -8.372 -9.354 -9.490 -9.953 -10.482 -11.114 -11.505 -12.130 -12.468 -12.535
14.200 0.935 3.680 -1.248 -4.195 -6.469 -7.350 -8.458 -8.358 -9.340 -9.476 -9.939 -10.468 -11.101 -11.491 -12.116 -12.454 -12.521
14.300 0.948 3.694 -1.234 -4.181 -6.455 -7.336 -8.444 -8.345 -9.326 -9.462 -9.925 -10.454 -11.087 -11.477 -12.103 -12.440 -12.507
14.400 0.962 3.708 -1.220 -4.168 -6.441 -7.322 -8.430 -8.331 -9.313 -9.449 -9.911 -10.441 -11.073 -11.463 -12.089 -12.426 -12.494
14.500 0.976 3.721 -1.207 -4.154 -6.428 -7.309 -8.417 -8.317 -9.299 -9.435 -9.898 -10.427 -11.060 -11.450 -12.075 -12.413 -12.480
14.600 0.989 3.735 -1.193 -4.141 -6.414 -7.295 -8.403 -8.304 -9.286 -9.422 -9.884 -10.414 -11.046 -11.436 -12.062 -12.400 -12.467
14.700 1.002 3.748 -1.180 -4.127 -6.401 -7.282 -8.390 -8.291 -9.272 -9.409 -9.871 -10.400 -11.033 -11.423 -12.049 -12.386 -12.453
14.800 1.015 3.761 -1.167 -4.114 -6.388 -7.269 -8.377 -8.278 -9.259 -9.395 -9.858 -10.387 -11.020 -11.410 -12.036 -12.373 -12.440
14.900 1.028 3.774 -1.154 -4.101 -6.375 -7.256 -8.364 -8.264 -9.246 -9.382 -9.845 -10.374 -11.007 -11.397 -12.022 -12.360 -12.427
15.000 1.041 3.787 -1.141 -4.088 -6.362 -7.243 -8.351 -8.252 -9.233 -9.369 -9.832 -10.361 -10.994 -11.384 -12.009 -12.347 -12.414
