# day W2 M2 W1 u B g V c r w o i z y J H K
0.000 -10.548 -10.342 -10.138 -9.276 -8.907 -8.728 -8.415 -8.540 -8.157 -8.343 -8.016 -7.734 -7.418 -7.175 -6.681 -6.045 -5.457
0.100 -15.349 -15.297 -15.189 -14.755 -14.524 -14.405 -14.194 -14.274 -14.010 -14.124 -13.906 -13.696 -13.449 -13.252 -12.844 -12.289 -11.761
0.200 -15.255 -15.338 -15.328 -15.221 -15.086 -15.007 -14.861 -14.914 -14.723 -14.797 -14.642 -14.473 -14.266 -14.096 -13.736 -13.227 -12.730
0.300 -14.836 -15.043 -15.146 -15.343 -15.299 -15.258 -15.170 -15.200 -15.072 -15.114 -15.012 -14.878 -14.704 -14.557 -14.237 -13.763 -13.292
0.400 -14.323 -14.638 -14.859 -15.330 -15.375 -15.369 -15.334 -15.344 -15.273 -15.288 -15.232 -15.130 -14.986 -14.858 -14.573 -14.132 -13.683
0.500 -13.799 -14.199 -14.535 -15.249 -15.376 -15.403 -15.419 -15.411 -15.393 -15.385 -15.370 -15.296 -15.181 -15.071 -14.818 -14.406 -13.977
0.600 -13.299 -13.760 -14.204 -15.127 -15.331 -15.390 -15.452 -15.428 -15.459 -15.432 -15.454 -15.407 -15.318 -15.226 -15.004 -14.619 -14.209
0.700 -12.831 -13.334 -13.875 -14.977 -15.254 -15.343 -15.448 -15.410 -15.487 -15.444 -15.499 -15.478 -15.415 -15.339 -15.147 -14.788 -14.397
0.800 -12.385 -12.916 -13.548 -14.806 -15.151 -15.269 -15.415 -15.365 -15.484 -15.428 -15.514 -15.518 -15.479 -15.420 -15.257 -14.924 -14.551
0.900 -11.947 -12.496 -13.215 -14.616 -15.026 -15.172 -15.358 -15.297 -15.457 -15.390 -15.504 -15.531 -15.518 -15.475 -15.340 -15.034 -14.678
1.000 -11.505 -12.066 -12.873 -14.409 -14.882 -15.055 -15.280 -15.208 -15.408 -15.333 -15.473 -15.523 -15.534 -15.508 -15.402 -15.122 -14.784
1.100 -11.047 -11.613 -12.514 -14.181 -14.718 -14.918 -15.181 -15.100 -15.339 -15.256 -15.421 -15.494 -15.530 -15.520 -15.444 -15.190 -14.871
1.200 -10.571 -11.134 -12.136 -13.934 -14.537 -14.764 -15.064 -14.975 -15.252 -15.164 -15.352 -15.449 -15.510 -15.516 -15.470 -15.243 -14.942
1.300 -10.074 -10.623 -11.736 -13.666 -14.336 -14.592 -14.930 -14.833 -15.148 -15.055 -15.266 -15.385 -15.472 -15.496 -15.480 -15.280 -14.999
1.400 -9.566 -10.086 -11.321 -13.383 -14.122 -14.406 -14.782 -14.678 -15.030 -14.935 -15.168 -15.309 -15.421 -15.462 -15.477 -15.305 -15.044
1.500 -9.049 -9.525 -10.892 -13.083 -13.893 -14.206 -14.620 -14.510 -14.899 -14.803 -15.055 -15.219 -15.356 -15.414 -15.461 -15.318 -15.076
1.600 -8.541 -8.956 -10.462 -12.776 -13.658 -14.000 -14.451 -14.335 -14.760 -14.664 -14.936 -15.121 -15.283 -15.358 -15.435 -15.320 -15.098
1.700 -8.054 -8.396 -10.041 -12.465 -13.418 -13.789 -14.277 -14.156 -14.616 -14.522 -14.811 -15.018 -15.205 -15.296 -15.402 -15.312 -15.106
1.800 -7.599 -7.858 -9.636 -12.156 -13.177 -13.575 -14.099 -13.974 -14.467 -14.377 -14.681 -14.908 -15.119 -15.227 -15.362 -15.296 -15.106
1.900 -7.195 -7.374 -9.268 -11.864 -12.947 -13.370 -13.927 -13.798 -14.321 -14.235 -14.554 -14.799 -15.033 -15.156 -15.317 -15.275 -15.102
2.000 -6.833 -6.938 -8.932 -11.588 -12.725 -13.172 -13.758 -13.627 -14.177 -14.096 -14.427 -14.689 -14.944 -15.082 -15.269 -15.249 -15.091
2.100 -6.507 -6.542 -8.626 -11.328 -12.516 -12.984 -13.598 -13.466 -14.042 -13.967 -14.309 -14.587 -14.863 -15.013 -15.222 -15.218 -15.068
2.200 -6.224 -6.198 -8.358 -11.097 -12.327 -12.813 -13.450 -13.318 -13.916 -13.846 -14.198 -14.491 -14.784 -14.947 -15.176 -15.188 -15.047
2.300 -5.963 -5.875 -8.110 -10.882 -12.150 -12.652 -13.310 -13.177 -13.794 -13.731 -14.090 -14.396 -14.707 -14.881 -15.131 -15.159 -15.027
2.400 -5.713 -5.558 -7.873 -10.676 -11.981 -12.498 -13.175 -13.042 -13.677 -13.620 -13.986 -14.304 -14.630 -14.816 -15.085 -15.130 -15.009
2.500 -5.471 -5.243 -7.642 -10.478 -11.818 -12.350 -13.046 -12.912 -13.564 -13.513 -13.886 -14.214 -14.556 -14.752 -15.040 -15.102 -14.992
2.600 -5.245 -4.940 -7.427 -10.291 -11.668 -12.214 -12.927 -12.793 -13.460 -13.415 -13.793 -14.131 -14.487 -14.692 -14.999 -15.076 -14.977
2.700 -5.021 -4.632 -7.212 -10.105 -11.519 -12.079 -12.810 -12.676 -13.358 -13.319 -13.702 -14.050 -14.419 -14.634 -14.957 -15.051 -14.964
2.800 -4.794 -4.313 -6.993 -9.913 -11.367 -11.943 -12.692 -12.558 -13.256 -13.223 -13.611 -13.969 -14.351 -14.575 -14.917 -15.027 -14.951
2.900 -4.568 -3.985 -6.774 -9.720 -11.218 -11.811 -12.580 -12.446 -13.161 -13.134 -13.528 -13.896 -14.291 -14.523 -14.879 -15.000 -14.932
3.000 -4.351 -3.658 -6.561 -9.530 -11.074 -11.685 -12.475 -12.342 -13.075 -13.054 -13.454 -13.832 -14.239 -14.479 -14.846 -14.975 -14.910
3.100 -4.136 -3.330 -6.349 -9.338 -10.929 -11.558 -12.369 -12.237 -12.987 -12.973 -13.379 -13.766 -14.187 -14.435 -14.814 -14.951 -14.890
3.200 -3.917 -2.991 -6.133 -9.138 -10.777 -11.424 -12.257 -12.126 -12.893 -12.888 -13.299 -13.697 -14.131 -14.388 -14.781 -14.928 -14.873
3.300 -3.694 -2.642 -5.911 -8.930 -10.618 -11.284 -12.140 -12.009 -12.795 -12.798 -13.215 -13.624 -14.073 -14.339 -14.747 -14.905 -14.856
3.400 -3.468 -2.281 -5.685 -8.713 -10.453 -11.138 -12.017 -11.888 -12.692 -12.705 -13.127 -13.547 -14.011 -14.287 -14.711 -14.882 -14.840
3.500 -3.242 -1.916 -5.458 -8.493 -10.284 -10.989 -11.890 -11.763 -12.586 -12.609 -13.036 -13.467 -13.946 -14.233 -14.675 -14.859 -14.825
3.600 -3.020 -1.551 -5.234 -8.272 -10.115 -10.839 -11.763 -11.638 -12.479 -12.512 -12.944 -13.386 -13.881 -14.178 -14.637 -14.836 -14.811
3.700 -2.797 -1.180 -5.008 -8.046 -9.942 -10.685 -11.632 -11.510 -12.368 -12.413 -12.849 -13.302 -13.813 -14.121 -14.599 -14.812 -14.797
3.800 -2.571 -0.799 -4.779 -7.813 -9.762 -10.526 -11.496 -11.376 -12.253 -12.309 -12.749 -13.214 -13.742 -14.060 -14.558 -14.787 -14.781
3.900 -2.343 -0.411 -4.547 -7.574 -9.578 -10.361 -11.355 -11.238 -12.133 -12.201 -12.646 -13.122 -13.667 -13.997 -14.514 -14.760 -14.766
4.000 -2.113 -0.016 -4.313 -7.329 -9.389 -10.192 -11.209 -11.096 -12.009 -12.090 -12.539 -13.025 -13.588 -13.930 -14.469 -14.732 -14.749
4.100 -1.883 0.381 -4.079 -7.081 -9.196 -10.020 -11.061 -10.950 -11.881 -11.976 -12.429 -12.926 -13.507 -13.861 -14.421 -14.702 -14.731
4.200 -1.657 0.773 -3.848 -6.834 -9.004 -9.847 -10.911 -10.804 -11.753 -11.861 -12.317 -12.826 -13.424 -13.790 -14.372 -14.671 -14.713
4.300 -1.434 1.160 -3.620 -6.587 -8.811 -9.673 -10.760 -10.657 -11.622 -11.745 -12.204 -12.724 -13.339 -13.717 -14.321 -14.640 -14.694
4.400 -1.218 1.528 -3.400 -6.347 -8.621 -9.502 -10.610 -10.511 -11.492 -11.629 -12.091 -12.620 -13.253 -13.643 -14.269 -14.606 -14.673
4.500 -1.176 1.570 -3.358 -6.305 -8.579 -9.460 -10.568 -10.469 -11.450 -11.587 -12.049 -12.578 -13.211 -13.601 -14.227 -14.564 -14.631
4.600 -1.133 1.612 -3.316 -6.263 -8.537 -9.418 -10.525 -10.426 -11.408 -11.544 -12.006 -12.536 -13.168 -13.559 -14.184 -14.522 -14.589
4.700 -1.090 1.656 -3.272 -6.220 -8.493 -9.374 -10.482 -10.383 -11.364 -11.501 -11.963 -12.493 -13.125 -13.515 -14.141 -14.478 -14.545
4.800 -1.046 1.700 -3.228 -6.176 -8.449 -9.330 -10.438 -10.339 -11.321 -11.457 -11.919 -12.449 -13.081 -13.471 -14.097 -14.434 -14.502
4.900 -1.002 1.743 -3.184 -6.132 -8.405 -9.286 -10.394 -10.295 -11.277 -11.413 -11.875 -12.405 -13.037 -13.427 -14.053 -14.391 -14.458
5.000 -0.958 1.787 -3.141 -6.088 -8.362 -9.243 -10.351 -10.251 -11.233 -11.369 -11.832 -12.361 -12.993 -13.384 -14.009 -14.347 -14.414
5.100 -0.914 1.831 -3.097 -6.044 -8.318 -9.199 -10.307 -10.207 -11.189 -11.325 -11.788 -12.317 -12.949 -13.340 -13.965 -14.303 -14.370
5.200 -0.870 1.876 -3.052 -6.000 -8.273 -9.154 -10.262 -10.163 -11.144 -11.281 -11.743 -12.273 -12.905 -13.295 -13.921 -14.258 -14.325
5.300 -0.825 1.921 -3.007 -5.955 -8.228 -9.109 -10.217 -10.118 -11.099 -11.236 -11.698 -12.228 -12.860 -13.250 -13.876 -14.213 -14.280
5.400 -0.779 1.966 -2.962 -5.909 -8.183 -9.064 -10.172 -10.072 -11.054 -11.190 -11.653 -12.182 -12.815 -13.205 -13.830 -14.168 -14.235
5.500 -0.734 2.012 -2.916 -5.863 -8.137 -9.018 -10.126 -10.027 -11.008 -11.144 -11.607 -12.136 -12.769 -13.159 -13.785 -14.122 -14.189
5.600 -0.688 2.058 -2.870 -5.817 -8.091 -8.972 -10.080 -9.981 -10.962 -11.098 -11.561 -12.090 -12.723 -13.113 -13.739 -14.076 -14.143
5.700 -0.641 2.104 -2.824 -5.771 -8.045 -8.926 -10.034 -9.934 -10.916 -11.052 -11.515 -12.044 -12.677 -13.067 -13.692 -14.030 -14.097
5.800 -0.595 2.150 -2.778 -5.725 -7.999 -8.880 -9.988 -9.888 -10.870 -11.006 -11.469 -11.998 -12.631 -13.021 -13.646 -13.984 -14.051
5.900 -0.550 2.196 -2.732 -5.680 -7.953 -8.834 -9.942 -9.843 -10.824 -10.961 -11.423 -11.952 -12.585 -12.975 -13.601 -13.938 -14.005
6.000 -0.504 2.241 -2.687 -5.634 -7.908 -8.789 -9.896 -9.797 -10.779 -10.915 -11.377 -11.907 -12.539 -12.930 -13.555 -13.893 -13.960
6.100 -0.459 2.287 -2.641 -5.588 -7.862 -8.743 -9.851 -9.752 -10.733 -10.869 -11.332 -11.861 -12.494 -12.884 -13.510 -13.847 -13.914
6.200 -0.413 2.333 -2.595 -5.543 -7.816 -8.697 -9.805 -9.706 -10.688 -10.824 -11.286 -11.816 -12.448 -12.838 -13.464 -13.802 -13.869
6.300 -0.367 2.378 -2.550 -5.497 -7.771 -8.652 -9.760 -9.660 -10.642 -10.778 -11.241 -11.770 -12.403 -12.793 -13.418 -13.756 -13.823
6.400 -0.322 2.423 -2.505 -5.452 -7.726 -8.607 -9.714 -9.615 -10.597 -10.733 -11.195 -11.725 -12.357 -12.748 -13.373 -13.711 -13.778
6.500 -0.277 2.469 -2.459 -5.407 -7.680 -8.561 -9.669 -9.570 -10.552 -10.688 -11.150 -11.680 -12.312 -12.702 -13.328 -13.665 -13.732
6.600 -0.232 2.514 -2.414 -5.362 -7.635 -8.516 -9.624 -9.525 -10.507 -10.643 -11.105 -11.635 -12.267 -12.657 -13.283 -13.621 -13.688
6.700 -0.187 2.558 -2.370 -5.317 -7.591 -8.472 -9.580 -9.480 -10.462 -10.598 -11.061 -11.590 -12.223 -12.613 -13.238 -13.576 -13.643
6.800 -0.143 2.602 -2.326 -5.273 -7.547 -8.428 -9.536 -9.436 -10.418 -10.554 -11.017 -11.546 -12.179 -12.569 -13.194 -13.532 -13.599
6.900 -0.100 2.646 -2.282 -5.230 -7.503 -8.384 -9.492 -9.393 -10.375 -10.511 -10.973 -11.503 -12.135 -12.525 -13.151 -13.488 -13.555
7.000 -0.057 2.689 -2.239 -5.187 -7.460 -8.341 -9.449 -9.350 -10.332 -10.468 -10.930 -11.460 -12.092 -12.482 -13.108 -13.446 -13.513
7.100 -0.015 2.731 -2.197 -5.144 -7.418 -8.299 -9.407 -9.308 -10.289 -10.425 -10.888 -11.417 -12.050 -12.440 -13.066 -13.403 -13.470
7.200 0.027 2.773 -2.155 -5.103 -7.376 -8.257 -9.365 -9.266 -10.247 -10.384 -10.846 -11.375 -12.008 -12.398 -13.024 -13.361 -13.428
7.300 0.069 2.814 -2.114 -5.061 -7.335 -8.216 -9.324 -9.224 -10.206 -10.342 -10.805 -11.334 -11.967 -12.357 -12.982 -13.320 -13.387
7.400 0.109 2.855 -2.073 -5.021 -7.294 -8.175 -9.283 -9.184 -10.165 -10.302 -10.764 -11.293 -11.926 -12.316 -12.942 -13.279 -13.346
7.500 0.149 2.895 -2.033 -4.980 -7.254 -8.135 -9.243 -9.144 -10.125 -10.261 -10.724 -11.253 -11.886 -12.276 -12.902 -13.239 -13.306
7.600 0.189 2.934 -1.994 -4.941 -7.215 -8.096 -9.203 -9.104 -10.086 -10.222 -10.684 -11.214 -11.846 -12.237 -12.862 -13.200 -13.267
7.700 0.228 2.973 -1.955 -4.902 -7.176 -8.057 -9.165 -9.065 -10.047 -10.183 -10.646 -11.175 -11.807 -12.198 -12.823 -13.161 -13.228
7.800 0.266 3.011 -1.917 -4.864 -7.138 -8.019 -9.126 -9.027 -10.009 -10.145 -10.607 -11.137 -11.769 -12.160 -12.785 -13.123 -13.190
7.900 0.303 3.049 -1.879 -4.827 -7.100 -7.981 -9.089 -8.990 -9.971 -10.108 -10.570 -11.100 -11.732 -12.122 -12.748 -13.085 -13.152
8.000 0.340 3.085 -1.843 -4.790 -7.064 -7.945 -9.052 -8.953 -9.935 -10.071 -10.533 -11.063 -11.695 -12.086 -12.711 -13.049 -13.116
8.100 0.376 3.121 -1.807 -4.754 -7.028 -7.909 -9.017 -8.917 -9.899 -10.035 -10.498 -11.027 -11.659 -12.050 -12.675 -13.013 -13.080
8.200 0.411 3.156 -1.772 -4.719 -6.993 -7.874 -8.981 -8.882 -9.864 -10.000 -10.462 -10.992 -11.624 -12.015 -12.640 -12.978 -13.045
8.300 0.445 3.191 -1.737 -4.685 -6.958 -7.839 -8.947 -8.848 -9.830 -9.966 -10.428 -10.958 -11.590 -11.980 -12.606 -12.943 -13.010
8.400 0.479 3.224 -1.704 -4.651 -6.925 -7.806 -8.914 -8.814 -9.796 -9.932 -10.395 -10.924 -11.556 -11.947 -12.572 -12.910 -12.977
8.500 0.512 3.257 -1.671 -4.618 -6.892 -7.773 -8.881 -8.781 -9.763 -9.899 -10.362 -10.891 -11.524 -11.914 -12.539 -12.877 -12.944
8.600 0.544 3.289 -1.639 -4.586 -6.860 -7.741 -8.849 -8.749 -9.731 -9.867 -10.330 -10.859 -11.491 -11.882 -12.507 -12.845 -12.912
8.700 0.575 3.321 -1.607 -4.555 -6.828 -7.709 -8.817 -8.718 -9.699 -9.836 -10.298 -10.828 -11.460 -11.850 -12.476 -12.813 -12.880
8.800 0.606 3.352 -1.576 -4.524 -6.797 -7.678 -8.786 -8.687 -9.669 -9.805 -10.267 -10.797 -11.429 -11.819 -12.445 -12.783 -12.850
8.900 0.636 3.382 -1.546 -4.494 -6.767 -7.648 -8.756 -8.657 -9.639 -9.775 -10.237 -10.767 -11.399 -11.789 -12.415 -12.752 -12.820
9.000 0.665 3.411 -1.517 -4.464 -6.738 -7.619 -8.727 -8.628 -9.609 -9.745 -10.208 -10.737 -11.370 -11.760 -12.386 -12.723 -12.790
9.100 0.694 3.440 -1.488 -4.436 -6.709 -7.590 -8.698 -8.599 -9.580 -9.717 -10.179 -10.708 -11.341 -11.731 -12.357 -12.694 -12.761
9.200 0.722 3.468 -1.460 -4.407 -6.681 -7.562 -8.670 -8.571 -9.552 -9.689 -10.151 -10.680 -11.313 -11.703 -12.329 -12.666 -12.733
9.300 0.750 3.495 -1.433 -4.380 -6.654 -7.535 -8.642 -8.543 -9.525 -9.661 -10.123 -10.653 -11.285 -11.676 -12.301 -12.639 -12.706
9.400 0.777 3.522 -1.406 -4.353 -6.627 -7.508 -8.616 -8.516 -9.498 -9.634 -10.097 -10.626 -11.258 -11.649 -12.274 -12.612 -12.679
9.500 0.803 3.549 -1.379 -4.327 -6.600 -7.481 -8.589 -8.490 -9.472 -9.608 -10.070 -10.600 -11.232 -11.622 -12.248 -12.586 -12.653
9.600 0.829 3.574 -1.354 -4.301 -6.575 -7.456 -8.564 -8.464 -9.446 -9.582 -10.045 -10.574 -11.206 -11.597 -12.222 -12.560 -12.627
9.700 0.854 3.599 -1.329 -4.276 -6.550 -7.431 -8.538 -8.439 -9.421 -9.557 -10.019 -10.549 -11.181 -11.572 -12.197 -12.535 -12.602
9.800 0.878 3.624 -1.304 -4.251 -6.525 -7.406 -8.514 -8.415 -9.396 -9.532 -9.995 -10.524 -11.157 -11.547 -12.172 -12.510 -12.577
9.900 0.903 3.648 -1.280 -4.227 -6.501 -7.382 -8.490 -8.390 -9.372 -9.508 -9.971 -10.500 -11.132 -11.523 -12.148 -12.486 -12.553
10.000 0.926 3.672 -1.256 -4.203 -6.477 -7.358 -8.466 -8.367 -9.348 -9.485 -9.947 -10.476 -11.109 -11.499 -12.125 -12.462 -12.529
10.100 0.949 3.695 -1.233 -4.180 -6.454 -7.335 -8.443 -8.344 -9.325 -9.461 -9.924 -10.453 -11.086 -11.476 -12.101 -12.439 -12.506
10.200 0.972 3.718 -1.210 -4.158 -6.431 -7.312 -8.420 -8.321 -9.302 -9.439 -9.901 -10.430 -11.063 -11.453 -12.079 -12.416 -12.483
10.300 0.995 3.740 -1.188 -4.135 -6.409 -7.290 -8.398 -8.298 -9.280 -9.416 -9.879 -10.408 -11.041 -11.431 -12.056 -12.394 -12.461
10.400 1.016 3.762 -1.166 -4.113 -6.387 -7.268 -8.376 -8.277 -9.258 -9.394 -9.857 -10.386 -11.019 -11.409 -12.034 -12.372 -12.439
10.500 1.038 3.784 -1.144 -4.092 -6.365 -7.246 -8.354 -8.255 -9.237 -9.373 -9.835 -10.365 -10.997 -11.387 -12.013 -12.351 -12.418
10.600 1.059 3.805 -1.123 -4.071 -6.344 -7.225 -8.333 -8.234 -9.215 -9.352 -9.814 -10.344 -10.976 -11.366 -11.992 -12.329 -12.396
10.700 1.080 3.826 -1.102 -4.050 -6.323 -7.204 -8.312 -8.213 -9.195 -9.331 -9.793 -10.323 -10.955 -11.345 -11.971 -12.309 -12.376
10.800 1.100 3.846 -1.082 -4.029 -6.303 -7.184 -8.292 -8.193 -9.174 -9.310 -9.773 -10.302 -10.935 -11.325 -11.951 -12.288 -12.355
10.900 1.121 3.866 -1.062 -4.009 -6.283 -7.164 -8.272 -8.172 -9.154 -9.290 -9.753 -10.282 -10.915 -11.305 -11.930 -12.268 -12.335
11.000 1.140 3.886 -1.042 -3.989 -6.263 -7.144 -8.252 -8.153 -9.134 -9.270 -9.733 -10.262 -10.895 -11.285 -11.911 -12.248 -12.315
11.100 1.160 3.905 -1.023 -3.970 -6.244 -7.125 -8.232 -8.133 -9.115 -9.251 -9.713 -10.243 -10.875 -11.266 -11.891 -12.229 -12.296
11.200 1.179 3.925 -1.003 -3.951 -6.224 -7.105 -8.213 -8.114 -9.096 -9.232 -9.694 -10.224 -10.856 -11.246 -11.872 -12.209 -12.276
11.300 1.198 3.944 -0.984 -3.932 -6.205 -7.086 -8.194 -8.095 -9.077 -9.213 -9.675 -10.205 -10.837 -11.227 -11.853 -12.190 -12.257
11.400 1.217 3.962 -0.966 -3.913 -6.187 -7.068 -8.175 -8.076 -9.058 -9.194 -9.656 -10.186 -10.818 -11.209 -11.834 -12.172 -12.239
11.500 1.235 3.981 -0.947 -3.895 -6.168 -7.049 -8.157 -8.058 -9.039 -9.176 -9.638 -10.167 -10.800 -11.190 -11.816 -12.153 -12.220
11.600 1.253 3.999 -0.929 -3.876 -6.150 -7.031 -8.139 -8.040 -9.021 -9.157 -9.620 -10.149 -10.782 -11.172 -11.798 -12.135 -12.202
11.700 1.271 4.017 -0.911 -3.858 -6.132 -7.013 -8.121 -8.022 -9.003 -9.139 -9.602 -10.131 -10.764 -11.154 -11.780 -12.117 -12.184
11.800 1.289 4.035 -0.893 -3.841 -6.114 -6.995 -8.103 -8.004 -8.985 -9.122 -9.584 -10.114 -10.746 -11.136 -11.762 -12.099 -12.166
11.900 1.307 4.052 -0.876 -3.823 -6.097 -6.978 -8.086 -7.986 -8.968 -9.104 -9.567 -10.096 -10.728 -11.119 -11.744 -12.082 -12.149
12.000 1.324 4.070 -0.858 -3.806 -6.079 -6.960 -8.068 -7.969 -8.951 -9.087 -9.549 -10.079 -10.711 -11.101 -11.727 -12.065 -12.132
12.100 1.341 4.087 -0.841 -3.789 -6.062 -6.943 -8.051 -7.952 -8.933 -9.070 -9.532 -10.062 -10.694 -11.084 -11.710 -12.047 -12.114
12.200 1.358 4.104 -0.824 -3.772 -6.045 -6.926 -8.034 -7.935 -8.917 -9.053 -9.515 -10.045 -10.677 -11.067 -11.693 -12.030 -12.097
12.300 1.375 4.120 -0.808 -3.755 -6.029 -6.910 -8.017 -7.918 -8.900 -9.036 -9.498 -10.028 -10.660 -11.051 -11.676 -12.014 -12.081
12.400 1.391 4.137 -0.791 -3.738 -6.012 -6.893 -8.001 -7.902 -8.883 -9.019 -9.482 -10.011 -10.644 -11.034 -11.660 -11.997 -12.064
12.500 1.408 4.153 -0.775 -3.722 -5.996 -6.877 -7.984 -7.885 -8.867 -9.003 -9.465 -9.995 -10.627 -11.018 -11.643 -11.981 -12.048
12.600 1.424 4.170 -0.758 -3.706 -5.979 -6.860 -7.968 -7.869 -8.851 -8.987 -9.449 -9.979 -10.611 -11.001 -11.627 -11.964 -12.032
12.700 1.440 4.186 -0.742 -3.690 -5.963 -6.844 -7.952 -7.853 -8.835 -8.971 -9.433 -9.963 -10.595 -10.985 -11.611 -11.948 -12.015
12.800 1.456 4.202 -0.726 -3.674 -5.947 -6.828 -7.936 -7.837 -8.819 -8.955 -9.417 -9.947 -10.579 -10.969 -11.595 -11.933 -12.000
12.900 1.472 4.217 -0.711 -3.658 -5.932 -6.813 -7.921 -7.821 -8.803 -8.939 -9.401 -9.931 -10.563 -10.954 -11.579 -11.917 -11.984
13.000 1.487 4.233 -0.695 -3.642 -5.916 -6.797 -7.905 -7.806 -8.787 -8.923 -9.386 -9.915 -10.548 -10.938 -11.564 -11.901 -11.968
13.100 1.503 4.248 -0.680 -3.627 -5.901 -6.782 -7.889 -7.790 -8.772 -8.908 -9.370 -9.900 -10.532 -10.923 -11.548 -11.886 -11.953
13.200 1.518 4.264 -0.664 -3.612 -5.885 -6.766 -7.874 -7.775 -8.757 -8.893 -9.355 -9.885 -10.517 -10.907 -11.533 -11.870 -11.937
13.300 1.533 4.279 -0.649 -3.596 -5.870 -6.751 -7.859 -7.760 -8.741 -8.878 -9.340 -9.869 -10.502 -10.892 -11.518 -11.855 -11.922
13.400 1.548 4.294 -0.634 -3.581 -5.855 -6.736 -7.844 -7.745 -8.726 -8.862 -9.325 -9.854 -10.487 -10.877 -11.503 -11.840 -11.907
13.500 1.563 4.309 -0.619 -3.566 -5.840 -6.721 -7.829 -7.730 -8.711 -8.848 -9.310 -9.839 -10.472 -10.862 -11.488 -11.825 -11.892
13.600 1.578 4.324 -0.604 -3.552 -5.825 -6.706 -7.814 -7.715 -8.697 -8.833 -9.295 -9.825 -10.457 -10.847 -11.473 -11.810 -11.877
13.700 1.593 4.338 -0.590 -3.537 -5.811 -6.692 -7.800 -7.700 -8.682 -8.818 -9.281 -9.810 -10.442 -10.833 -11.458 -11.796 -11.863
13.800 1.607 4.353 -0.575 -3.522 -5.796 -6.677 -7.785 -7.686 -8.667 -8.804 -9.266 -9.795 -10.428 -10.818 -11.444 -11.781 -11.848
13.900 1.622 4.367 -0.561 -3.508 -5.782 -6.663 -7.771 -7.671 -8.653 -8.789 -9.252 -9.781 -10.413 -10.804 -11.429 -11.767 -11.834
14.000 1.636 4.382 -0.546 -3.494 -5.767 -6.648 -7.756 -7.657 -8.639 -8.775 -9.237 -9.767 -10.399 -10.789 -11.415 -11.753 -11.820
14.100 1.650 4.396 -0.532 -3.480 -5.753 -6.634 -7.742 -7.643 -8.624 -8.761 -9.223 -9.753 -10.385 -10.775 -11.401 -11.738 -11.805
14.200 1.664 4.410 -0.518 -3.466 -5.739 -6.620 -7.728 -7.629 -8.610 -8.747 -9.209 -9.738 -10.371 -10.761 -11.387 -11.724 -11.791
14.300 1.678 4.424 -0.504 -3.452 -5.725 -6.606 -7.714 -7.615 -8.596 -8.733 -9.195 -9.724 -10.357 -10.747 -11.373 -11.710 -11.777
14.400 1.692 4.438 -0.490 -3.438 -5.711 -6.592 -7.700 -7.601 -8.583 -8.719 -9.181 -9.711 -10.343 -10.733 -11.359 -11.696 -11.763
14.500 1.706 4.451 -0.477 -3.424 -5.698 -6.579 -7.686 -7.587 -8.569 -8.705 -9.167 -9.697 -10.329 -10.720 -11.345 -11.683 -11.750
14.600 1.719 4.465 -0.463 -3.410 -5.684 -6.565 -7.673 -7.574 -8.555 -8.691 -9.154 -9.683 -10.316 -10.706 -11.331 -11.669 -11.736
14.700 1.733 4.479 -0.449 -3.397 -5.670 -6.551 -7.659 -7.560 -8.542 -8.678 -9.140 -9.670 -10.302 -10.692 -11.318 -11.655 -11.723
14.800 1.746 4.492 -0.436 -3.383 -5.657 -6.538 -7.646 -7.547 -8.528 -8.664 -9.127 -9.656 -10.289 -10.679 -11.304 -11.642 -11.709
14.900 1.760 4.505 -0.423 -3.370 -5.644 -6.525 -7.632 -7.533 -8.515 -8.651 -9.113 -9.643 -10.275 -10.666 -11.291 -11.629 -11.696
15.000 1.773 4.519 -0.409 -3.357 -5.630 -6.511 -7.619 -7.520 -8.502 -8.638 -9.100 -9.630 -10.262 -10.652 -11.278 -11.615 -11.682
