# day W2 M2 W1 u B g V c r w o i z y J H K
0.000 -10.342 -10.137 -9.933 -9.075 -8.707 -8.528 -8.216 -8.340 -7.959 -8.144 -7.817 -7.536 -7.220 -6.977 -6.484 -5.848 -5.261
0.100 -15.039 -15.009 -14.917 -14.543 -14.329 -14.218 -14.019 -14.094 -13.844 -13.950 -13.744 -13.541 -13.300 -13.108 -12.707 -12.159 -11.634
0.200 -14.848 -14.969 -14.992 -14.981 -14.876 -14.810 -14.683 -14.728 -14.557 -14.620 -14.483 -14.324 -14.127 -13.963 -13.613 -13.112 -12.621
0.300 -14.335 -14.590 -14.743 -15.064 -15.061 -15.036 -14.974 -14.994 -14.892 -14.921 -14.841 -14.721 -14.560 -14.420 -14.113 -13.650 -13.185
0.400 -13.729 -14.095 -14.383 -15.001 -15.097 -15.112 -15.109 -15.107 -15.070 -15.070 -15.040 -14.955 -14.828 -14.710 -14.442 -14.013 -13.572
0.500 -13.106 -13.554 -13.976 -14.860 -15.050 -15.104 -15.158 -15.137 -15.159 -15.135 -15.151 -15.099 -15.004 -14.907 -14.675 -14.279 -13.861
0.600 -12.473 -12.982 -13.537 -14.660 -14.943 -15.035 -15.145 -15.106 -15.185 -15.141 -15.199 -15.179 -15.116 -15.040 -14.844 -14.480 -14.083
0.700 -11.827 -12.376 -13.066 -14.412 -14.788 -14.918 -15.082 -15.027 -15.163 -15.102 -15.199 -15.211 -15.180 -15.125 -14.966 -14.634 -14.259
0.800 -11.168 -11.738 -12.569 -14.124 -14.593 -14.762 -14.980 -14.910 -15.101 -15.026 -15.160 -15.204 -15.206 -15.172 -15.050 -14.751 -14.398
0.900 -10.513 -11.084 -12.059 -13.807 -14.368 -14.575 -14.846 -14.763 -15.008 -14.923 -15.091 -15.166 -15.201 -15.189 -15.106 -14.840 -14.509
1.000 -9.899 -10.453 -11.563 -13.478 -14.126 -14.369 -14.690 -14.596 -14.892 -14.799 -14.999 -15.104 -15.172 -15.182 -15.137 -14.906 -14.598
1.100 -9.359 -9.885 -11.108 -13.153 -13.877 -14.154 -14.519 -14.417 -14.758 -14.663 -14.888 -15.022 -15.122 -15.154 -15.149 -14.952 -14.668
1.200 -8.929 -9.426 -10.729 -12.863 -13.646 -13.949 -14.352 -14.243 -14.622 -14.527 -14.774 -14.932 -15.062 -15.115 -15.147 -14.984 -14.724
1.300 -8.577 -9.051 -10.415 -12.610 -13.437 -13.760 -14.191 -14.079 -14.487 -14.394 -14.657 -14.836 -14.993 -15.065 -15.133 -15.003 -14.766
1.400 -8.289 -8.741 -10.160 -12.404 -13.263 -13.601 -14.052 -13.938 -14.367 -14.277 -14.551 -14.746 -14.925 -15.013 -15.113 -15.015 -14.801
1.500 -8.027 -8.453 -9.934 -12.228 -13.115 -13.464 -13.932 -13.816 -14.261 -14.174 -14.457 -14.664 -14.859 -14.960 -15.088 -15.020 -14.827
1.600 -7.782 -8.176 -9.724 -12.073 -12.989 -13.349 -13.830 -13.712 -14.171 -14.086 -14.375 -14.591 -14.801 -14.912 -15.064 -15.020 -14.848
1.700 -7.546 -7.901 -9.521 -11.927 -12.875 -13.247 -13.743 -13.623 -14.095 -14.010 -14.306 -14.530 -14.750 -14.870 -15.040 -15.019 -14.866
1.800 -7.305 -7.615 -9.314 -11.778 -12.763 -13.149 -13.662 -13.539 -14.026 -13.942 -14.245 -14.477 -14.706 -14.833 -15.019 -15.015 -14.877
1.900 -7.070 -7.328 -9.108 -11.629 -12.654 -13.056 -13.587 -13.463 -13.967 -13.884 -14.194 -14.435 -14.674 -14.807 -15.004 -15.011 -14.880
2.000 -6.835 -7.036 -8.901 -11.477 -12.544 -12.962 -13.514 -13.387 -13.909 -13.828 -14.147 -14.397 -14.647 -14.787 -14.993 -15.006 -14.880
2.100 -6.596 -6.733 -8.687 -11.317 -12.427 -12.863 -13.437 -13.308 -13.849 -13.770 -14.098 -14.359 -14.620 -14.767 -14.983 -15.002 -14.879
2.200 -6.355 -6.422 -8.469 -11.150 -12.306 -12.761 -13.357 -13.227 -13.789 -13.713 -14.049 -14.322 -14.596 -14.749 -14.975 -14.998 -14.874
2.300 -6.117 -6.109 -8.251 -10.980 -12.182 -12.655 -13.274 -13.142 -13.725 -13.652 -13.997 -14.282 -14.569 -14.730 -14.966 -14.995 -14.872
2.400 -5.873 -5.783 -8.025 -10.799 -12.048 -12.540 -13.183 -13.050 -13.653 -13.586 -13.939 -14.236 -14.537 -14.707 -14.955 -14.991 -14.872
2.500 -5.626 -5.446 -7.793 -10.610 -11.908 -12.419 -13.086 -12.951 -13.576 -13.514 -13.875 -14.185 -14.501 -14.680 -14.942 -14.987 -14.871
2.600 -5.378 -5.103 -7.559 -10.415 -11.761 -12.292 -12.983 -12.848 -13.494 -13.438 -13.807 -14.129 -14.461 -14.649 -14.927 -14.982 -14.871
2.700 -5.132 -4.755 -7.323 -10.214 -11.611 -12.161 -12.876 -12.741 -13.408 -13.358 -13.736 -14.070 -14.417 -14.616 -14.909 -14.976 -14.870
2.800 -4.880 -4.394 -7.080 -10.004 -11.452 -12.022 -12.762 -12.627 -13.315 -13.273 -13.658 -14.005 -14.369 -14.578 -14.888 -14.967 -14.869
2.900 -4.628 -4.025 -6.835 -9.787 -11.287 -11.878 -12.643 -12.508 -13.217 -13.183 -13.576 -13.936 -14.316 -14.537 -14.865 -14.957 -14.866
3.000 -4.370 -3.642 -6.582 -9.560 -11.114 -11.726 -12.516 -12.382 -13.113 -13.088 -13.487 -13.861 -14.259 -14.490 -14.837 -14.944 -14.862
3.100 -4.113 -3.252 -6.329 -9.327 -10.935 -11.569 -12.385 -12.252 -13.004 -12.989 -13.395 -13.782 -14.197 -14.441 -14.807 -14.929 -14.856
3.200 -3.856 -2.855 -6.073 -9.088 -10.752 -11.407 -12.249 -12.117 -12.891 -12.886 -13.299 -13.698 -14.132 -14.388 -14.775 -14.912 -14.849
3.300 -3.596 -2.447 -5.813 -8.841 -10.562 -11.239 -12.107 -11.977 -12.772 -12.778 -13.197 -13.610 -14.063 -14.330 -14.738 -14.893 -14.840
3.400 -3.332 -2.027 -5.549 -8.585 -10.365 -11.064 -11.959 -11.831 -12.647 -12.665 -13.091 -13.517 -13.989 -14.269 -14.699 -14.871 -14.829
3.500 -3.067 -1.597 -5.281 -8.320 -10.161 -10.883 -11.805 -11.679 -12.517 -12.548 -12.979 -13.419 -13.910 -14.203 -14.656 -14.846 -14.816
3.600 -2.799 -1.157 -5.010 -8.049 -9.951 -10.696 -11.645 -11.522 -12.382 -12.426 -12.862 -13.315 -13.826 -14.133 -14.609 -14.819 -14.802
3.700 -2.532 -0.710 -4.739 -7.772 -9.736 -10.505 -11.481 -11.361 -12.242 -12.300 -12.742 -13.208 -13.739 -14.060 -14.560 -14.790 -14.785
3.800 -2.264 -0.257 -4.466 -7.489 -9.517 -10.309 -11.312 -11.196 -12.098 -12.171 -12.617 -13.097 -13.648 -13.983 -14.507 -14.758 -14.767
3.900 -1.995 0.201 -4.192 -7.201 -9.293 -10.108 -11.138 -11.026 -11.949 -12.038 -12.489 -12.982 -13.553 -13.902 -14.451 -14.724 -14.747
4.000 -1.724 0.666 -3.916 -6.907 -9.063 -9.901 -10.959 -10.851 -11.795 -11.900 -12.355 -12.861 -13.454 -13.816 -14.392 -14.686 -14.724
4.100 -1.455 1.127 -3.642 -6.611 -8.830 -9.691 -10.776 -10.673 -11.637 -11.758 -12.218 -12.736 -13.350 -13.727 -14.330 -14.647 -14.700
4.200 -1.215 1.531 -3.397 -6.344 -8.618 -9.499 -10.607 -10.508 -11.489 -11.625 -12.088 -12.617 -13.250 -13.640 -14.266 -14.603 -14.670
4.300 -1.162 1.583 -3.345 -6.292 -8.566 -9.447 -10.555 -10.455 -11.437 -11.573 -12.036 -12.565 -13.198 -13.588 -14.213 -14.551 -14.618
4.400 -1.109 1.636 -3.292 -6.239 -8.513 -9.394 -10.502 -10.402 -11.384 -11.520 -11.983 -12.512 -13.145 -13.535 -14.160 -14.498 -14.565
4.500 -1.056 1.690 -3.238 -6.186 -8.459 -9.340 -10.448 -10.349 -11.331 -11.467 -11.929 -12.459 -13.091 -13.481 -14.107 -14.444 -14.511
4.600 -1.002 1.744 -3.184 -6.132 -8.405 -9.286 -10.394 -10.295 -11.277 -11.413 -11.875 -12.405 -13.037 -13.427 -14.053 -14.390 -14.457
4.700 -0.947 1.799 -3.129 -6.076 -8.350 -9.231 -10.339 -10.240 -11.221 -11.358 -11.820 -12.349 -12.982 -13.372 -13.998 -14.335 -14.402
4.800 -0.891 1.854 -3.074 -6.021 -8.295 -9.176 -10.284 -10.184 -11.166 -11.302 -11.765 -12.294 -12.926 -13.317 -13.942 -14.280 -14.347
4.900 -0.836 1.910 -3.018 -5.965 -8.239 -9.120 -10.228 -10.128 -11.110 -11.246 -11.709 -12.238 -12.871 -13.261 -13.886 -14.224 -14.291
5.000 -0.779 1.966 -2.962 -5.909 -8.183 -9.064 -10.171 -10.072 -11.054 -11.190 -11.652 -12.182 -12.814 -13.205 -13.830 -14.168 -14.235
5.100 -0.723 2.023 -2.905 -5.853 -8.126 -9.007 -10.115 -10.016 -10.997 -11.134 -11.596 -12.126 -12.758 -13.148 -13.774 -14.111 -14.178
5.200 -0.666 2.079 -2.849 -5.796 -8.070 -8.951 -10.059 -9.959 -10.941 -11.077 -11.540 -12.069 -12.702 -13.092 -13.717 -14.055 -14.122
5.300 -0.610 2.135 -2.793 -5.740 -8.014 -8.895 -10.002 -9.903 -10.885 -11.021 -11.483 -12.013 -12.645 -13.036 -13.661 -13.999 -14.066
5.400 -0.554 2.192 -2.736 -5.684 -7.957 -8.838 -9.946 -9.847 -10.829 -10.965 -11.427 -11.957 -12.589 -12.979 -13.605 -13.942 -14.010
5.500 -0.498 2.248 -2.680 -5.628 -7.901 -8.782 -9.890 -9.791 -10.772 -10.909 -11.371 -11.900 -12.533 -12.923 -13.549 -13.886 -13.953
5.600 -0.442 2.304 -2.624 -5.571 -7.845 -8.726 -9.834 -9.735 -10.716 -10.852 -11.315 -11.844 -12.477 -12.867 -13.493 -13.830 -13.897
5.700 -0.386 2.360 -2.568 -5.516 -7.789 -8.670 -9.778 -9.679 -10.661 -10.797 -11.259 -11.789 -12.421 -12.811 -13.437 -13.775 -13.842
5.800 -0.331 2.415 -2.513 -5.461 -7.734 -8.615 -9.723 -9.624 -10.606 -10.742 -11.204 -11.734 -12.366 -12.756 -13.382 -13.719 -13.786
5.900 -0.276 2.470 -2.458 -5.406 -7.679 -8.560 -9.668 -9.569 -10.551 -10.687 -11.149 -11.679 -12.311 -12.701 -13.327 -13.665 -13.732
6.000 -0.222 2.524 -2.404 -5.352 -7.625 -8.506 -9.614 -9.515 -10.497 -10.633 -11.095 -11.625 -12.257 -12.647 -13.273 -13.610 -13.677
6.100 -0.169 2.577 -2.351 -5.298 -7.572 -8.453 -9.561 -9.461 -10.443 -10.579 -11.042 -11.571 -12.204 -12.594 -13.219 -13.557 -13.624
6.200 -0.116 2.630 -2.298 -5.246 -7.519 -8.400 -9.508 -9.409 -10.390 -10.527 -10.989 -11.518 -12.151 -12.541 -13.167 -13.504 -13.571
6.300 -0.064 2.682 -2.246 -5.194 -7.467 -8.348 -9.456 -9.357 -10.339 -10.475 -10.937 -11.467 -12.099 -12.489 -13.115 -13.452 -13.519
6.400 -0.013 2.733 -2.195 -5.143 -7.416 -8.297 -9.405 -9.306 -10.288 -10.424 -10.886 -11.416 -12.048 -12.438 -13.064 -13.401 -13.468
6.500 0.037 2.783 -2.145 -5.093 -7.366 -8.247 -9.355 -9.256 -10.237 -10.374 -10.836 -11.366 -11.998 -12.388 -13.014 -13.351 -13.418
6.600 0.086 2.832 -2.096 -5.043 -7.317 -8.198 -9.306 -9.207 -10.188 -10.324 -10.787 -11.316 -11.949 -12.339 -12.964 -13.302 -13.369
6.700 0.135 2.880 -2.048 -4.995 -7.269 -8.150 -9.258 -9.158 -10.140 -10.276 -10.739 -11.268 -11.900 -12.291 -12.916 -13.254 -13.321
6.800 0.182 2.927 -2.001 -4.948 -7.222 -8.103 -9.210 -9.111 -10.093 -10.229 -10.691 -11.221 -11.853 -12.244 -12.869 -13.207 -13.274
6.900 0.228 2.974 -1.954 -4.902 -7.175 -8.056 -9.164 -9.065 -10.047 -10.183 -10.645 -11.175 -11.807 -12.197 -12.823 -13.161 -13.228
7.000 0.273 3.019 -1.909 -4.857 -7.130 -8.011 -9.119 -9.020 -10.002 -10.138 -10.600 -11.130 -11.762 -12.152 -12.778 -13.115 -13.182
7.100 0.317 3.063 -1.865 -4.813 -7.086 -7.967 -9.075 -8.976 -9.958 -10.094 -10.556 -11.086 -11.718 -12.108 -12.734 -13.071 -13.138
7.200 0.360 3.105 -1.822 -4.770 -7.043 -7.924 -9.032 -8.933 -9.915 -10.051 -10.513 -11.043 -11.675 -12.065 -12.691 -13.029 -13.096
7.300 0.402 3.147 -1.781 -4.728 -7.002 -7.883 -8.991 -8.891 -9.873 -10.009 -10.472 -11.001 -11.633 -12.024 -12.649 -12.987 -13.054
7.400 0.442 3.188 -1.740 -4.687 -6.961 -7.842 -8.950 -8.851 -9.832 -9.968 -10.431 -10.960 -11.593 -11.983 -12.609 -12.946 -13.013
7.500 0.482 3.228 -1.700 -4.648 -6.921 -7.802 -8.910 -8.811 -9.793 -9.929 -10.391 -10.921 -11.553 -11.943 -12.569 -12.906 -12.974
7.600 0.521 3.266 -1.662 -4.609 -6.883 -7.764 -8.872 -8.772 -9.754 -9.890 -10.353 -10.882 -11.515 -11.905 -12.530 -12.868 -12.935
7.700 0.558 3.304 -1.624 -4.572 -6.845 -7.726 -8.834 -8.735 -9.717 -9.853 -10.315 -10.845 -11.477 -11.867 -12.493 -12.830 -12.897
7.800 0.595 3.340 -1.588 -4.535 -6.809 -7.690 -8.798 -8.698 -9.680 -9.816 -10.279 -10.808 -11.440 -11.831 -12.456 -12.794 -12.861
7.900 0.630 3.376 -1.552 -4.500 -6.773 -7.654 -8.762 -8.663 -9.644 -9.781 -10.243 -10.773 -11.405 -11.795 -12.421 -12.758 -12.825
8.000 0.665 3.410 -1.518 -4.465 -6.739 -7.620 -8.728 -8.628 -9.610 -9.746 -10.209 -10.738 -11.370 -11.761 -12.386 -12.724 -12.791
8.100 0.698 3.444 -1.484 -4.431 -6.705 -7.586 -8.694 -8.595 -9.576 -9.713 -10.175 -10.704 -11.337 -11.727 -12.353 -12.690 -12.757
8.200 0.731 3.477 -1.451 -4.399 -6.672 -7.553 -8.661 -8.562 -9.544 -9.680 -10.142 -10.672 -11.304 -11.694 -12.320 -12.657 -12.725
8.300 0.763 3.508 -1.419 -4.367 -6.640 -7.521 -8.629 -8.530 -9.512 -9.648 -10.110 -10.640 -11.272 -11.662 -12.288 -12.626 -12.693
8.400 0.794 3.540 -1.388 -4.336 -6.609 -7.490 -8.598 -8.499 -9.481 -9.617 -10.079 -10.609 -11.241 -11.631 -12.257 -12.595 -12.662
8.500 0.824 3.570 -1.358 -4.306 -6.579 -7.460 -8.568 -8.469 -9.450 -9.587 -10.049 -10.579 -11.211 -11.601 -12.227 -12.564 -12.631
8.600 0.854 3.599 -1.329 -4.276 -6.550 -7.431 -8.539 -8.439 -9.421 -9.557 -10.020 -10.549 -11.181 -11.572 -12.197 -12.535 -12.602
8.700 0.882 3.628 -1.300 -4.247 -6.521 -7.402 -8.510 -8.411 -9.392 -9.528 -9.991 -10.520 -11.153 -11.543 -12.168 -12.506 -12.573
8.800 0.911 3.656 -1.272 -4.219 -6.493 -7.374 -8.482 -8.382 -9.364 -9.500 -9.963 -10.492 -11.125 -11.515 -12.140 -12.478 -12.545
8.900 0.938 3.684 -1.244 -4.192 -6.465 -7.346 -8.454 -8.355 -9.337 -9.473 -9.935 -10.465 -11.097 -11.487 -12.113 -12.451 -12.518
9.000 0.965 3.710 -1.218 -4.165 -6.439 -7.320 -8.427 -8.328 -9.310 -9.446 -9.908 -10.438 -11.070 -11.461 -12.086 -12.424 -12.491
9.100 0.991 3.737 -1.191 -4.139 -6.412 -7.293 -8.401 -8.302 -9.284 -9.420 -9.882 -10.412 -11.044 -11.434 -12.060 -12.398 -12.465
9.200 1.017 3.762 -1.166 -4.113 -6.387 -7.268 -8.376 -8.276 -9.258 -9.394 -9.857 -10.386 -11.018 -11.409 -12.034 -12.372 -12.439
9.300 1.042 3.787 -1.141 -4.088 -6.362 -7.243 -8.350 -8.251 -9.233 -9.369 -9.831 -10.361 -10.993 -11.384 -12.009 -12.347 -12.414
9.400 1.066 3.812 -1.116 -4.063 -6.337 -7.218 -8.326 -8.227 -9.208 -9.344 -9.807 -10.336 -10.969 -11.359 -11.985 -12.322 -12.389
9.500 1.091 3.836 -1.092 -4.039 -6.313 -7.194 -8.302 -8.202 -9.184 -9.320 -9.783 -10.312 -10.945 -11.335 -11.960 -12.298 -12.365
9.600 1.114 3.860 -1.068 -4.016 -6.289 -7.170 -8.278 -8.179 -9.160 -9.297 -9.759 -10.288 -10.921 -11.311 -11.937 -12.274 -12.341
9.700 1.137 3.883 -1.045 -3.992 -6.266 -7.147 -8.255 -8.155 -9.137 -9.273 -9.736 -10.265 -10.898 -11.288 -11.913 -12.251 -12.318
9.800 1.160 3.906 -1.022 -3.969 -6.243 -7.124 -8.232 -8.133 -9.114 -9.250 -9.713 -10.242 -10.875 -11.265 -11.891 -12.228 -12.295
9.900 1.183 3.928 -1.000 -3.947 -6.221 -7.102 -8.209 -8.110 -9.092 -9.228 -9.690 -10.220 -10.852 -11.243 -11.868 -12.206 -12.273
10.000 1.205 3.950 -0.977 -3.925 -6.198 -7.079 -8.187 -8.088 -9.070 -9.206 -9.668 -10.198 -10.830 -11.220 -11.846 -12.184 -12.251
10.100 1.227 3.972 -0.956 -3.903 -6.177 -7.058 -8.166 -8.066 -9.048 -9.184 -9.647 -10.176 -10.808 -11.199 -11.824 -12.162 -12.229
10.200 1.248 3.994 -0.934 -3.882 -6.155 -7.036 -8.144 -8.045 -9.027 -9.163 -9.625 -10.155 -10.787 -11.177 -11.803 -12.140 -12.207
10.300 1.269 4.015 -0.913 -3.861 -6.134 -7.015 -8.123 -8.024 -9.005 -9.142 -9.604 -10.134 -10.766 -11.156 -11.782 -12.119 -12.186
10.400 1.290 4.036 -0.892 -3.840 -6.113 -6.994 -8.102 -8.003 -8.985 -9.121 -9.583 -10.113 -10.745 -11.135 -11.761 -12.099 -12.166
10.500 1.310 4.056 -0.872 -3.819 -6.093 -6.974 -8.082 -7.983 -8.964 -9.100 -9.563 -10.092 -10.725 -11.115 -11.740 -12.078 -12.145
10.600 1.331 4.076 -0.852 -3.799 -6.073 -6.954 -8.062 -7.962 -8.944 -9.080 -9.543 -10.072 -10.704 -11.095 -11.720 -12.058 -12.125
10.700 1.351 4.096 -0.832 -3.779 -6.053 -6.934 -8.042 -7.942 -8.924 -9.060 -9.523 -10.052 -10.684 -11.075 -11.700 -12.038 -12.105
10.800 1.370 4.116 -0.812 -3.759 -6.033 -6.914 -8.022 -7.923 -8.904 -9.040 -9.503 -10.032 -10.665 -11.055 -11.681 -12.018 -12.085
10.900 1.390 4.135 -0.793 -3.740 -6.014 -6.895 -8.002 -7.903 -8.885 -9.021 -9.483 -10.013 -10.645 -11.036 -11.661 -11.999 -12.066
11.000 1.409 4.155 -0.773 -3.721 -5.994 -6.875 -7.983 -7.884 -8.866 -9.002 -9.464 -9.994 -10.626 -11.016 -11.642 -11.979 -12.047
11.100 1.428 4.174 -0.754 -3.702 -5.975 -6.856 -7.964 -7.865 -8.847 -8.983 -9.445 -9.975 -10.607 -10.997 -11.623 -11.960 -12.028
11.200 1.447 4.192 -0.736 -3.683 -5.957 -6.838 -7.945 -7.846 -8.828 -8.964 -9.426 -9.956 -10.588 -10.979 -11.604 -11.942 -12.009
11.300 1.465 4.211 -0.717 -3.664 -5.938 -6.819 -7.927 -7.828 -8.809 -8.946 -9.408 -9.937 -10.570 -10.960 -11.586 -11.923 -11.990
11.400 1.484 4.229 -0.699 -3.646 -5.920 -6.801 -7.909 -7.809 -8.791 -8.927 -9.390 -9.919 -10.551 -10.942 -11.567 -11.905 -11.972
11.500 1.502 4.247 -0.681 -3.628 -5.902 -6.783 -7.890 -7.791 -8.773 -8.909 -9.371 -9.901 -10.533 -10.924 -11.549 -11.887 -11.954
11.600 1.520 4.265 -0.663 -3.610 -5.884 -6.765 -7.873 -7.773 -8.755 -8.891 -9.354 -9.883 -10.515 -10.906 -11.531 -11.869 -11.936
11.700 1.537 4.283 -0.645 -3.592 -5.866 -6.747 -7.855 -7.755 -8.737 -8.873 -9.336 -9.865 -10.498 -10.888 -11.513 -11.851 -11.918
11.800 1.555 4.301 -0.627 -3.575 -5.848 -6.729 -7.837 -7.738 -8.720 -8.856 -9.318 -9.848 -10.480 -10.870 -11.496 -11.833 -11.900
11.900 1.572 4.318 -0.610 -3.557 -5.831 -6.712 -7.820 -7.721 -8.702 -8.838 -9.301 -9.830 -10.463 -10.853 -11.478 -11.816 -11.883
12.000 1.590 4.335 -0.593 -3.540 -5.814 -6.695 -7.803 -7.703 -8.685 -8.821 -9.284 -9.813 -10.445 -10.836 -11.461 -11.799 -11.866
12.100 1.607 4.352 -0.576 -3.523 -5.797 -6.678 -7.785 -7.686 -8.668 -8.804 -9.266 -9.796 -10.428 -10.819 -11.444 -11.782 -11.849
12.200 1.624 4.369 -0.559 -3.506 -5.780 -6.661 -7.769 -7.669 -8.651 -8.787 -9.250 -9.779 -10.411 -10.802 -11.427 -11.765 -11.832
12.300 1.640 4.386 -0.542 -3.489 -5.763 -6.644 -7.752 -7.653 -8.634 -8.770 -9.233 -9.762 -10.395 -10.785 -11.411 -11.748 -11.815
12.400 1.657 4.403 -0.525 -3.473 -5.746 -6.627 -7.735 -7.636 -8.618 -8.754 -9.216 -9.746 -10.378 -10.768 -11.394 -11.732 -11.799
12.500 1.673 4.419 -0.509 -3.456 -5.730 -6.611 -7.719 -7.620 -8.601 -8.737 -9.200 -9.729 -10.362 -10.752 -11.378 -11.715 -11.782
12.600 1.690 4.435 -0.493 -3.440 -5.714 -6.595 -7.703 -7.603 -8.585 -8.721 -9.184 -9.713 -10.345 -10.736 -11.361 -11.699 -11.766
12.700 1.706 4.451 -0.477 -3.424 -5.698 -6.579 -7.686 -7.587 -8.569 -8.705 -9.167 -9.697 -10.329 -10.720 -11.345 -11.683 -11.750
12.800 1.722 4.467 -0.461 -3.408 -5.682 -6.563 -7.670 -7.571 -8.553 -8.689 -9.151 -9.681 -10.313 -10.704 -11.329 -11.667 -11.734
12.900 1.738 4.483 -0.445 -3.392 -5.666 -6.547 -7.655 -7.555 -8.537 -8.673 -9.136 -9.665 -10.297 -10.688 -11.313 -11.651 -11.718
13.000 1.753 4.499 -0.429 -3.376 -5.650 -6.531 -7.639 -7.540 -8.521 -8.658 -9.120 -9.649 -10.282 -10.672 -11.298 -11.635 -11.702
13.100 1.769 4.514 -0.413 -3.361 -5.634 -6.515 -7.623 -7.524 -8.506 -8.642 -9.104 -9.634 -10.266 -10.656 -11.282 -11.620 -11.687
13.200 1.784 4.530 -0.398 -3.345 -5.619 -6.500 -7.608 -7.509 -8.490 -8.626 -9.089 -9.618 -10.251 -10.641 -11.267 -11.604 -11.671
13.300 1.800 4.545 -0.383 -3.330 -5.604 -6.485 -7.593 -7.493 -8.475 -8.611 -9.074 -9.603 -10.235 -10.626 -11.251 -11.589 -11.656
13.400 1.815 4.560 -0.368 -3.315 -5.589 -6.470 -7.577 -7.478 -8.460 -8.596 -9.058 -9.588 -10.220 -10.611 -11.236 -11.574 -11.641
13.500 1.830 4.575 -0.352 -3.300 -5.573 -6.454 -7.562 -7.463 -8.445 -8.581 -9.043 -9.573 -10.205 -10.595 -11.221 -11.559 -11.626
13.600 1.845 4.590 -0.338 -3.285 -5.559 -6.440 -7.547 -7.448 -8.430 -8.566 -9.028 -9.558 -10.190 -10.581 -11.206 -11.544 -11.611
13.700 1.860 4.605 -0.323 -3.270 -5.544 -6.425 -7.533 -7.433 -8.415 -8.551 -9.014 -9.543 -10.175 -10.566 -11.191 -11.529 -11.596
13.800 1.874 4.620 -0.308 -3.255 -5.529 -6.410 -7.518 -7.419 -8.400 -8.536 -8.999 -9.528 -10.161 -10.551 -11.177 -11.514 -11.581
13.900 1.889 4.635 -0.293 -3.241 -5.514 -6.395 -7.503 -7.404 -8.386 -8.522 -8.984 -9.514 -10.146 -10.536 -11.162 -11.500 -11.567
14.000 1.903 4.649 -0.279 -3.226 -5.500 -6.381 -7.489 -7.390 -8.371 -8.507 -8.970 -9.499 -10.132 -10.522 -11.147 -11.485 -11.552
14.100 1.918 4.663 -0.265 -3.212 -5.486 -6.367 -7.474 -7.375 -8.357 -8.493 -8.955 -9.485 -10.117 -10.508 -11.133 -11.471 -11.538
14.200 1.932 4.678 -0.250 -3.198 -5.471 -6.352 -7.460 -7.361 -8.343 -8.479 -8.941 -9.471 -10.103 -10.493 -11.119 -11.456 -11.523
14.300 1.946 4.692 -0.236 -3.183 -5.457 -6.338 -7.446 -7.347 -8.328 -8.465 -8.927 -9.456 -10.089 -10.479 -11.105 -11.442 -11.509
14.400 1.960 4.706 -0.222 -3.169 -5.443 -6.324 -7.432 -7.333 -8.314 -8.451 -8.913 -9.442 -10.075 -10.465 -11.091 -11.428 -11.495
14.500 1.974 4.720 -0.208 -3.156 -5.429 -6.310 -7.418 -7.319 -8.300 -8.437 -8.899 -9.428 -10.061 -10.451 -11.077 -11.414 -11.481
14.600 1.988 4.734 -0.194 -3.142 -5.415 -6.296 -7.404 -7.305 -8.287 -8.423 -8.885 -9.415 -10.047 -10.437 -11.063 -11.400 -11.467
14.700 2.002 4.747 -0.181 -3.128 -5.402 -6.283 -7.390 -7.291 -8.273 -8.409 -8.871 -9.401 -10.033 -10.424 -11.049 -11.387 -11.454
14.800 2.015 4.761 -0.167 -3.114 -5.388 -6.269 -7.377 -7.277 -8.259 -8.395 -8.858 -9.387 -10.020 -10.410 -11.035 -11.373 -11.440
14.900 2.029 4.775 -0.153 -3.101 -5.374 -6.255 -7.363 -7.264 -8.246 -8.382 -8.844 -9.374 -10.006 -10.396 -11.022 -11.359 -11.426
15.000 2.042 4.788 -0.140 -3.087 -5.361 -6.242 -7.350 -7.250 -8.232 -8.368 -8.831 -9.360 -9.993 -10.383 -11.008 -11.346 -11.413
