# day W2 M2 W1 u B g V c r w o i z y J H K
0.000 -10.608 -10.401 -10.197 -9.333 -8.964 -8.785 -8.472 -8.597 -8.214 -8.400 -8.072 -7.790 -7.474 -7.231 -6.737 -6.101 -5.513
0.100 -15.436 -15.359 -15.234 -14.741 -14.496 -14.373 -14.156 -14.239 -13.970 -14.087 -13.865 -13.653 -13.405 -13.209 -12.802 -12.249 -11.721
0.200 -15.388 -15.429 -15.386 -15.179 -15.023 -14.937 -14.782 -14.839 -14.641 -14.720 -14.560 -14.390 -14.185 -14.017 -13.662 -13.157 -12.665
0.300 -14.985 -15.141 -15.195 -15.272 -15.202 -15.153 -15.056 -15.090 -14.956 -15.003 -14.897 -14.764 -14.595 -14.451 -14.139 -13.675 -13.211
0.400 -14.446 -14.708 -14.871 -15.223 -15.242 -15.229 -15.188 -15.201 -15.127 -15.146 -15.089 -14.990 -14.854 -14.732 -14.460 -14.032 -13.592
0.500 -13.845 -14.201 -14.481 -15.097 -15.205 -15.229 -15.242 -15.235 -15.220 -15.214 -15.202 -15.135 -15.031 -14.929 -14.694 -14.298 -13.881
0.600 -13.220 -13.655 -14.060 -14.924 -15.121 -15.181 -15.248 -15.223 -15.263 -15.235 -15.265 -15.229 -15.154 -15.072 -14.871 -14.506 -14.110
0.700 -12.593 -13.090 -13.625 -14.721 -15.006 -15.101 -15.219 -15.178 -15.270 -15.225 -15.293 -15.286 -15.240 -15.177 -15.009 -14.674 -14.298
0.800 -11.978 -12.520 -13.185 -14.496 -14.866 -14.997 -15.164 -15.108 -15.251 -15.191 -15.293 -15.314 -15.297 -15.253 -15.117 -14.810 -14.453
0.900 -11.383 -11.950 -12.747 -14.253 -14.707 -14.871 -15.086 -15.018 -15.209 -15.136 -15.271 -15.319 -15.330 -15.304 -15.200 -14.921 -14.584
1.000 -10.810 -11.384 -12.309 -13.993 -14.529 -14.727 -14.987 -14.908 -15.145 -15.063 -15.228 -15.302 -15.341 -15.333 -15.262 -15.011 -14.693
1.100 -10.254 -10.818 -11.871 -13.717 -14.332 -14.564 -14.870 -14.780 -15.062 -14.974 -15.166 -15.267 -15.333 -15.344 -15.305 -15.083 -14.784
1.200 -9.707 -10.245 -11.425 -13.420 -14.116 -14.381 -14.732 -14.632 -14.960 -14.866 -15.085 -15.212 -15.307 -15.337 -15.332 -15.138 -14.859
1.300 -9.160 -9.658 -10.968 -13.102 -13.879 -14.178 -14.574 -14.467 -14.838 -14.742 -14.986 -15.139 -15.264 -15.314 -15.342 -15.179 -14.920
1.400 -8.608 -9.050 -10.495 -12.762 -13.621 -13.954 -14.396 -14.282 -14.697 -14.602 -14.869 -15.049 -15.205 -15.274 -15.339 -15.206 -14.969
1.500 -8.048 -8.415 -10.007 -12.398 -13.343 -13.712 -14.200 -14.079 -14.539 -14.446 -14.735 -14.942 -15.129 -15.220 -15.321 -15.221 -15.005
1.600 -7.477 -7.748 -9.500 -12.010 -13.043 -13.449 -13.984 -13.858 -14.362 -14.274 -14.584 -14.819 -15.038 -15.151 -15.290 -15.224 -15.031
1.700 -6.907 -7.058 -8.985 -11.606 -12.730 -13.172 -13.755 -13.625 -14.173 -14.091 -14.421 -14.682 -14.935 -15.070 -15.248 -15.217 -15.047
1.800 -6.342 -6.347 -8.467 -11.189 -12.406 -12.886 -13.516 -13.383 -13.975 -13.903 -14.251 -14.539 -14.825 -14.982 -15.199 -15.197 -15.046
1.900 -5.798 -5.632 -7.959 -10.769 -12.078 -12.596 -13.272 -13.138 -13.770 -13.710 -14.075 -14.388 -14.707 -14.886 -15.140 -15.170 -15.038
2.000 -5.295 -4.944 -7.482 -10.363 -11.760 -12.313 -13.032 -12.897 -13.568 -13.520 -13.899 -14.236 -14.586 -14.785 -15.077 -15.136 -15.024
2.100 -4.844 -4.309 -7.046 -9.980 -11.458 -12.042 -12.800 -12.666 -13.370 -13.335 -13.726 -14.084 -14.462 -14.682 -15.008 -15.097 -15.004
2.200 -4.453 -3.755 -6.663 -9.633 -11.180 -11.792 -12.583 -12.450 -13.182 -13.160 -13.560 -13.937 -14.341 -14.578 -14.936 -15.055 -14.981
2.300 -4.131 -3.300 -6.345 -9.336 -10.942 -11.577 -12.397 -12.264 -13.021 -13.010 -13.418 -13.809 -14.235 -14.486 -14.869 -15.008 -14.948
2.400 -3.872 -2.939 -6.086 -9.089 -10.743 -11.397 -12.239 -12.109 -12.885 -12.884 -13.298 -13.702 -14.144 -14.407 -14.809 -14.963 -14.911
2.500 -3.649 -2.635 -5.864 -8.873 -10.564 -11.234 -12.096 -11.966 -12.759 -12.767 -13.186 -13.600 -14.058 -14.331 -14.752 -14.920 -14.878
2.600 -3.457 -2.371 -5.672 -8.687 -10.408 -11.090 -11.967 -11.839 -12.645 -12.661 -13.084 -13.507 -13.978 -14.260 -14.698 -14.881 -14.849
2.700 -3.291 -2.137 -5.506 -8.525 -10.272 -10.964 -11.854 -11.727 -12.544 -12.567 -12.992 -13.423 -13.906 -14.196 -14.650 -14.847 -14.825
2.800 -3.144 -1.922 -5.359 -8.383 -10.153 -10.854 -11.754 -11.629 -12.454 -12.484 -12.911 -13.348 -13.841 -14.139 -14.606 -14.817 -14.805
2.900 -3.024 -1.717 -5.238 -8.267 -10.065 -10.776 -11.688 -11.563 -12.397 -12.431 -12.860 -13.301 -13.800 -14.101 -14.573 -14.787 -14.776
3.000 -2.906 -1.511 -5.120 -8.152 -9.981 -10.702 -11.626 -11.502 -12.344 -12.382 -12.814 -13.260 -13.764 -14.068 -14.545 -14.762 -14.752
3.100 -2.790 -1.305 -5.003 -8.037 -9.895 -10.627 -11.563 -11.440 -12.291 -12.334 -12.768 -13.219 -13.729 -14.038 -14.520 -14.741 -14.732
3.200 -2.678 -1.105 -4.889 -7.924 -9.812 -10.555 -11.502 -11.380 -12.240 -12.288 -12.724 -13.180 -13.697 -14.010 -14.499 -14.724 -14.718
3.300 -2.567 -0.905 -4.777 -7.811 -9.729 -10.482 -11.441 -11.320 -12.190 -12.242 -12.681 -13.142 -13.667 -13.984 -14.480 -14.710 -14.707
3.400 -2.454 -0.701 -4.662 -7.695 -9.642 -10.406 -11.378 -11.259 -12.137 -12.196 -12.637 -13.103 -13.635 -13.957 -14.462 -14.699 -14.699
3.500 -2.341 -0.496 -4.547 -7.576 -9.554 -10.329 -11.314 -11.196 -12.084 -12.149 -12.592 -13.064 -13.604 -13.932 -14.446 -14.689 -14.694
3.600 -2.227 -0.287 -4.430 -7.455 -9.464 -10.250 -11.247 -11.131 -12.029 -12.100 -12.546 -13.023 -13.572 -13.906 -14.429 -14.681 -14.690
3.700 -2.114 -0.082 -4.315 -7.335 -9.375 -10.172 -11.182 -11.067 -11.974 -12.052 -12.500 -12.983 -13.541 -13.880 -14.414 -14.674 -14.689
3.800 -2.003 0.122 -4.202 -7.216 -9.286 -10.094 -11.116 -11.003 -11.920 -12.004 -12.454 -12.943 -13.510 -13.855 -14.400 -14.668 -14.689
3.900 -1.892 0.326 -4.088 -7.095 -9.195 -10.014 -11.049 -10.937 -11.864 -11.956 -12.407 -12.902 -13.479 -13.830 -14.385 -14.663 -14.689
4.000 -1.778 0.535 -3.972 -6.970 -9.101 -9.931 -10.979 -10.869 -11.806 -11.905 -12.358 -12.860 -13.445 -13.803 -14.370 -14.657 -14.690
4.100 -1.664 0.743 -3.855 -6.844 -9.006 -9.847 -10.907 -10.800 -11.746 -11.853 -12.309 -12.816 -13.411 -13.776 -14.355 -14.652 -14.692
4.200 -1.548 0.954 -3.737 -6.715 -8.908 -9.760 -10.834 -10.729 -11.685 -11.799 -12.257 -12.770 -13.376 -13.747 -14.338 -14.646 -14.693
4.300 -1.433 1.162 -3.619 -6.586 -8.810 -9.673 -10.760 -10.657 -11.622 -11.745 -12.204 -12.724 -13.339 -13.718 -14.322 -14.641 -14.695
4.400 -1.318 1.369 -3.502 -6.457 -8.711 -9.585 -10.685 -10.584 -11.559 -11.690 -12.151 -12.677 -13.302 -13.688 -14.305 -14.635 -14.697
4.500 -1.239 1.507 -3.421 -6.369 -8.642 -9.523 -10.631 -10.532 -11.514 -11.650 -12.112 -12.642 -13.274 -13.664 -14.290 -14.628 -14.695
4.600 -1.229 1.517 -3.411 -6.358 -8.632 -9.513 -10.621 -10.522 -11.503 -11.639 -12.102 -12.631 -13.264 -13.654 -14.280 -14.617 -14.684
4.700 -1.217 1.528 -3.400 -6.347 -8.621 -9.502 -10.610 -10.510 -11.492 -11.628 -12.091 -12.620 -13.252 -13.643 -14.268 -14.606 -14.673
4.800 -1.206 1.540 -3.388 -6.336 -8.609 -9.490 -10.598 -10.499 -11.481 -11.617 -12.079 -12.609 -13.241 -13.631 -14.257 -14.594 -14.661
4.900 -1.194 1.552 -3.376 -6.324 -8.597 -9.478 -10.586 -10.487 -11.468 -11.605 -12.067 -12.597 -13.229 -13.619 -14.245 -14.582 -14.649
5.000 -1.181 1.564 -3.364 -6.311 -8.585 -9.466 -10.574 -10.474 -11.456 -11.592 -12.055 -12.584 -13.216 -13.607 -14.232 -14.570 -14.637
5.100 -1.169 1.577 -3.351 -6.298 -8.572 -9.453 -10.561 -10.462 -11.443 -11.579 -12.042 -12.571 -13.204 -13.594 -14.220 -14.557 -14.624
5.200 -1.156 1.590 -3.338 -6.285 -8.559 -9.440 -10.548 -10.449 -11.430 -11.566 -12.029 -12.558 -13.191 -13.581 -14.207 -14.544 -14.611
5.300 -1.142 1.603 -3.325 -6.272 -8.546 -9.427 -10.534 -10.435 -11.417 -11.553 -12.015 -12.545 -13.177 -13.568 -14.193 -14.531 -14.598
5.400 -1.128 1.617 -3.311 -6.258 -8.532 -9.413 -10.520 -10.421 -11.403 -11.539 -12.001 -12.531 -13.163 -13.554 -14.179 -14.517 -14.584
5.500 -1.114 1.632 -3.296 -6.243 -8.517 -9.398 -10.506 -10.407 -11.388 -11.524 -11.987 -12.516 -13.149 -13.539 -14.165 -14.502 -14.569
5.600 -1.098 1.648 -3.280 -6.228 -8.501 -9.382 -10.490 -10.391 -11.373 -11.509 -11.971 -12.501 -13.133 -13.523 -14.149 -14.487 -14.554
5.700 -1.082 1.663 -3.264 -6.212 -8.485 -9.366 -10.474 -10.375 -11.357 -11.493 -11.955 -12.485 -13.117 -13.507 -14.133 -14.471 -14.538
5.800 -1.065 1.680 -3.248 -6.195 -8.469 -9.350 -10.458 -10.358 -11.340 -11.476 -11.939 -12.468 -13.100 -13.491 -14.116 -14.454 -14.521
5.900 -1.048 1.697 -3.231 -6.178 -8.452 -9.333 -10.441 -10.341 -11.323 -11.459 -11.922 -12.451 -13.083 -13.474 -14.099 -14.437 -14.504
6.000 -1.031 1.715 -3.213 -6.160 -8.434 -9.315 -10.423 -10.324 -11.305 -11.442 -11.904 -12.433 -13.066 -13.456 -14.082 -14.419 -14.486
6.100 -1.013 1.733 -3.195 -6.142 -8.416 -9.297 -10.405 -10.306 -11.287 -11.424 -11.886 -12.415 -13.048 -13.438 -14.064 -14.401 -14.468
6.200 -0.994 1.751 -3.177 -6.124 -8.398 -9.279 -10.387 -10.287 -11.269 -11.405 -11.868 -12.397 -13.029 -13.420 -14.045 -14.383 -14.450
6.300 -0.975 1.770 -3.158 -6.105 -8.379 -9.260 -10.368 -10.268 -11.250 -11.386 -11.849 -12.378 -13.010 -13.401 -14.026 -14.364 -14.431
6.400 -0.956 1.790 -3.138 -6.086 -8.359 -9.240 -10.348 -10.249 -11.230 -11.367 -11.829 -12.359 -12.991 -13.381 -14.007 -14.344 -14.411
6.500 -0.935 1.810 -3.118 -6.065 -8.339 -9.220 -10.328 -10.228 -11.210 -11.346 -11.809 -12.338 -12.971 -13.361 -13.986 -14.324 -14.391
6.600 -0.915 1.831 -3.097 -6.044 -8.318 -9.199 -10.307 -10.208 -11.189 -11.325 -11.788 -12.317 -12.950 -13.340 -13.966 -14.303 -14.370
6.700 -0.893 1.852 -3.076 -6.023 -8.297 -9.178 -10.285 -10.186 -11.168 -11.304 -11.766 -12.296 -12.928 -13.319 -13.944 -14.282 -14.349
6.800 -0.871 1.874 -3.054 -6.001 -8.275 -9.156 -10.264 -10.164 -11.146 -11.282 -11.745 -12.274 -12.906 -13.297 -13.922 -14.260 -14.327
6.900 -0.849 1.897 -3.031 -5.979 -8.252 -9.133 -10.241 -10.142 -11.124 -11.260 -11.722 -12.252 -12.884 -13.274 -13.900 -14.237 -14.305
7.000 -0.826 1.919 -3.009 -5.956 -8.230 -9.111 -10.219 -10.119 -11.101 -11.237 -11.700 -12.229 -12.861 -13.252 -13.877 -14.215 -14.282
7.100 -0.803 1.942 -2.986 -5.933 -8.207 -9.088 -10.195 -10.096 -11.078 -11.214 -11.676 -12.206 -12.838 -13.229 -13.854 -14.192 -14.259
7.200 -0.780 1.966 -2.962 -5.910 -8.183 -9.064 -10.172 -10.073 -11.054 -11.191 -11.653 -12.182 -12.815 -13.205 -13.831 -14.168 -14.235
7.300 -0.756 1.990 -2.938 -5.886 -8.159 -9.040 -10.148 -10.049 -11.031 -11.167 -11.629 -12.159 -12.791 -13.181 -13.807 -14.144 -14.212
7.400 -0.732 2.014 -2.914 -5.862 -8.135 -9.016 -10.124 -10.025 -11.006 -11.143 -11.605 -12.134 -12.767 -13.157 -13.783 -14.120 -14.187
7.500 -0.707 2.038 -2.890 -5.837 -8.111 -8.992 -10.099 -10.000 -10.982 -11.118 -11.580 -12.110 -12.742 -13.133 -13.758 -14.096 -14.163
7.600 -0.682 2.063 -2.865 -5.812 -8.086 -8.967 -10.074 -9.975 -10.957 -11.093 -11.555 -12.085 -12.717 -13.108 -13.733 -14.071 -14.138
7.700 -0.657 2.089 -2.839 -5.786 -8.060 -8.941 -10.049 -9.950 -10.931 -11.067 -11.530 -12.059 -12.692 -13.082 -13.708 -14.045 -14.112
7.800 -0.631 2.115 -2.813 -5.761 -8.034 -8.915 -10.023 -9.924 -10.906 -11.042 -11.504 -12.034 -12.666 -13.056 -13.682 -14.019 -14.086
7.900 -0.605 2.141 -2.787 -5.735 -8.008 -8.889 -9.997 -9.898 -10.879 -11.016 -11.478 -12.008 -12.640 -13.030 -13.656 -13.993 -14.060
8.000 -0.578 2.167 -2.761 -5.708 -7.982 -8.863 -9.971 -9.871 -10.853 -10.989 -11.452 -11.981 -12.614 -13.004 -13.629 -13.967 -14.034
8.100 -0.552 2.194 -2.734 -5.682 -7.955 -8.836 -9.944 -9.845 -10.826 -10.963 -11.425 -11.954 -12.587 -12.977 -13.603 -13.940 -14.007
8.200 -0.525 2.221 -2.707 -5.655 -7.928 -8.809 -9.917 -9.818 -10.800 -10.936 -11.398 -11.928 -12.560 -12.950 -13.576 -13.914 -13.981
8.300 -0.498 2.247 -2.680 -5.628 -7.901 -8.782 -9.890 -9.791 -10.773 -10.909 -11.371 -11.901 -12.533 -12.923 -13.549 -13.887 -13.954
8.400 -0.471 2.275 -2.653 -5.601 -7.874 -8.755 -9.863 -9.764 -10.746 -10.882 -11.344 -11.874 -12.506 -12.896 -13.522 -13.860 -13.927
8.500 -0.444 2.302 -2.626 -5.574 -7.847 -8.728 -9.836 -9.737 -10.718 -10.855 -11.317 -11.847 -12.479 -12.869 -13.495 -13.832 -13.899
8.600 -0.416 2.329 -2.599 -5.546 -7.820 -8.701 -9.809 -9.709 -10.691 -10.827 -11.290 -11.819 -12.452 -12.842 -13.467 -13.805 -13.872
8.700 -0.389 2.357 -2.571 -5.519 -7.792 -8.673 -9.781 -9.682 -10.664 -10.800 -11.262 -11.792 -12.424 -12.814 -13.440 -13.778 -13.845
8.800 -0.361 2.384 -2.544 -5.491 -7.765 -8.646 -9.754 -9.654 -10.636 -10.772 -11.235 -11.764 -12.397 -12.787 -13.412 -13.750 -13.817
8.900 -0.334 2.412 -2.516 -5.464 -7.737 -8.618 -9.726 -9.627 -10.608 -10.745 -11.207 -11.736 -12.369 -12.759 -13.385 -13.722 -13.789
9.000 -0.306 2.440 -2.488 -5.436 -7.709 -8.590 -9.698 -9.599 -10.581 -10.717 -11.179 -11.709 -12.341 -12.731 -13.357 -13.694 -13.761
9.100 -0.278 2.467 -2.460 -5.408 -7.681 -8.562 -9.670 -9.571 -10.553 -10.689 -11.151 -11.681 -12.313 -12.703 -13.329 -13.667 -13.734
9.200 -0.250 2.495 -2.433 -5.380 -7.654 -8.535 -9.643 -9.543 -10.525 -10.661 -11.124 -11.653 -12.285 -12.676 -13.301 -13.639 -13.706
9.300 -0.222 2.523 -2.405 -5.352 -7.626 -8.507 -9.615 -9.515 -10.497 -10.633 -11.096 -11.625 -12.258 -12.648 -13.273 -13.611 -13.678
9.400 -0.195 2.551 -2.377 -5.324 -7.598 -8.479 -9.587 -9.488 -10.469 -10.605 -11.068 -11.597 -12.230 -12.620 -13.246 -13.583 -13.650
9.500 -0.167 2.579 -2.349 -5.297 -7.570 -8.451 -9.559 -9.460 -10.441 -10.578 -11.040 -11.570 -12.202 -12.592 -13.218 -13.555 -13.622
9.600 -0.139 2.606 -2.322 -5.269 -7.543 -8.424 -9.531 -9.432 -10.414 -10.550 -11.012 -11.542 -12.174 -12.565 -13.190 -13.528 -13.595
9.700 -0.112 2.634 -2.294 -5.241 -7.515 -8.396 -9.504 -9.405 -10.386 -10.523 -10.985 -11.514 -12.147 -12.537 -13.163 -13.500 -13.567
9.800 -0.084 2.661 -2.267 -5.214 -7.488 -8.369 -9.477 -9.377 -10.359 -10.495 -10.958 -11.487 -12.119 -12.510 -13.135 -13.473 -13.540
9.900 -0.057 2.689 -2.239 -5.187 -7.460 -8.341 -9.449 -9.350 -10.332 -10.468 -10.930 -11.460 -12.092 -12.482 -13.108 -13.446 -13.513
10.000 -0.030 2.716 -2.212 -5.160 -7.433 -8.314 -9.422 -9.323 -10.305 -10.441 -10.903 -11.433 -12.065 -12.455 -13.081 -13.418 -13.485
10.100 -0.003 2.743 -2.185 -5.133 -7.406 -8.287 -9.395 -9.296 -10.278 -10.414 -10.876 -11.406 -12.038 -12.428 -13.054 -13.392 -13.459
10.200 0.024 2.769 -2.159 -5.106 -7.380 -8.261 -9.369 -9.269 -10.251 -10.387 -10.850 -11.379 -12.011 -12.402 -13.027 -13.365 -13.432
10.300 0.050 2.796 -2.132 -5.079 -7.353 -8.234 -9.342 -9.243 -10.224 -10.361 -10.823 -11.352 -11.985 -12.375 -13.001 -13.338 -13.405
10.400 0.077 2.822 -2.106 -5.053 -7.327 -8.208 -9.316 -9.216 -10.198 -10.334 -10.797 -11.326 -11.959 -12.349 -12.974 -13.312 -13.379
10.500 0.103 2.848 -2.080 -5.027 -7.301 -8.182 -9.290 -9.190 -10.172 -10.308 -10.771 -11.300 -11.932 -12.323 -12.948 -13.286 -13.353
10.600 0.129 2.874 -2.054 -5.001 -7.275 -8.156 -9.264 -9.164 -10.146 -10.282 -10.745 -11.274 -11.906 -12.297 -12.922 -13.260 -13.327
10.700 0.154 2.900 -2.028 -4.975 -7.249 -8.130 -9.238 -9.139 -10.120 -10.256 -10.719 -11.248 -11.881 -12.271 -12.897 -13.234 -13.301
10.800 0.180 2.925 -2.003 -4.950 -7.224 -8.105 -9.213 -9.113 -10.095 -10.231 -10.694 -11.223 -11.855 -12.246 -12.871 -13.209 -13.276
10.900 0.205 2.950 -1.978 -4.925 -7.199 -8.080 -9.187 -9.088 -10.070 -10.206 -10.668 -11.198 -11.830 -12.221 -12.846 -13.184 -13.251
11.000 0.230 2.975 -1.953 -4.900 -7.174 -8.055 -9.163 -9.063 -10.045 -10.181 -10.644 -11.173 -11.805 -12.196 -12.821 -13.159 -13.226
11.100 0.254 3.000 -1.928 -4.876 -7.149 -8.030 -9.138 -9.039 -10.020 -10.157 -10.619 -11.148 -11.781 -12.171 -12.797 -13.134 -13.201
11.200 0.278 3.024 -1.904 -4.851 -7.125 -8.006 -9.114 -9.015 -9.996 -10.132 -10.595 -11.124 -11.757 -12.147 -12.772 -13.110 -13.177
11.300 0.302 3.048 -1.880 -4.827 -7.101 -7.982 -9.090 -8.991 -9.972 -10.108 -10.571 -11.100 -11.733 -12.123 -12.749 -13.086 -13.153
11.400 0.326 3.072 -1.856 -4.804 -7.077 -7.958 -9.066 -8.967 -9.949 -10.085 -10.547 -11.077 -11.709 -12.099 -12.725 -13.063 -13.130
11.500 0.349 3.095 -1.833 -4.781 -7.054 -7.935 -9.043 -8.944 -9.925 -10.062 -10.524 -11.053 -11.686 -12.076 -12.702 -13.039 -13.106
11.600 0.372 3.118 -1.810 -4.758 -7.031 -7.912 -9.020 -8.921 -9.902 -10.039 -10.501 -11.031 -11.663 -12.053 -12.679 -13.016 -13.083
11.700 0.395 3.140 -1.788 -4.735 -7.009 -7.890 -8.997 -8.898 -9.880 -10.016 -10.478 -11.008 -11.640 -12.031 -12.656 -12.994 -13.061
11.800 0.417 3.163 -1.765 -4.713 -6.986 -7.867 -8.975 -8.876 -9.858 -9.994 -10.456 -10.986 -11.618 -12.008 -12.634 -12.971 -13.038
11.900 0.439 3.185 -1.743 -4.691 -6.964 -7.845 -8.953 -8.854 -9.836 -9.972 -10.434 -10.964 -11.596 -11.986 -12.612 -12.949 -13.016
12.000 0.461 3.206 -1.722 -4.669 -6.943 -7.824 -8.932 -8.832 -9.814 -9.950 -10.413 -10.942 -11.574 -11.965 -12.590 -12.928 -12.995
12.100 0.482 3.228 -1.700 -4.648 -6.921 -7.802 -8.910 -8.811 -9.793 -9.929 -10.391 -10.921 -11.553 -11.943 -12.569 -12.907 -12.974
12.200 0.503 3.249 -1.679 -4.627 -6.900 -7.781 -8.889 -8.790 -9.772 -9.908 -10.370 -10.900 -11.532 -11.922 -12.548 -12.886 -12.953
12.300 0.524 3.269 -1.659 -4.606 -6.880 -7.761 -8.869 -8.769 -9.751 -9.887 -10.350 -10.879 -11.511 -11.902 -12.527 -12.865 -12.932
12.400 0.544 3.290 -1.638 -4.586 -6.859 -7.740 -8.848 -8.749 -9.731 -9.867 -10.329 -10.859 -11.491 -11.881 -12.507 -12.845 -12.912
12.500 0.564 3.310 -1.618 -4.566 -6.839 -7.720 -8.828 -8.729 -9.711 -9.847 -10.309 -10.839 -11.471 -11.861 -12.487 -12.824 -12.892
12.600 0.584 3.329 -1.599 -4.546 -6.820 -7.701 -8.808 -8.709 -9.691 -9.827 -10.289 -10.819 -11.451 -11.842 -12.467 -12.805 -12.872
12.700 0.603 3.349 -1.579 -4.527 -6.800 -7.681 -8.789 -8.690 -9.671 -9.808 -10.270 -10.800 -11.432 -11.822 -12.448 -12.785 -12.852
12.800 0.622 3.368 -1.560 -4.508 -6.781 -7.662 -8.770 -8.671 -9.652 -9.789 -10.251 -10.780 -11.413 -11.803 -12.429 -12.766 -12.833
12.900 0.641 3.387 -1.541 -4.489 -6.762 -7.643 -8.751 -8.652 -9.634 -9.770 -10.232 -10.762 -11.394 -11.784 -12.410 -12.747 -12.815
13.000 0.660 3.405 -1.523 -4.470 -6.744 -7.625 -8.733 -8.633 -9.615 -9.751 -10.214 -10.743 -11.376 -11.766 -12.391 -12.729 -12.796
13.100 0.678 3.423 -1.505 -4.452 -6.726 -7.607 -8.715 -8.615 -9.597 -9.733 -10.196 -10.725 -11.357 -11.748 -12.373 -12.711 -12.778
13.200 0.696 3.441 -1.487 -4.434 -6.708 -7.589 -8.697 -8.597 -9.579 -9.715 -10.178 -10.707 -11.339 -11.730 -12.355 -12.693 -12.760
13.300 0.713 3.459 -1.469 -4.416 -6.690 -7.571 -8.679 -8.580 -9.561 -9.698 -10.160 -10.689 -11.322 -11.712 -12.338 -12.675 -12.742
13.400 0.731 3.476 -1.452 -4.399 -6.673 -7.554 -8.662 -8.562 -9.544 -9.680 -10.143 -10.672 -11.304 -11.695 -12.320 -12.658 -12.725
13.500 0.748 3.493 -1.435 -4.382 -6.656 -7.537 -8.645 -8.545 -9.527 -9.663 -10.126 -10.655 -11.287 -11.678 -12.303 -12.641 -12.708
13.600 0.765 3.510 -1.418 -4.365 -6.639 -7.520 -8.628 -8.528 -9.510 -9.646 -10.109 -10.638 -11.271 -11.661 -12.286 -12.624 -12.691
13.700 0.781 3.527 -1.401 -4.349 -6.622 -7.503 -8.611 -8.512 -9.494 -9.630 -10.092 -10.622 -11.254 -11.644 -12.270 -12.607 -12.674
13.800 0.797 3.543 -1.385 -4.332 -6.606 -7.487 -8.595 -8.496 -9.477 -9.613 -10.076 -10.605 -11.238 -11.628 -12.254 -12.591 -12.658
13.900 0.813 3.559 -1.369 -4.316 -6.590 -7.471 -8.579 -8.479 -9.461 -9.597 -10.060 -10.589 -11.222 -11.612 -12.237 -12.575 -12.642
14.000 0.829 3.575 -1.353 -4.300 -6.574 -7.455 -8.563 -8.464 -9.445 -9.581 -10.044 -10.573 -11.206 -11.596 -12.222 -12.559 -12.626
14.100 0.845 3.591 -1.337 -4.285 -6.558 -7.439 -8.547 -8.448 -9.430 -9.566 -10.028 -10.558 -11.190 -11.580 -12.206 -12.544 -12.611
14.200 0.860 3.606 -1.322 -4.269 -6.543 -7.424 -8.532 -8.433 -9.414 -9.550 -10.013 -10.542 -11.175 -11.565 -12.191 -12.528 -12.595
14.300 0.876 3.621 -1.307 -4.254 -6.528 -7.409 -8.517 -8.417 -9.399 -9.535 -9.998 -10.527 -11.160 -11.550 -12.175 -12.513 -12.580
14.400 0.891 3.636 -1.292 -4.239 -6.513 -7.394 -8.502 -8.402 -9.384 -9.520 -9.983 -10.512 -11.145 -11.535 -12.160 -12.498 -12.565
14.500 0.905 3.651 -1.277 -4.224 -6.498 -7.379 -8.487 -8.388 -9.369 -9.505 -9.968 -10.497 -11.130 -11.520 -12.146 -12.483 -12.550
14.600 0.920 3.666 -1.262 -4.210 -6.483 -7.364 -8.472 -8.373 -9.355 -9.491 -9.953 -10.483 -11.115 -11.505 -12.131 -12.469 -12.536
14.700 0.934 3.680 -1.248 -4.195 -6.469 -7.350 -8.458 -8.359 -9.340 -9.476 -9.939 -10.468 -11.101 -11.491 -12.117 -12.454 -12.521
14.800 0.949 3.694 -1.234 -4.181 -6.455 -7.336 -8.444 -8.344 -9.326 -9.462 -9.925 -10.454 -11.087 -11.477 -12.102 -12.440 -12.507
14.900 0.963 3.708 -1.220 -4.167 -6.441 -7.322 -8.430 -8.330 -9.312 -9.448 -9.911 -10.440 -11.072 -11.463 -12.088 -12.426 -12.493
15.000 0.976 3.722 -1.206 -4.153 -6.427 -7.308 -8.416 -8.316 -9.298 -9.434 -9.897 -10.426 -11.059 -11.449 -12.074 -12.412 -12.479
