# day W2 M2 W1 u B g V c r w o i z y J H K
0.000 -7.446 -7.319 -7.157 -6.493 -6.178 -6.021 -5.746 -5.854 -5.514 -5.672 -5.385 -5.127 -4.833 -4.604 -4.136 -3.524 -2.953
0.100 -11.577 -11.858 -12.049 -12.478 -12.520 -12.513 -12.478 -12.488 -12.414 -12.429 -12.370 -12.263 -12.111 -11.975 -11.672 -11.209 -10.741
0.200 -11.550 -11.934 -12.262 -12.990 -13.145 -13.187 -13.227 -13.211 -13.220 -13.202 -13.208 -13.150 -13.049 -12.946 -12.703 -12.294 -11.863
0.300 -11.409 -11.855 -12.287 -13.215 -13.447 -13.522 -13.612 -13.580 -13.644 -13.607 -13.654 -13.629 -13.562 -13.484 -13.282 -12.912 -12.508
0.400 -11.256 -11.745 -12.263 -13.341 -13.632 -13.732 -13.859 -13.816 -13.920 -13.871 -13.947 -13.946 -13.906 -13.846 -13.679 -13.339 -12.957
0.500 -11.082 -11.602 -12.197 -13.405 -13.746 -13.868 -14.027 -13.974 -14.111 -14.054 -14.152 -14.173 -14.155 -14.111 -13.972 -13.659 -13.297
0.600 -10.888 -11.430 -12.100 -13.425 -13.814 -13.956 -14.142 -14.082 -14.248 -14.184 -14.303 -14.341 -14.343 -14.313 -14.200 -13.912 -13.566
0.700 -10.668 -11.227 -11.971 -13.408 -13.844 -14.005 -14.218 -14.151 -14.345 -14.275 -14.412 -14.466 -14.488 -14.470 -14.381 -14.116 -13.787
0.800 -10.419 -10.987 -11.808 -13.355 -13.839 -14.019 -14.259 -14.186 -14.407 -14.332 -14.486 -14.557 -14.597 -14.591 -14.526 -14.283 -13.970
0.900 -10.133 -10.705 -11.608 -13.266 -13.800 -14.001 -14.269 -14.189 -14.438 -14.358 -14.531 -14.619 -14.676 -14.683 -14.642 -14.420 -14.123
1.000 -9.809 -10.378 -11.368 -13.139 -13.727 -13.951 -14.249 -14.162 -14.441 -14.357 -14.547 -14.652 -14.729 -14.750 -14.732 -14.533 -14.251
1.100 -9.444 -10.002 -11.087 -12.975 -13.622 -13.869 -14.200 -14.106 -14.417 -14.329 -14.538 -14.662 -14.759 -14.793 -14.801 -14.625 -14.359
1.200 -9.037 -9.572 -10.763 -12.772 -13.482 -13.756 -14.122 -14.021 -14.366 -14.275 -14.504 -14.647 -14.766 -14.815 -14.849 -14.697 -14.449
1.300 -8.589 -9.087 -10.396 -12.529 -13.309 -13.612 -14.015 -13.907 -14.289 -14.196 -14.445 -14.610 -14.753 -14.818 -14.880 -14.753 -14.523
1.400 -8.103 -8.548 -9.989 -12.249 -13.105 -13.438 -13.882 -13.768 -14.188 -14.096 -14.365 -14.552 -14.721 -14.802 -14.894 -14.795 -14.583
1.500 -7.586 -7.956 -9.546 -11.932 -12.870 -13.237 -13.724 -13.604 -14.064 -13.974 -14.263 -14.474 -14.670 -14.770 -14.894 -14.822 -14.630
1.600 -7.039 -7.308 -9.067 -11.578 -12.605 -13.008 -13.541 -13.416 -13.919 -13.832 -14.142 -14.378 -14.603 -14.722 -14.880 -14.838 -14.666
1.700 -6.482 -6.621 -8.569 -11.199 -12.321 -12.762 -13.343 -13.213 -13.760 -13.679 -14.009 -14.271 -14.527 -14.665 -14.857 -14.842 -14.688
1.800 -5.922 -5.897 -8.058 -10.797 -12.019 -12.501 -13.131 -12.998 -13.590 -13.518 -13.867 -14.155 -14.443 -14.602 -14.826 -14.835 -14.694
1.900 -5.378 -5.158 -7.549 -10.384 -11.708 -12.230 -12.910 -12.776 -13.411 -13.350 -13.716 -14.031 -14.350 -14.530 -14.788 -14.822 -14.695
2.000 -4.870 -4.436 -7.066 -9.975 -11.399 -11.961 -12.688 -12.553 -13.229 -13.182 -13.563 -13.902 -14.253 -14.453 -14.744 -14.804 -14.692
2.100 -4.410 -3.762 -6.620 -9.583 -11.100 -11.697 -12.469 -12.334 -13.048 -13.015 -13.409 -13.771 -14.152 -14.372 -14.696 -14.782 -14.685
2.200 -4.013 -3.175 -6.228 -9.223 -10.821 -11.451 -12.261 -12.127 -12.874 -12.855 -13.260 -13.642 -14.051 -14.290 -14.646 -14.757 -14.676
2.300 -3.680 -2.696 -5.896 -8.908 -10.571 -11.227 -12.069 -11.937 -12.711 -12.707 -13.120 -13.520 -13.954 -14.209 -14.595 -14.731 -14.665
2.400 -3.405 -2.317 -5.621 -8.639 -10.352 -11.029 -11.897 -11.767 -12.563 -12.571 -12.991 -13.406 -13.862 -14.132 -14.545 -14.704 -14.654
2.500 -3.176 -2.008 -5.391 -8.413 -10.163 -10.855 -11.743 -11.616 -12.430 -12.449 -12.873 -13.300 -13.775 -14.059 -14.497 -14.678 -14.642
2.600 -2.984 -1.747 -5.198 -8.222 -10.001 -10.705 -11.609 -11.484 -12.311 -12.340 -12.768 -13.205 -13.696 -13.991 -14.451 -14.653 -14.632
2.700 -2.820 -1.518 -5.034 -8.059 -9.863 -10.577 -11.494 -11.370 -12.208 -12.245 -12.676 -13.120 -13.624 -13.929 -14.409 -14.629 -14.622
2.800 -2.696 -1.315 -4.910 -7.938 -9.769 -10.492 -11.420 -11.296 -12.143 -12.185 -12.618 -13.067 -13.578 -13.888 -14.376 -14.604 -14.601
2.900 -2.586 -1.116 -4.798 -7.830 -9.689 -10.423 -11.361 -11.239 -12.094 -12.140 -12.575 -13.029 -13.545 -13.858 -14.350 -14.580 -14.579
3.000 -2.480 -0.922 -4.691 -7.723 -9.611 -10.355 -11.304 -11.183 -12.046 -12.096 -12.533 -12.992 -13.514 -13.830 -14.328 -14.561 -14.561
3.100 -2.375 -0.730 -4.584 -7.617 -9.533 -10.287 -11.248 -11.127 -11.999 -12.054 -12.493 -12.956 -13.484 -13.804 -14.308 -14.545 -14.547
3.200 -2.272 -0.541 -4.480 -7.511 -9.456 -10.219 -11.191 -11.072 -11.952 -12.012 -12.453 -12.921 -13.456 -13.780 -14.290 -14.531 -14.536
3.300 -2.170 -0.351 -4.376 -7.404 -9.377 -10.151 -11.134 -11.016 -11.905 -11.970 -12.413 -12.885 -13.427 -13.756 -14.273 -14.520 -14.528
3.400 -2.067 -0.159 -4.271 -7.296 -9.297 -10.081 -11.076 -10.959 -11.856 -11.927 -12.372 -12.850 -13.399 -13.733 -14.258 -14.511 -14.523
3.500 -1.966 0.028 -4.168 -7.189 -9.218 -10.012 -11.018 -10.903 -11.809 -11.885 -12.332 -12.815 -13.372 -13.710 -14.244 -14.504 -14.519
3.600 -1.866 0.215 -4.065 -7.081 -9.139 -9.942 -10.960 -10.846 -11.760 -11.843 -12.292 -12.779 -13.344 -13.688 -14.230 -14.497 -14.517
3.700 -1.766 0.401 -3.964 -6.974 -9.059 -9.872 -10.901 -10.789 -11.712 -11.801 -12.251 -12.744 -13.317 -13.666 -14.217 -14.492 -14.517
3.800 -1.667 0.585 -3.863 -6.866 -8.978 -9.802 -10.842 -10.732 -11.663 -11.758 -12.211 -12.709 -13.289 -13.644 -14.205 -14.488 -14.518
3.900 -1.568 0.770 -3.762 -6.757 -8.897 -9.730 -10.782 -10.673 -11.613 -11.714 -12.169 -12.672 -13.261 -13.621 -14.193 -14.484 -14.519
4.000 -1.468 0.955 -3.659 -6.646 -8.814 -9.657 -10.720 -10.613 -11.562 -11.670 -12.126 -12.634 -13.232 -13.598 -14.180 -14.480 -14.522
4.100 -1.370 1.137 -3.559 -6.536 -8.731 -9.584 -10.659 -10.554 -11.510 -11.625 -12.083 -12.597 -13.203 -13.575 -14.168 -14.477 -14.525
4.200 -1.271 1.319 -3.457 -6.425 -8.647 -9.510 -10.596 -10.492 -11.458 -11.580 -12.039 -12.558 -13.174 -13.552 -14.155 -14.474 -14.528
4.300 -1.173 1.497 -3.357 -6.315 -8.563 -9.435 -10.533 -10.431 -11.405 -11.534 -11.995 -12.520 -13.144 -13.528 -14.143 -14.471 -14.531
4.400 -1.079 1.667 -3.261 -6.209 -8.482 -9.363 -10.471 -10.372 -11.354 -11.490 -11.952 -12.482 -13.114 -13.504 -14.130 -14.467 -14.535
4.500 -1.072 1.673 -3.255 -6.202 -8.476 -9.357 -10.464 -10.365 -11.347 -11.483 -11.945 -12.475 -13.107 -13.498 -14.123 -14.461 -14.528
4.600 -1.065 1.680 -3.248 -6.195 -8.469 -9.350 -10.457 -10.358 -11.340 -11.476 -11.938 -12.468 -13.100 -13.491 -14.116 -14.454 -14.521
4.700 -1.058 1.687 -3.240 -6.188 -8.461 -9.342 -10.450 -10.351 -11.333 -11.469 -11.931 -12.461 -13.093 -13.483 -14.109 -14.447 -14.514
4.800 -1.051 1.695 -3.233 -6.181 -8.454 -9.335 -10.443 -10.344 -11.326 -11.462 -11.924 -12.454 -13.086 -13.476 -14.102 -14.440 -14.507
4.900 -1.044 1.702 -3.226 -6.173 -8.447 -9.328 -10.436 -10.337 -11.318 -11.454 -11.917 -12.446 -13.079 -13.469 -14.095 -14.432 -14.499
5.000 -1.036 1.709 -3.219 -6.166 -8.440 -9.321 -10.429 -10.329 -11.311 -11.447 -11.910 -12.439 -13.071 -13.462 -14.087 -14.425 -14.492
5.100 -1.029 1.717 -3.211 -6.158 -8.432 -9.313 -10.421 -10.322 -11.303 -11.439 -11.902 -12.431 -13.064 -13.454 -14.080 -14.417 -14.484
5.200 -1.021 1.725 -3.203 -6.150 -8.424 -9.305 -10.413 -10.314 -11.295 -11.431 -11.894 -12.423 -13.056 -13.446 -14.072 -14.409 -14.476
5.300 -1.012 1.733 -3.195 -6.142 -8.416 -9.297 -10.404 -10.305 -11.287 -11.423 -11.885 -12.415 -13.047 -13.438 -14.063 -14.401 -14.468
5.400 -1.003 1.742 -3.186 -6.133 -8.407 -9.288 -10.396 -10.296 -11.278 -11.414 -11.877 -12.406 -13.038 -13.429 -14.054 -14.392 -14.459
5.500 -0.994 1.752 -3.176 -6.124 -8.397 -9.278 -10.386 -10.287 -11.269 -11.405 -11.867 -12.397 -13.029 -13.419 -14.045 -14.382 -14.449
5.600 -0.984 1.761 -3.167 -6.114 -8.388 -9.269 -10.377 -10.277 -11.259 -11.395 -11.858 -12.387 -13.020 -13.410 -14.035 -14.373 -14.440
5.700 -0.974 1.771 -3.157 -6.104 -8.378 -9.259 -10.367 -10.267 -11.249 -11.385 -11.848 -12.377 -13.010 -13.400 -14.025 -14.363 -14.430
5.800 -0.964 1.782 -3.146 -6.094 -8.367 -9.248 -10.356 -10.257 -11.239 -11.375 -11.837 -12.367 -12.999 -13.389 -14.015 -14.352 -14.419
5.900 -0.953 1.792 -3.136 -6.083 -8.357 -9.238 -10.345 -10.246 -11.228 -11.364 -11.826 -12.356 -12.988 -13.379 -14.004 -14.342 -14.409
6.000 -0.942 1.804 -3.124 -6.072 -8.345 -9.226 -10.334 -10.235 -11.217 -11.353 -11.815 -12.345 -12.977 -13.367 -13.993 -14.331 -14.398
6.100 -0.930 1.815 -3.113 -6.060 -8.334 -9.215 -10.323 -10.223 -11.205 -11.341 -11.804 -12.333 -12.965 -13.356 -13.981 -14.319 -14.386
6.200 -0.918 1.827 -3.101 -6.048 -8.322 -9.203 -10.310 -10.211 -11.193 -11.329 -11.791 -12.321 -12.953 -13.344 -13.969 -14.307 -14.374
6.300 -0.905 1.840 -3.088 -6.035 -8.309 -9.190 -10.298 -10.198 -11.180 -11.316 -11.779 -12.308 -12.940 -13.331 -13.956 -14.294 -14.361
6.400 -0.892 1.854 -3.074 -6.022 -8.295 -9.176 -10.284 -10.185 -11.167 -11.303 -11.765 -12.295 -12.927 -13.317 -13.943 -14.281 -14.348
6.500 -0.878 1.867 -3.061 -6.008 -8.282 -9.163 -10.271 -10.171 -11.153 -11.289 -11.752 -12.281 -12.914 -13.304 -13.929 -14.267 -14.334
6.600 -0.864 1.881 -3.047 -5.994 -8.268 -9.149 -10.257 -10.157 -11.139 -11.275 -11.738 -12.267 -12.899 -13.290 -13.915 -14.253 -14.320
6.700 -0.850 1.896 -3.032 -5.980 -8.253 -9.134 -10.242 -10.143 -11.124 -11.261 -11.723 -12.253 -12.885 -13.275 -13.901 -14.238 -14.305
6.800 -0.835 1.911 -3.017 -5.965 -8.238 -9.119 -10.227 -10.128 -11.109 -11.246 -11.708 -12.237 -12.870 -13.260 -13.886 -14.223 -14.290
6.900 -0.819 1.926 -3.002 -5.949 -8.223 -9.104 -10.212 -10.112 -11.094 -11.230 -11.693 -12.222 -12.855 -13.245 -13.870 -14.208 -14.275
7.000 -0.804 1.942 -2.986 -5.933 -8.207 -9.088 -10.196 -10.097 -11.078 -11.214 -11.677 -12.206 -12.839 -13.229 -13.855 -14.192 -14.259
7.100 -0.787 1.958 -2.970 -5.917 -8.191 -9.072 -10.180 -10.080 -11.062 -11.198 -11.661 -12.190 -12.822 -13.213 -13.838 -14.176 -14.243
7.200 -0.771 1.975 -2.953 -5.900 -8.174 -9.055 -10.163 -10.064 -11.045 -11.182 -11.644 -12.173 -12.806 -13.196 -13.822 -14.159 -14.226
7.300 -0.753 1.992 -2.936 -5.883 -8.157 -9.038 -10.146 -10.046 -11.028 -11.164 -11.627 -12.156 -12.789 -13.179 -13.804 -14.142 -14.209
7.400 -0.736 2.010 -2.918 -5.866 -8.139 -9.020 -10.128 -10.029 -11.010 -11.147 -11.609 -12.138 -12.771 -13.161 -13.787 -14.124 -14.191
7.500 -0.718 2.028 -2.900 -5.847 -8.121 -9.002 -10.110 -10.011 -10.992 -11.128 -11.591 -12.120 -12.753 -13.143 -13.769 -14.106 -14.173
7.600 -0.699 2.046 -2.882 -5.829 -8.103 -8.984 -10.092 -9.992 -10.974 -11.110 -11.573 -12.102 -12.734 -13.125 -13.750 -14.088 -14.155
7.700 -0.681 2.065 -2.863 -5.810 -8.084 -8.965 -10.073 -9.973 -10.955 -11.091 -11.554 -12.083 -12.716 -13.106 -13.731 -14.069 -14.136
7.800 -0.661 2.084 -2.844 -5.791 -8.065 -8.946 -10.054 -9.954 -10.936 -11.072 -11.535 -12.064 -12.696 -13.087 -13.712 -14.050 -14.117
7.900 -0.642 2.104 -2.824 -5.771 -8.045 -8.926 -10.034 -9.935 -10.916 -11.053 -11.515 -12.044 -12.677 -13.067 -13.693 -14.030 -14.097
8.000 -0.622 2.124 -2.804 -5.752 -8.025 -8.906 -10.014 -9.915 -10.897 -11.033 -11.495 -12.025 -12.657 -13.047 -13.673 -14.010 -14.077
8.100 -0.602 2.144 -2.784 -5.731 -8.005 -8.886 -9.994 -9.895 -10.876 -11.013 -11.475 -12.004 -12.637 -13.027 -13.653 -13.990 -14.057
8.200 -0.581 2.164 -2.764 -5.711 -7.985 -8.866 -9.973 -9.874 -10.856 -10.992 -11.454 -11.984 -12.616 -13.007 -13.632 -13.970 -14.037
8.300 -0.560 2.185 -2.743 -5.690 -7.964 -8.845 -9.953 -9.853 -10.835 -10.971 -11.434 -11.963 -12.595 -12.986 -13.611 -13.949 -14.016
8.400 -0.539 2.206 -2.722 -5.669 -7.943 -8.824 -9.931 -9.832 -10.814 -10.950 -11.412 -11.942 -12.574 -12.965 -13.590 -13.928 -13.995
8.500 -0.518 2.228 -2.700 -5.647 -7.921 -8.802 -9.910 -9.811 -10.792 -10.929 -11.391 -11.920 -12.553 -12.943 -13.569 -13.906 -13.973
8.600 -0.496 2.250 -2.678 -5.626 -7.899 -8.780 -9.888 -9.789 -10.771 -10.907 -11.369 -11.899 -12.531 -12.921 -13.547 -13.884 -13.951
8.700 -0.474 2.272 -2.656 -5.603 -7.877 -8.758 -9.866 -9.767 -10.748 -10.885 -11.347 -11.876 -12.509 -12.899 -13.525 -13.862 -13.929
8.800 -0.451 2.294 -2.634 -5.581 -7.855 -8.736 -9.844 -9.744 -10.726 -10.862 -11.325 -11.854 -12.486 -12.877 -13.502 -13.840 -13.907
8.900 -0.429 2.317 -2.611 -5.559 -7.832 -8.713 -9.821 -9.722 -10.703 -10.840 -11.302 -11.832 -12.464 -12.854 -13.480 -13.817 -13.884
9.000 -0.406 2.339 -2.588 -5.536 -7.809 -8.690 -9.798 -9.699 -10.681 -10.817 -11.279 -11.809 -12.441 -12.831 -13.457 -13.795 -13.862
9.100 -0.383 2.362 -2.565 -5.513 -7.786 -8.667 -9.775 -9.676 -10.658 -10.794 -11.256 -11.786 -12.418 -12.808 -13.434 -13.772 -13.839
9.200 -0.360 2.386 -2.542 -5.490 -7.763 -8.644 -9.752 -9.653 -10.635 -10.771 -11.233 -11.763 -12.395 -12.785 -13.411 -13.748 -13.815
9.300 -0.337 2.409 -2.519 -5.466 -7.740 -8.621 -9.729 -9.629 -10.611 -10.747 -11.210 -11.739 -12.372 -12.762 -13.387 -13.725 -13.792
9.400 -0.313 2.433 -2.495 -5.443 -7.716 -8.597 -9.705 -9.606 -10.588 -10.724 -11.186 -11.716 -12.348 -12.738 -13.364 -13.702 -13.769
9.500 -0.289 2.456 -2.472 -5.419 -7.693 -8.574 -9.682 -9.582 -10.564 -10.700 -11.163 -11.692 -12.324 -12.715 -13.340 -13.678 -13.745
9.600 -0.266 2.480 -2.448 -5.395 -7.669 -8.550 -9.658 -9.559 -10.540 -10.676 -11.139 -11.668 -12.301 -12.691 -13.317 -13.654 -13.721
9.700 -0.242 2.504 -2.424 -5.371 -7.645 -8.526 -9.634 -9.535 -10.516 -10.652 -11.115 -11.644 -12.277 -12.667 -13.293 -13.630 -13.697
9.800 -0.218 2.528 -2.400 -5.347 -7.621 -8.502 -9.610 -9.511 -10.492 -10.628 -11.091 -11.620 -12.253 -12.643 -13.269 -13.606 -13.673
9.900 -0.193 2.552 -2.376 -5.323 -7.597 -8.478 -9.586 -9.486 -10.468 -10.604 -11.067 -11.596 -12.229 -12.619 -13.244 -13.582 -13.649
10.000 -0.169 2.576 -2.352 -5.299 -7.573 -8.454 -9.561 -9.462 -10.444 -10.580 -11.042 -11.572 -12.204 -12.595 -13.220 -13.558 -13.625
10.100 -0.145 2.601 -2.327 -5.275 -7.548 -8.429 -9.537 -9.438 -10.420 -10.556 -11.018 -11.548 -12.180 -12.570 -13.196 -13.533 -13.600
10.200 -0.121 2.625 -2.303 -5.250 -7.524 -8.405 -9.513 -9.414 -10.395 -10.531 -10.994 -11.523 -12.156 -12.546 -13.171 -13.509 -13.576
10.300 -0.096 2.649 -2.279 -5.226 -7.499 -8.380 -9.488 -9.389 -10.371 -10.507 -10.969 -11.499 -12.131 -12.522 -13.147 -13.485 -13.552
10.400 -0.072 2.674 -2.254 -5.201 -7.475 -8.356 -9.464 -9.365 -10.346 -10.483 -10.945 -11.474 -12.107 -12.497 -13.123 -13.460 -13.527
10.500 -0.047 2.698 -2.230 -5.177 -7.451 -8.332 -9.440 -9.340 -10.322 -10.458 -10.921 -11.450 -12.082 -12.473 -13.098 -13.436 -13.503
10.600 -0.023 2.723 -2.205 -5.153 -7.426 -8.307 -9.415 -9.316 -10.298 -10.434 -10.896 -11.426 -12.058 -12.448 -13.074 -13.411 -13.479
10.700 0.001 2.747 -2.181 -5.128 -7.402 -8.283 -9.391 -9.292 -10.273 -10.409 -10.872 -11.401 -12.034 -12.424 -13.050 -13.387 -13.454
10.800 0.026 2.771 -2.157 -5.104 -7.378 -8.259 -9.367 -9.267 -10.249 -10.385 -10.848 -11.377 -12.009 -12.400 -13.025 -13.363 -13.430
10.900 0.050 2.796 -2.132 -5.080 -7.353 -8.234 -9.342 -9.243 -10.225 -10.361 -10.823 -11.353 -11.985 -12.375 -13.001 -13.339 -13.406
11.000 0.074 2.820 -2.108 -5.056 -7.329 -8.210 -9.318 -9.219 -10.200 -10.337 -10.799 -11.329 -11.961 -12.351 -12.977 -13.314 -13.381
11.100 0.098 2.844 -2.084 -5.032 -7.305 -8.186 -9.294 -9.195 -10.176 -10.313 -10.775 -11.304 -11.937 -12.327 -12.953 -13.290 -13.357
11.200 0.122 2.868 -2.060 -5.008 -7.281 -8.162 -9.270 -9.171 -10.152 -10.289 -10.751 -11.280 -11.913 -12.303 -12.929 -13.266 -13.333
11.300 0.146 2.892 -2.036 -4.984 -7.257 -8.138 -9.246 -9.147 -10.128 -10.265 -10.727 -11.257 -11.889 -12.279 -12.905 -13.242 -13.309
11.400 0.170 2.915 -2.012 -4.960 -7.233 -8.114 -9.222 -9.123 -10.105 -10.241 -10.703 -11.233 -11.865 -12.255 -12.881 -13.219 -13.286
11.500 0.194 2.939 -1.989 -4.936 -7.210 -8.091 -9.199 -9.099 -10.081 -10.217 -10.680 -11.209 -11.842 -12.232 -12.857 -13.195 -13.262
11.600 0.217 2.963 -1.965 -4.913 -7.186 -8.067 -9.175 -9.076 -10.058 -10.194 -10.656 -11.186 -11.818 -12.208 -12.834 -13.171 -13.238
11.700 0.240 2.986 -1.942 -4.889 -7.163 -8.044 -9.152 -9.053 -10.034 -10.170 -10.633 -11.162 -11.795 -12.185 -12.810 -13.148 -13.215
11.800 0.264 3.009 -1.919 -4.866 -7.140 -8.021 -9.129 -9.029 -10.011 -10.147 -10.610 -11.139 -11.771 -12.162 -12.787 -13.125 -13.192
11.900 0.287 3.032 -1.896 -4.843 -7.117 -7.998 -9.105 -9.006 -9.988 -10.124 -10.586 -11.116 -11.748 -12.139 -12.764 -13.102 -13.169
12.000 0.310 3.055 -1.873 -4.820 -7.094 -7.975 -9.083 -8.983 -9.965 -10.101 -10.564 -11.093 -11.725 -12.116 -12.741 -13.079 -13.146
12.100 0.332 3.078 -1.850 -4.797 -7.071 -7.952 -9.060 -8.961 -9.942 -10.078 -10.541 -11.070 -11.703 -12.093 -12.719 -13.056 -13.123
12.200 0.355 3.100 -1.828 -4.775 -7.049 -7.930 -9.037 -8.938 -9.920 -10.056 -10.518 -11.048 -11.680 -12.071 -12.696 -13.034 -13.101
12.300 0.377 3.123 -1.805 -4.753 -7.026 -7.907 -9.015 -8.916 -9.898 -10.034 -10.496 -11.026 -11.658 -12.048 -12.674 -13.011 -13.078
12.400 0.399 3.145 -1.783 -4.731 -7.004 -7.885 -8.993 -8.894 -9.876 -10.012 -10.474 -11.004 -11.636 -12.026 -12.652 -12.989 -13.056
12.500 0.421 3.167 -1.761 -4.709 -6.982 -7.863 -8.971 -8.872 -9.854 -9.990 -10.452 -10.982 -11.614 -12.004 -12.630 -12.968 -13.035
12.600 0.443 3.188 -1.740 -4.687 -6.961 -7.842 -8.950 -8.850 -9.832 -9.968 -10.431 -10.960 -11.593 -11.983 -12.608 -12.946 -13.013
12.700 0.464 3.210 -1.718 -4.666 -6.939 -7.820 -8.928 -8.829 -9.811 -9.947 -10.409 -10.939 -11.571 -11.961 -12.587 -12.925 -12.992
12.800 0.485 3.231 -1.697 -4.645 -6.918 -7.799 -8.907 -8.808 -9.790 -9.926 -10.388 -10.918 -11.550 -11.940 -12.566 -12.903 -12.970
12.900 0.506 3.252 -1.676 -4.624 -6.897 -7.778 -8.886 -8.787 -9.769 -9.905 -10.367 -10.897 -11.529 -11.919 -12.545 -12.883 -12.950
13.000 0.527 3.272 -1.656 -4.603 -6.877 -7.758 -8.866 -8.766 -9.748 -9.884 -10.347 -10.876 -11.508 -11.899 -12.524 -12.862 -12.929
13.100 0.547 3.293 -1.635 -4.583 -6.856 -7.737 -8.845 -8.746 -9.728 -9.864 -10.326 -10.856 -11.488 -11.878 -12.504 -12.841 -12.909
13.200 0.567 3.313 -1.615 -4.563 -6.836 -7.717 -8.825 -8.726 -9.707 -9.844 -10.306 -10.836 -11.468 -11.858 -12.484 -12.821 -12.888
13.300 0.587 3.333 -1.595 -4.543 -6.816 -7.697 -8.805 -8.706 -9.688 -9.824 -10.286 -10.816 -11.448 -11.838 -12.464 -12.801 -12.868
13.400 0.607 3.352 -1.576 -4.523 -6.797 -7.678 -8.786 -8.686 -9.668 -9.804 -10.267 -10.796 -11.428 -11.819 -12.444 -12.782 -12.849
13.500 0.626 3.372 -1.556 -4.504 -6.777 -7.658 -8.766 -8.667 -9.648 -9.785 -10.247 -10.777 -11.409 -11.799 -12.425 -12.762 -12.829
13.600 0.645 3.391 -1.537 -4.484 -6.758 -7.639 -8.747 -8.648 -9.629 -9.766 -10.228 -10.757 -11.390 -11.780 -12.406 -12.743 -12.810
13.700 0.664 3.410 -1.518 -4.466 -6.739 -7.620 -8.728 -8.629 -9.610 -9.747 -10.209 -10.739 -11.371 -11.761 -12.387 -12.724 -12.791
13.800 0.683 3.428 -1.500 -4.447 -6.721 -7.602 -8.709 -8.610 -9.592 -9.728 -10.190 -10.720 -11.352 -11.743 -12.368 -12.706 -12.773
13.900 0.701 3.447 -1.481 -4.429 -6.702 -7.583 -8.691 -8.592 -9.573 -9.710 -10.172 -10.701 -11.334 -11.724 -12.350 -12.687 -12.754
14.000 0.719 3.465 -1.463 -4.410 -6.684 -7.565 -8.673 -8.574 -9.555 -9.691 -10.154 -10.683 -11.316 -11.706 -12.332 -12.669 -12.736
14.100 0.737 3.483 -1.445 -4.393 -6.666 -7.547 -8.655 -8.556 -9.537 -9.674 -10.136 -10.665 -11.298 -11.688 -12.314 -12.651 -12.718
14.200 0.755 3.500 -1.428 -4.375 -6.649 -7.530 -8.637 -8.538 -9.520 -9.656 -10.118 -10.648 -11.280 -11.671 -12.296 -12.634 -12.701
14.300 0.772 3.518 -1.410 -4.357 -6.631 -7.512 -8.620 -8.521 -9.502 -9.639 -10.101 -10.630 -11.263 -11.653 -12.279 -12.616 -12.683
14.400 0.789 3.535 -1.393 -4.340 -6.614 -7.495 -8.603 -8.504 -9.485 -9.621 -10.084 -10.613 -11.246 -11.636 -12.262 -12.599 -12.666
14.500 0.806 3.552 -1.376 -4.323 -6.597 -7.478 -8.586 -8.487 -9.468 -9.605 -10.067 -10.596 -11.229 -11.619 -12.245 -12.582 -12.649
14.600 0.823 3.569 -1.359 -4.307 -6.580 -7.461 -8.569 -8.470 -9.452 -9.588 -10.050 -10.580 -11.212 -11.602 -12.228 -12.566 -12.633
14.700 0.839 3.585 -1.343 -4.290 -6.564 -7.445 -8.553 -8.454 -9.435 -9.571 -10.034 -10.563 -11.196 -11.586 -12.212 -12.549 -12.616
14.800 0.856 3.601 -1.327 -4.274 -6.548 -7.429 -8.537 -8.437 -9.419 -9.555 -10.018 -10.547 -11.180 -11.570 -12.195 -12.533 -12.600
14.900 0.872 3.617 -1.311 -4.258 -6.532 -7.413 -8.521 -8.421 -9.403 -9.539 -10.002 -10.531 -11.164 -11.554 -12.179 -12.517 -12.584
15.000 0.887 3.633 -1.295 -4.242 -6.516 -7.397 -8.505 -8.406 -9.387 -9.524 -9.986 -10.515 -11.148 -11.538 -12.164 -12.501 -12.568
