# day W2 M2 W1 u B g V c r w o i z y J H K
0.000 -6.730 -6.628 -6.480 -5.872 -5.573 -5.422 -5.157 -5.260 -4.932 -5.083 -4.806 -4.554 -4.266 -4.041 -3.580 -2.973 -2.407
0.100 -8.978 -9.479 -10.003 -11.059 -11.304 -11.377 -11.455 -11.425 -11.468 -11.433 -11.463 -11.415 -11.319 -11.218 -10.973 -10.559 -10.123
0.200 -8.386 -8.957 -9.765 -11.278 -11.719 -11.874 -12.069 -12.004 -12.168 -12.096 -12.212 -12.234 -12.207 -12.152 -11.985 -11.638 -11.248
0.300 -7.865 -8.433 -9.457 -11.263 -11.846 -12.059 -12.336 -12.251 -12.499 -12.410 -12.579 -12.650 -12.675 -12.653 -12.544 -12.247 -11.890
0.400 -7.410 -7.943 -9.150 -11.172 -11.870 -12.131 -12.474 -12.375 -12.688 -12.590 -12.799 -12.909 -12.976 -12.981 -12.921 -12.665 -12.336
0.500 -7.014 -7.490 -8.861 -11.052 -11.848 -12.150 -12.547 -12.438 -12.805 -12.704 -12.944 -13.086 -13.189 -13.219 -13.200 -12.981 -12.675
0.600 -6.659 -7.067 -8.588 -10.916 -11.799 -12.138 -12.582 -12.466 -12.879 -12.778 -13.043 -13.213 -13.349 -13.400 -13.418 -13.231 -12.947
0.700 -6.339 -6.669 -8.331 -10.773 -11.734 -12.106 -12.593 -12.471 -12.925 -12.825 -13.111 -13.307 -13.472 -13.542 -13.595 -13.438 -13.173
0.800 -6.048 -6.293 -8.090 -10.626 -11.660 -12.061 -12.587 -12.461 -12.951 -12.855 -13.158 -13.377 -13.569 -13.658 -13.742 -13.612 -13.365
0.900 -5.779 -5.935 -7.860 -10.478 -11.578 -12.007 -12.568 -12.439 -12.962 -12.871 -13.190 -13.429 -13.646 -13.751 -13.866 -13.762 -13.532
1.000 -5.534 -5.598 -7.646 -10.332 -11.495 -11.949 -12.543 -12.411 -12.965 -12.878 -13.211 -13.469 -13.709 -13.831 -13.973 -13.893 -13.680
1.100 -5.304 -5.272 -7.440 -10.185 -11.407 -11.885 -12.509 -12.375 -12.957 -12.877 -13.222 -13.497 -13.760 -13.896 -14.065 -14.008 -13.810
1.200 -5.089 -4.960 -7.244 -10.039 -11.317 -11.818 -12.471 -12.336 -12.943 -12.870 -13.225 -13.517 -13.801 -13.952 -14.146 -14.111 -13.928
1.300 -4.887 -4.662 -7.058 -9.897 -11.227 -11.750 -12.429 -12.293 -12.925 -12.859 -13.223 -13.531 -13.835 -13.999 -14.218 -14.204 -14.035
1.400 -4.697 -4.373 -6.880 -9.755 -11.136 -11.679 -12.384 -12.248 -12.902 -12.844 -13.216 -13.538 -13.861 -14.039 -14.281 -14.287 -14.132
1.500 -4.515 -4.093 -6.708 -9.614 -11.043 -11.606 -12.335 -12.199 -12.875 -12.824 -13.205 -13.541 -13.882 -14.072 -14.337 -14.363 -14.221
1.600 -4.345 -3.825 -6.544 -9.477 -10.953 -11.534 -12.286 -12.150 -12.846 -12.803 -13.191 -13.540 -13.899 -14.101 -14.388 -14.433 -14.303
1.700 -4.180 -3.562 -6.384 -9.339 -10.860 -11.459 -12.233 -12.098 -12.813 -12.779 -13.173 -13.534 -13.911 -14.125 -14.433 -14.496 -14.379
1.800 -4.025 -3.311 -6.233 -9.206 -10.770 -11.387 -12.181 -12.047 -12.780 -12.754 -13.154 -13.527 -13.920 -14.145 -14.474 -14.555 -14.449
1.900 -3.874 -3.065 -6.085 -9.073 -10.678 -11.312 -12.127 -11.994 -12.744 -12.727 -13.132 -13.516 -13.925 -14.162 -14.510 -14.608 -14.515
2.000 -3.728 -2.824 -5.941 -8.941 -10.587 -11.236 -12.071 -11.939 -12.706 -12.697 -13.108 -13.503 -13.927 -14.174 -14.542 -14.658 -14.576
2.100 -3.590 -2.593 -5.804 -8.814 -10.498 -11.163 -12.016 -11.885 -12.668 -12.668 -13.083 -13.488 -13.928 -14.185 -14.572 -14.704 -14.634
2.200 -3.456 -2.366 -5.670 -8.687 -10.409 -11.088 -11.960 -11.830 -12.629 -12.637 -13.057 -13.472 -13.926 -14.193 -14.599 -14.747 -14.687
2.300 -3.325 -2.144 -5.539 -8.561 -10.319 -11.013 -11.903 -11.775 -12.588 -12.604 -13.028 -13.453 -13.921 -14.199 -14.622 -14.787 -14.738
2.400 -3.199 -1.929 -5.412 -8.438 -10.232 -10.940 -11.846 -11.720 -12.547 -12.572 -13.000 -13.433 -13.916 -14.203 -14.644 -14.824 -14.786
2.500 -3.076 -1.718 -5.288 -8.315 -10.144 -10.865 -11.788 -11.663 -12.504 -12.538 -12.969 -13.412 -13.908 -14.205 -14.663 -14.858 -14.830
2.600 -2.957 -1.513 -5.168 -8.195 -10.057 -10.792 -11.731 -11.608 -12.461 -12.504 -12.939 -13.390 -13.899 -14.205 -14.681 -14.891 -14.873
2.700 -2.841 -1.312 -5.050 -8.076 -9.971 -10.719 -11.673 -11.552 -12.418 -12.469 -12.907 -13.366 -13.888 -14.203 -14.696 -14.921 -14.913
2.800 -2.728 -1.115 -4.935 -7.959 -9.886 -10.645 -11.614 -11.495 -12.374 -12.434 -12.874 -13.342 -13.876 -14.201 -14.709 -14.949 -14.951
2.900 -2.616 -0.921 -4.822 -7.842 -9.800 -10.572 -11.556 -11.439 -12.329 -12.397 -12.841 -13.316 -13.863 -14.196 -14.721 -14.975 -14.987
3.000 -2.509 -0.734 -4.713 -7.729 -9.717 -10.500 -11.498 -11.383 -12.284 -12.361 -12.808 -13.290 -13.849 -14.191 -14.731 -14.999 -15.021
3.100 -2.403 -0.550 -4.605 -7.617 -9.634 -10.428 -11.440 -11.327 -12.239 -12.325 -12.774 -13.263 -13.834 -14.184 -14.741 -15.022 -15.054
3.200 -2.301 -0.370 -4.501 -7.506 -9.552 -10.358 -11.383 -11.272 -12.194 -12.289 -12.740 -13.236 -13.819 -14.177 -14.749 -15.044 -15.085
3.300 -2.253 -0.241 -4.451 -7.454 -9.523 -10.336 -11.369 -11.259 -12.188 -12.286 -12.738 -13.238 -13.825 -14.185 -14.762 -15.060 -15.103
3.400 -2.211 -0.120 -4.408 -7.407 -9.498 -10.318 -11.359 -11.250 -12.184 -12.285 -12.738 -13.240 -13.831 -14.194 -14.774 -15.075 -15.119
3.500 -2.172 -0.007 -4.368 -7.363 -9.474 -10.301 -11.349 -11.241 -12.179 -12.284 -12.738 -13.243 -13.837 -14.203 -14.786 -15.090 -15.135
3.600 -2.136 0.099 -4.330 -7.322 -9.452 -10.285 -11.339 -11.232 -12.175 -12.282 -12.737 -13.245 -13.843 -14.210 -14.797 -15.104 -15.151
3.700 -2.103 0.198 -4.295 -7.283 -9.430 -10.269 -11.330 -11.223 -12.171 -12.281 -12.737 -13.247 -13.848 -14.218 -14.808 -15.117 -15.166
3.800 -2.070 0.292 -4.262 -7.246 -9.409 -10.254 -11.320 -11.214 -12.166 -12.279 -12.736 -13.248 -13.852 -14.224 -14.818 -15.129 -15.180
3.900 -2.039 0.381 -4.229 -7.209 -9.389 -10.238 -11.310 -11.205 -12.160 -12.276 -12.734 -13.248 -13.856 -14.230 -14.827 -15.141 -15.193
4.000 -2.011 0.462 -4.200 -7.175 -9.369 -10.223 -11.300 -11.196 -12.155 -12.273 -12.732 -13.248 -13.859 -14.235 -14.835 -15.152 -15.205
4.100 -1.984 0.537 -4.172 -7.143 -9.350 -10.209 -11.290 -11.187 -12.150 -12.271 -12.729 -13.248 -13.862 -14.240 -14.843 -15.163 -15.218
4.200 -1.959 0.606 -4.146 -7.113 -9.332 -10.195 -11.281 -11.178 -12.144 -12.268 -12.727 -13.247 -13.864 -14.244 -14.851 -15.173 -15.229
4.300 -1.935 0.670 -4.121 -7.085 -9.315 -10.181 -11.272 -11.170 -12.139 -12.264 -12.724 -13.246 -13.866 -14.248 -14.858 -15.182 -15.241
4.400 -1.912 0.728 -4.097 -7.057 -9.298 -10.168 -11.262 -11.161 -12.133 -12.261 -12.721 -13.245 -13.867 -14.251 -14.864 -15.191 -15.251
4.500 -1.890 0.783 -4.074 -7.031 -9.281 -10.154 -11.252 -11.151 -12.126 -12.256 -12.718 -13.243 -13.868 -14.253 -14.870 -15.200 -15.261
4.600 -1.869 0.832 -4.053 -7.006 -9.265 -10.141 -11.243 -11.143 -12.120 -12.252 -12.714 -13.241 -13.868 -14.255 -14.875 -15.208 -15.271
4.700 -1.850 0.876 -4.033 -6.983 -9.250 -10.128 -11.234 -11.134 -12.113 -12.248 -12.710 -13.238 -13.868 -14.257 -14.880 -15.215 -15.280
4.800 -1.833 0.912 -4.016 -6.963 -9.237 -10.118 -11.226 -11.126 -12.108 -12.244 -12.707 -13.236 -13.869 -14.259 -14.884 -15.222 -15.289
4.900 -1.839 0.906 -4.022 -6.969 -9.243 -10.124 -11.232 -11.132 -12.114 -12.250 -12.713 -13.242 -13.875 -14.265 -14.890 -15.228 -15.295
5.000 -1.845 0.901 -4.027 -6.975 -9.248 -10.129 -11.237 -11.138 -12.119 -12.256 -12.718 -13.247 -13.880 -14.270 -14.896 -15.233 -15.300
5.100 -1.850 0.896 -4.032 -6.979 -9.253 -10.134 -11.242 -11.143 -12.124 -12.261 -12.723 -13.252 -13.885 -14.275 -14.901 -15.238 -15.305
5.200 -1.854 0.891 -4.036 -6.984 -9.257 -10.138 -11.246 -11.147 -12.129 -12.265 -12.727 -13.257 -13.889 -14.279 -14.905 -15.243 -15.310
5.300 -1.858 0.887 -4.041 -6.988 -9.262 -10.143 -11.251 -11.151 -12.133 -12.269 -12.732 -13.261 -13.894 -14.284 -14.909 -15.247 -15.314
5.400 -1.862 0.883 -4.045 -6.992 -9.266 -10.147 -11.255 -11.155 -12.137 -12.273 -12.736 -13.265 -13.897 -14.288 -14.913 -15.251 -15.318
5.500 -1.866 0.880 -4.048 -6.996 -9.269 -10.150 -11.258 -11.159 -12.141 -12.277 -12.739 -13.269 -13.901 -14.291 -14.917 -15.254 -15.321
5.600 -1.869 0.876 -4.052 -6.999 -9.273 -10.154 -11.262 -11.162 -12.144 -12.280 -12.743 -13.272 -13.904 -14.295 -14.920 -15.258 -15.325
5.700 -1.873 0.873 -4.055 -7.002 -9.276 -10.157 -11.265 -11.165 -12.147 -12.283 -12.746 -13.275 -13.908 -14.298 -14.923 -15.261 -15.328
5.800 -1.875 0.870 -4.058 -7.005 -9.279 -10.160 -11.267 -11.168 -12.150 -12.286 -12.748 -13.278 -13.910 -14.301 -14.926 -15.264 -15.331
5.900 -1.878 0.868 -4.060 -7.007 -9.281 -10.162 -11.270 -11.171 -12.152 -12.288 -12.751 -13.280 -13.913 -14.303 -14.929 -15.266 -15.333
6.000 -1.880 0.866 -4.062 -7.009 -9.283 -10.164 -11.272 -11.173 -12.154 -12.290 -12.753 -13.282 -13.915 -14.305 -14.931 -15.268 -15.335
6.100 -1.881 0.864 -4.064 -7.011 -9.285 -10.166 -11.274 -11.174 -12.156 -12.292 -12.755 -13.284 -13.917 -14.307 -14.932 -15.270 -15.337
6.200 -1.883 0.863 -4.065 -7.013 -9.286 -10.167 -11.275 -11.176 -12.158 -12.294 -12.756 -13.286 -13.918 -14.308 -14.934 -15.272 -15.339
6.300 -1.884 0.861 -4.067 -7.014 -9.288 -10.169 -11.276 -11.177 -12.159 -12.295 -12.757 -13.287 -13.919 -14.310 -14.935 -15.273 -15.340
6.400 -1.885 0.860 -4.068 -7.015 -9.289 -10.170 -11.277 -11.178 -12.160 -12.296 -12.758 -13.288 -13.920 -14.311 -14.936 -15.274 -15.341
6.500 -1.886 0.860 -4.068 -7.016 -9.289 -10.170 -11.278 -11.179 -12.161 -12.297 -12.759 -13.289 -13.921 -14.311 -14.937 -15.275 -15.342
6.600 -1.887 0.859 -4.069 -7.016 -9.290 -10.171 -11.279 -11.180 -12.161 -12.298 -12.760 -13.289 -13.922 -14.312 -14.938 -15.275 -15.342
6.700 -1.887 0.859 -4.069 -7.017 -9.290 -10.171 -11.279 -11.180 -12.162 -12.298 -12.760 -13.290 -13.922 -14.312 -14.938 -15.276 -15.343
6.800 -1.887 0.858 -4.069 -7.017 -9.290 -10.171 -11.279 -11.180 -12.162 -12.298 -12.760 -13.290 -13.922 -14.312 -14.938 -15.276 -15.343
6.900 -1.887 0.859 -4.069 -7.017 -9.290 -10.171 -11.279 -11.180 -12.161 -12.298 -12.760 -13.290 -13.922 -14.312 -14.938 -15.275 -15.342
7.000 -1.886 0.859 -4.069 -7.016 -9.290 -10.171 -11.278 -11.179 -12.161 -12.297 -12.759 -13.289 -13.921 -14.312 -14.937 -15.275 -15.342
7.100 -1.885 0.860 -4.068 -7.015 -9.289 -10.170 -11.278 -11.178 -12.160 -12.296 -12.759 -13.288 -13.921 -14.311 -14.936 -15.274 -15.341
7.200 -1.884 0.861 -4.067 -7.014 -9.288 -10.169 -11.277 -11.177 -12.159 -12.295 -12.758 -13.287 -13.920 -14.310 -14.935 -15.273 -15.340
7.300 -1.883 0.862 -4.066 -7.013 -9.287 -10.168 -11.275 -11.176 -12.158 -12.294 -12.756 -13.286 -13.918 -14.309 -14.934 -15.272 -15.339
7.400 -1.882 0.864 -4.064 -7.012 -9.285 -10.166 -11.274 -11.175 -12.156 -12.293 -12.755 -13.285 -13.917 -14.307 -14.933 -15.270 -15.337
7.500 -1.880 0.865 -4.063 -7.010 -9.284 -10.165 -11.272 -11.173 -12.155 -12.291 -12.753 -13.283 -13.915 -14.306 -14.931 -15.269 -15.336
7.600 -1.878 0.867 -4.061 -7.008 -9.282 -10.163 -11.271 -11.171 -12.153 -12.289 -12.752 -13.281 -13.914 -14.304 -14.929 -15.267 -15.334
7.700 -1.877 0.869 -4.059 -7.006 -9.280 -10.161 -11.269 -11.169 -12.151 -12.287 -12.750 -13.279 -13.912 -14.302 -14.927 -15.265 -15.332
7.800 -1.874 0.871 -4.057 -7.004 -9.278 -10.159 -11.266 -11.167 -12.149 -12.285 -12.747 -13.277 -13.909 -14.300 -14.925 -15.263 -15.330
7.900 -1.872 0.874 -4.054 -7.001 -9.275 -10.156 -11.264 -11.165 -12.146 -12.282 -12.745 -13.274 -13.907 -14.297 -14.923 -15.260 -15.327
8.000 -1.869 0.877 -4.051 -6.999 -9.272 -10.153 -11.261 -11.162 -12.144 -12.280 -12.742 -13.272 -13.904 -14.294 -14.920 -15.257 -15.324
8.100 -1.866 0.880 -4.048 -6.996 -9.269 -10.150 -11.258 -11.159 -12.140 -12.277 -12.739 -13.269 -13.901 -14.291 -14.917 -15.254 -15.321
8.200 -1.863 0.883 -4.045 -6.992 -9.266 -10.147 -11.255 -11.156 -12.137 -12.274 -12.736 -13.265 -13.898 -14.288 -14.914 -15.251 -15.318
8.300 -1.859 0.886 -4.042 -6.989 -9.263 -10.144 -11.252 -11.152 -12.134 -12.270 -12.733 -13.262 -13.895 -14.285 -14.910 -15.248 -15.315
8.400 -1.856 0.890 -4.038 -6.986 -9.259 -10.140 -11.248 -11.149 -12.130 -12.267 -12.729 -13.259 -13.891 -14.281 -14.907 -15.244 -15.311
8.500 -1.852 0.893 -4.035 -6.982 -9.256 -10.137 -11.244 -11.145 -12.127 -12.263 -12.725 -13.255 -13.887 -14.278 -14.903 -15.241 -15.308
8.600 -1.848 0.897 -4.031 -6.978 -9.252 -10.133 -11.240 -11.141 -12.123 -12.259 -12.721 -13.251 -13.883 -14.274 -14.899 -15.237 -15.304
8.700 -1.844 0.902 -4.026 -6.974 -9.247 -10.128 -11.236 -11.137 -12.119 -12.255 -12.717 -13.247 -13.879 -14.269 -14.895 -15.232 -15.300
8.800 -1.840 0.906 -4.022 -6.970 -9.243 -10.124 -11.232 -11.133 -12.114 -12.251 -12.713 -13.242 -13.875 -14.265 -14.891 -15.228 -15.295
8.900 -1.835 0.910 -4.018 -6.965 -9.239 -10.120 -11.228 -11.128 -12.110 -12.246 -12.709 -13.238 -13.870 -14.261 -14.886 -15.224 -15.291
9.000 -1.830 0.915 -4.013 -6.960 -9.234 -10.115 -11.223 -11.123 -12.105 -12.241 -12.704 -13.233 -13.866 -14.256 -14.881 -15.219 -15.286
9.100 -1.826 0.920 -4.008 -6.955 -9.229 -10.110 -11.218 -11.119 -12.100 -12.236 -12.699 -13.228 -13.861 -14.251 -14.877 -15.214 -15.281
9.200 -1.821 0.925 -4.003 -6.950 -9.224 -10.105 -11.213 -11.113 -12.095 -12.231 -12.694 -13.223 -13.856 -14.246 -14.871 -15.209 -15.276
9.300 -1.815 0.930 -3.998 -6.945 -9.219 -10.100 -11.207 -11.108 -12.090 -12.226 -12.688 -13.218 -13.850 -14.241 -14.866 -15.204 -15.271
9.400 -1.810 0.936 -3.992 -6.939 -9.213 -10.094 -11.202 -11.103 -12.084 -12.220 -12.683 -13.212 -13.845 -14.235 -14.861 -15.198 -15.265
9.500 -1.804 0.942 -3.986 -6.934 -9.207 -10.088 -11.196 -11.097 -12.079 -12.215 -12.677 -13.207 -13.839 -14.229 -14.855 -15.192 -15.259
9.600 -1.798 0.947 -3.981 -6.928 -9.202 -10.083 -11.190 -11.091 -12.073 -12.209 -12.671 -13.201 -13.833 -14.224 -14.849 -15.187 -15.254
9.700 -1.792 0.953 -3.974 -6.922 -9.195 -10.076 -11.184 -11.085 -12.067 -12.203 -12.665 -13.195 -13.827 -14.217 -14.843 -15.181 -15.248
9.800 -1.786 0.960 -3.968 -6.916 -9.189 -10.070 -11.178 -11.079 -12.061 -12.197 -12.659 -13.189 -13.821 -14.211 -14.837 -15.174 -15.241
9.900 -1.780 0.966 -3.962 -6.909 -9.183 -10.064 -11.172 -11.073 -12.054 -12.190 -12.653 -13.182 -13.815 -14.205 -14.831 -15.168 -15.235
10.000 -1.773 0.973 -3.955 -6.903 -9.176 -10.057 -11.165 -11.066 -12.048 -12.184 -12.646 -13.176 -13.808 -14.198 -14.824 -15.162 -15.229
10.100 -1.766 0.979 -3.949 -6.896 -9.170 -10.051 -11.159 -11.059 -12.041 -12.177 -12.640 -13.169 -13.801 -14.192 -14.817 -15.155 -15.222
10.200 -1.760 0.986 -3.942 -6.889 -9.163 -10.044 -11.152 -11.053 -12.034 -12.170 -12.633 -13.162 -13.795 -14.185 -14.810 -15.148 -15.215
10.300 -1.753 0.993 -3.935 -6.882 -9.156 -10.037 -11.145 -11.046 -12.027 -12.163 -12.626 -13.155 -13.788 -14.178 -14.803 -15.141 -15.208
10.400 -1.745 1.000 -3.928 -6.875 -9.149 -10.030 -11.137 -11.038 -12.020 -12.156 -12.618 -13.148 -13.780 -14.171 -14.796 -15.134 -15.201
10.500 -1.738 1.008 -3.920 -6.868 -9.141 -10.022 -11.130 -11.031 -12.012 -12.149 -12.611 -13.141 -13.773 -14.163 -14.789 -15.126 -15.193
10.600 -1.730 1.015 -3.913 -6.860 -9.134 -10.015 -11.123 -11.023 -12.005 -12.141 -12.604 -13.133 -13.765 -14.156 -14.781 -15.119 -15.186
10.700 -1.723 1.023 -3.905 -6.852 -9.126 -10.007 -11.115 -11.016 -11.997 -12.133 -12.596 -13.125 -13.758 -14.148 -14.773 -15.111 -15.178
10.800 -1.715 1.031 -3.897 -6.844 -9.118 -9.999 -11.107 -11.008 -11.989 -12.125 -12.588 -13.117 -13.750 -14.140 -14.765 -15.103 -15.170
10.900 -1.706 1.039 -3.889 -6.836 -9.110 -9.991 -11.099 -10.999 -11.981 -12.117 -12.580 -13.109 -13.742 -14.132 -14.757 -15.095 -15.162
11.000 -1.698 1.047 -3.881 -6.828 -9.102 -9.983 -11.090 -10.991 -11.973 -12.109 -12.571 -13.101 -13.733 -14.124 -14.749 -15.087 -15.154
11.100 -1.690 1.056 -3.872 -6.820 -9.093 -9.974 -11.082 -10.983 -11.965 -12.101 -12.563 -13.093 -13.725 -14.115 -14.741 -15.078 -15.145
11.200 -1.681 1.064 -3.864 -6.811 -9.085 -9.966 -11.074 -10.974 -11.956 -12.092 -12.555 -13.084 -13.716 -14.107 -14.732 -15.070 -15.137
11.300 -1.673 1.073 -3.855 -6.802 -9.076 -9.957 -11.065 -10.966 -11.947 -12.084 -12.546 -13.075 -13.708 -14.098 -14.724 -15.061 -15.128
11.400 -1.664 1.082 -3.846 -6.794 -9.067 -9.948 -11.056 -10.957 -11.939 -12.075 -12.537 -13.067 -13.699 -14.089 -14.715 -15.052 -15.119
11.500 -1.655 1.091 -3.837 -6.785 -9.058 -9.939 -11.047 -10.948 -11.930 -12.066 -12.528 -13.058 -13.690 -14.080 -14.706 -15.043 -15.110
11.600 -1.646 1.100 -3.828 -6.776 -9.049 -9.930 -11.038 -10.939 -11.920 -12.057 -12.519 -13.048 -13.681 -14.071 -14.697 -15.034 -15.101
11.700 -1.636 1.109 -3.819 -6.766 -9.040 -9.921 -11.029 -10.929 -11.911 -12.047 -12.510 -13.039 -13.672 -14.062 -14.687 -15.025 -15.092
11.800 -1.627 1.118 -3.810 -6.757 -9.031 -9.912 -11.019 -10.920 -11.902 -12.038 -12.500 -13.030 -13.662 -14.053 -14.678 -15.016 -15.083
11.900 -1.618 1.128 -3.800 -6.747 -9.021 -9.902 -11.010 -10.911 -11.892 -12.028 -12.491 -13.020 -13.653 -14.043 -14.669 -15.006 -15.073
12.000 -1.608 1.138 -3.790 -6.738 -9.011 -9.892 -11.000 -10.901 -11.883 -12.019 -12.481 -13.011 -13.643 -14.033 -14.659 -14.996 -15.063
12.100 -1.598 1.148 -3.780 -6.728 -9.001 -9.882 -10.990 -10.891 -11.873 -12.009 -12.471 -13.001 -13.633 -14.023 -14.649 -14.986 -15.054
12.200 -1.588 1.158 -3.770 -6.718 -8.991 -9.872 -10.980 -10.881 -11.863 -11.999 -12.461 -12.991 -13.623 -14.013 -14.639 -14.976 -15.044
12.300 -1.578 1.168 -3.760 -6.708 -8.981 -9.862 -10.970 -10.871 -11.852 -11.989 -12.451 -12.981 -13.613 -14.003 -14.629 -14.966 -15.033
12.400 -1.568 1.178 -3.750 -6.697 -8.971 -9.852 -10.960 -10.860 -11.842 -11.978 -12.441 -12.970 -13.603 -13.993 -14.618 -14.956 -15.023
12.500 -1.557 1.189 -3.739 -6.687 -8.960 -9.841 -10.949 -10.850 -11.832 -11.968 -12.430 -12.960 -13.592 -13.982 -14.608 -14.945 -15.013
12.600 -1.546 1.199 -3.729 -6.676 -8.950 -9.831 -10.939 -10.839 -11.821 -11.957 -12.420 -12.949 -13.581 -13.972 -14.597 -14.935 -15.002
12.700 -1.536 1.210 -3.718 -6.665 -8.939 -9.820 -10.928 -10.829 -11.810 -11.946 -12.409 -12.938 -13.571 -13.961 -14.587 -14.924 -14.991
12.800 -1.525 1.221 -3.707 -6.655 -8.928 -9.809 -10.917 -10.818 -11.799 -11.936 -12.398 -12.928 -13.560 -13.950 -14.576 -14.913 -14.980
12.900 -1.514 1.232 -3.696 -6.644 -8.917 -9.798 -10.906 -10.807 -11.788 -11.925 -12.387 -12.917 -13.549 -13.939 -14.565 -14.902 -14.969
13.000 -1.503 1.243 -3.685 -6.632 -8.906 -9.787 -10.895 -10.796 -11.777 -11.914 -12.376 -12.905 -13.538 -13.928 -14.554 -14.891 -14.958
13.100 -1.491 1.254 -3.674 -6.621 -8.895 -9.776 -10.884 -10.784 -11.766 -11.902 -12.365 -12.894 -13.527 -13.917 -14.542 -14.880 -14.947
13.200 -1.480 1.265 -3.663 -6.610 -8.884 -9.765 -10.872 -10.773 -11.755 -11.891 -12.353 -12.883 -13.515 -13.906 -14.531 -14.869 -14.936
13.300 -1.469 1.277 -3.651 -6.598 -8.872 -9.753 -10.861 -10.762 -11.743 -11.880 -12.342 -12.871 -13.504 -13.894 -14.520 -14.857 -14.924
13.400 -1.457 1.288 -3.639 -6.587 -8.860 -9.741 -10.849 -10.750 -11.732 -11.868 -12.330 -12.860 -13.492 -13.882 -14.508 -14.846 -14.913
13.500 -1.445 1.300 -3.628 -6.575 -8.849 -9.730 -10.838 -10.738 -11.720 -11.856 -12.319 -12.848 -13.480 -13.871 -14.496 -14.834 -14.901
13.600 -1.434 1.312 -3.616 -6.563 -8.837 -9.718 -10.826 -10.727 -11.708 -11.844 -12.307 -12.836 -13.469 -13.859 -14.485 -14.822 -14.889
13.700 -1.422 1.324 -3.604 -6.551 -8.825 -9.706 -10.814 -10.715 -11.696 -11.832 -12.295 -12.824 -13.457 -13.847 -14.473 -14.810 -14.877
13.800 -1.410 1.336 -3.592 -6.539 -8.813 -9.694 -10.802 -10.703 -11.684 -11.820 -12.283 -12.812 -13.445 -13.835 -14.461 -14.798 -14.865
13.900 -1.397 1.348 -3.580 -6.527 -8.801 -9.682 -10.790 -10.690 -11.672 -11.808 -12.271 -12.800 -13.432 -13.823 -14.448 -14.786 -14.853
14.000 -1.385 1.361 -3.567 -6.515 -8.788 -9.669 -10.777 -10.678 -11.660 -11.796 -12.258 -12.788 -13.420 -13.810 -14.436 -14.774 -14.841
14.100 -1.373 1.373 -3.555 -6.502 -8.776 -9.657 -10.765 -10.666 -11.647 -11.783 -12.246 -12.775 -13.408 -13.798 -14.424 -14.761 -14.828
14.200 -1.360 1.385 -3.542 -6.490 -8.763 -9.644 -10.752 -10.653 -11.635 -11.771 -12.233 -12.763 -13.395 -13.785 -14.411 -14.749 -14.816
14.300 -1.347 1.398 -3.530 -6.477 -8.751 -9.632 -10.740 -10.640 -11.622 -11.758 -12.221 -12.750 -13.383 -13.773 -14.398 -14.736 -14.803
14.400 -1.335 1.411 -3.517 -6.464 -8.738 -9.619 -10.727 -10.628 -11.609 -11.745 -12.208 -12.737 -13.370 -13.760 -14.386 -14.723 -14.790
14.500 -1.322 1.424 -3.504 -6.451 -8.725 -9.606 -10.714 -10.615 -11.596 -11.733 -12.195 -12.724 -13.357 -13.747 -14.373 -14.710 -14.777
14.600 -1.309 1.437 -3.491 -6.438 -8.712 -9.593 -10.701 -10.602 -11.583 -11.720 -12.182 -12.711 -13.344 -13.734 -14.360 -14.697 -14.764
14.700 -1.296 1.450 -3.478 -6.425 -8.699 -9.580 -10.688 -10.589 -11.570 -11.706 -12.169 -12.698 -13.331 -13.721 -14.347 -14.684 -14.751
14.800 -1.283 1.463 -3.465 -6.412 -8.686 -9.567 -10.675 -10.575 -11.557 -11.693 -12.156 -12.685 -13.318 -13.708 -14.333 -14.671 -14.738
14.900 -1.269 1.476 -3.452 -6.399 -8.673 -9.554 -10.661 -10.562 -11.544 -11.680 -12.142 -12.672 -13.304 -13.695 -14.320 -14.658 -14.725
15.000 -1.256 1.490 -3.438 -6.386 -8.659 -9.540 -10.648 -10.549 -11.530 -11.667 -12.129 -12.659 -13.291 -13.681 -14.307 -14.644 -14.711
