# day W2 M2 W1 u B g V c r w o i z y J H K
0.000 -6.760 -6.649 -6.498 -5.875 -5.572 -5.421 -5.154 -5.258 -4.928 -5.080 -4.801 -4.549 -4.260 -4.034 -3.572 -2.965 -2.398
0.100 -10.621 -10.910 -11.111 -11.570 -11.639 -11.647 -11.640 -11.640 -11.601 -11.604 -11.573 -11.491 -11.368 -11.252 -10.986 -10.558 -10.116
0.200 -10.653 -11.048 -11.384 -12.120 -12.285 -12.336 -12.393 -12.372 -12.404 -12.381 -12.406 -12.370 -12.295 -12.214 -12.011 -11.641 -11.241
0.300 -10.527 -10.986 -11.430 -12.367 -12.601 -12.680 -12.780 -12.746 -12.824 -12.787 -12.846 -12.839 -12.797 -12.739 -12.579 -12.252 -11.881
0.400 -10.365 -10.868 -11.404 -12.501 -12.793 -12.896 -13.029 -12.985 -13.100 -13.052 -13.137 -13.151 -13.134 -13.093 -12.968 -12.674 -12.326
0.500 -10.186 -10.719 -11.339 -12.573 -12.917 -13.040 -13.202 -13.150 -13.294 -13.239 -13.344 -13.376 -13.380 -13.353 -13.256 -12.990 -12.663
0.600 -10.007 -10.560 -11.258 -12.611 -13.002 -13.144 -13.331 -13.272 -13.442 -13.381 -13.503 -13.551 -13.571 -13.557 -13.485 -13.242 -12.934
0.700 -9.830 -10.396 -11.165 -12.625 -13.060 -13.219 -13.430 -13.364 -13.558 -13.491 -13.629 -13.690 -13.726 -13.723 -13.671 -13.451 -13.159
0.800 -9.655 -10.229 -11.065 -12.622 -13.098 -13.273 -13.507 -13.435 -13.651 -13.580 -13.732 -13.805 -13.854 -13.861 -13.828 -13.627 -13.350
0.900 -9.486 -10.062 -10.962 -12.607 -13.122 -13.313 -13.568 -13.491 -13.727 -13.652 -13.817 -13.901 -13.963 -13.978 -13.963 -13.780 -13.516
1.000 -9.318 -9.893 -10.855 -12.581 -13.134 -13.340 -13.614 -13.533 -13.788 -13.709 -13.886 -13.981 -14.054 -14.077 -14.078 -13.911 -13.661
1.100 -9.153 -9.723 -10.745 -12.547 -13.136 -13.357 -13.650 -13.564 -13.838 -13.756 -13.944 -14.049 -14.134 -14.164 -14.180 -14.029 -13.791
1.200 -8.994 -9.556 -10.636 -12.508 -13.132 -13.366 -13.678 -13.588 -13.880 -13.795 -13.994 -14.109 -14.203 -14.241 -14.270 -14.134 -13.907
1.300 -8.835 -9.386 -10.523 -12.463 -13.120 -13.368 -13.698 -13.604 -13.913 -13.826 -14.035 -14.159 -14.263 -14.308 -14.351 -14.227 -14.011
1.400 -8.681 -9.220 -10.412 -12.414 -13.104 -13.365 -13.712 -13.615 -13.940 -13.851 -14.070 -14.203 -14.317 -14.368 -14.423 -14.312 -14.107
1.500 -8.528 -9.051 -10.298 -12.359 -13.081 -13.356 -13.720 -13.619 -13.961 -13.871 -14.098 -14.240 -14.364 -14.421 -14.488 -14.390 -14.194
1.600 -8.379 -8.884 -10.185 -12.303 -13.056 -13.343 -13.724 -13.620 -13.977 -13.885 -14.121 -14.272 -14.405 -14.468 -14.546 -14.460 -14.273
1.700 -8.232 -8.717 -10.072 -12.243 -13.027 -13.327 -13.723 -13.616 -13.989 -13.896 -14.141 -14.300 -14.442 -14.511 -14.600 -14.525 -14.348
1.800 -8.086 -8.549 -9.957 -12.179 -12.993 -13.305 -13.718 -13.608 -13.996 -13.903 -14.155 -14.322 -14.473 -14.548 -14.648 -14.584 -14.416
1.900 -7.942 -8.382 -9.843 -12.114 -12.958 -13.283 -13.712 -13.599 -14.003 -13.910 -14.170 -14.347 -14.507 -14.588 -14.696 -14.636 -14.469
2.000 -7.801 -8.215 -9.729 -12.046 -12.921 -13.258 -13.703 -13.588 -14.007 -13.914 -14.183 -14.368 -14.538 -14.624 -14.740 -14.684 -14.519
2.100 -7.660 -8.045 -9.613 -11.975 -12.879 -13.229 -13.690 -13.573 -14.007 -13.914 -14.191 -14.385 -14.565 -14.657 -14.781 -14.729 -14.565
2.200 -7.521 -7.878 -9.499 -11.903 -12.836 -13.198 -13.675 -13.555 -14.005 -13.912 -14.196 -14.399 -14.588 -14.686 -14.818 -14.771 -14.608
2.300 -7.384 -7.709 -9.383 -11.828 -12.791 -13.164 -13.657 -13.535 -13.999 -13.907 -14.199 -14.410 -14.609 -14.712 -14.853 -14.811 -14.649
2.400 -7.246 -7.538 -9.266 -11.751 -12.742 -13.127 -13.635 -13.512 -13.990 -13.900 -14.198 -14.418 -14.626 -14.735 -14.885 -14.848 -14.688
2.500 -7.112 -7.370 -9.152 -11.673 -12.693 -13.090 -13.612 -13.487 -13.980 -13.891 -14.195 -14.423 -14.641 -14.756 -14.914 -14.883 -14.725
2.600 -6.977 -7.198 -9.034 -11.592 -12.639 -13.048 -13.586 -13.459 -13.965 -13.878 -14.189 -14.426 -14.652 -14.774 -14.940 -14.914 -14.759
2.700 -6.843 -7.026 -8.917 -11.509 -12.585 -13.005 -13.557 -13.430 -13.949 -13.864 -14.181 -14.426 -14.662 -14.789 -14.965 -14.945 -14.792
2.800 -6.709 -6.852 -8.798 -11.424 -12.528 -12.959 -13.526 -13.397 -13.931 -13.847 -14.171 -14.423 -14.669 -14.802 -14.987 -14.973 -14.824
2.900 -6.577 -6.679 -8.681 -11.338 -12.470 -12.913 -13.494 -13.364 -13.911 -13.829 -14.159 -14.419 -14.674 -14.813 -15.007 -15.000 -14.853
3.000 -6.446 -6.504 -8.562 -11.250 -12.410 -12.864 -13.460 -13.329 -13.888 -13.809 -14.144 -14.413 -14.677 -14.822 -15.025 -15.024 -14.880
3.100 -6.315 -6.328 -8.444 -11.160 -12.348 -12.814 -13.424 -13.292 -13.864 -13.788 -14.128 -14.404 -14.678 -14.829 -15.042 -15.047 -14.906
3.200 -6.184 -6.150 -8.324 -11.068 -12.284 -12.761 -13.385 -13.252 -13.837 -13.764 -14.110 -14.394 -14.677 -14.834 -15.056 -15.068 -14.931
3.300 -6.052 -5.969 -8.203 -10.974 -12.217 -12.706 -13.344 -13.211 -13.809 -13.738 -14.089 -14.381 -14.674 -14.836 -15.069 -15.087 -14.954
3.400 -5.923 -5.790 -8.083 -10.879 -12.150 -12.650 -13.302 -13.168 -13.779 -13.712 -14.068 -14.367 -14.669 -14.838 -15.080 -15.106 -14.976
3.500 -5.794 -5.608 -7.962 -10.782 -12.081 -12.592 -13.259 -13.124 -13.747 -13.683 -14.044 -14.351 -14.663 -14.837 -15.089 -15.122 -14.997
3.600 -5.665 -5.425 -7.840 -10.683 -12.010 -12.533 -13.213 -13.078 -13.714 -13.653 -14.019 -14.334 -14.654 -14.835 -15.097 -15.137 -15.016
3.700 -5.535 -5.239 -7.718 -10.582 -11.938 -12.471 -13.166 -13.031 -13.678 -13.622 -13.992 -14.314 -14.644 -14.831 -15.103 -15.151 -15.034
3.800 -5.406 -5.052 -7.595 -10.479 -11.863 -12.408 -13.117 -12.981 -13.641 -13.589 -13.964 -14.293 -14.633 -14.826 -15.108 -15.164 -15.051
3.900 -5.276 -4.863 -7.471 -10.374 -11.787 -12.343 -13.065 -12.930 -13.602 -13.554 -13.933 -14.270 -14.620 -14.819 -15.112 -15.175 -15.067
4.000 -5.149 -4.674 -7.348 -10.269 -11.710 -12.278 -13.014 -12.879 -13.562 -13.518 -13.902 -14.247 -14.605 -14.811 -15.114 -15.185 -15.081
4.100 -5.019 -4.481 -7.223 -10.160 -11.631 -12.210 -12.960 -12.825 -13.520 -13.481 -13.869 -14.221 -14.589 -14.801 -15.114 -15.194 -15.095
4.200 -4.891 -4.287 -7.098 -10.051 -11.550 -12.140 -12.904 -12.769 -13.477 -13.442 -13.834 -14.193 -14.572 -14.790 -15.114 -15.201 -15.107
4.300 -4.762 -4.091 -6.972 -9.939 -11.467 -12.069 -12.847 -12.713 -13.432 -13.402 -13.798 -14.164 -14.553 -14.777 -15.112 -15.208 -15.118
4.400 -4.633 -3.894 -6.846 -9.826 -11.383 -11.997 -12.789 -12.654 -13.386 -13.361 -13.761 -14.134 -14.532 -14.763 -15.109 -15.213 -15.129
4.500 -4.504 -3.692 -6.718 -9.710 -11.297 -11.922 -12.728 -12.594 -13.337 -13.318 -13.721 -14.102 -14.510 -14.748 -15.104 -15.217 -15.138
4.600 -4.375 -3.491 -6.591 -9.593 -11.210 -11.847 -12.666 -12.533 -13.288 -13.274 -13.681 -14.069 -14.487 -14.731 -15.099 -15.221 -15.147
4.700 -4.247 -3.288 -6.464 -9.475 -11.121 -11.770 -12.603 -12.471 -13.238 -13.229 -13.640 -14.035 -14.462 -14.713 -15.092 -15.223 -15.155
4.800 -4.117 -3.081 -6.334 -9.353 -11.030 -11.691 -12.538 -12.407 -13.185 -13.182 -13.596 -13.999 -14.436 -14.694 -15.084 -15.224 -15.161
4.900 -3.988 -2.873 -6.205 -9.231 -10.939 -11.611 -12.472 -12.342 -13.131 -13.134 -13.552 -13.961 -14.409 -14.673 -15.075 -15.224 -15.167
5.000 -3.858 -2.663 -6.076 -9.107 -10.845 -11.529 -12.404 -12.275 -13.076 -13.085 -13.506 -13.923 -14.380 -14.651 -15.064 -15.223 -15.172
5.100 -3.729 -2.450 -5.945 -8.980 -10.750 -11.445 -12.335 -12.207 -13.019 -13.035 -13.459 -13.883 -14.350 -14.628 -15.053 -15.221 -15.176
5.200 -3.598 -2.235 -5.814 -8.852 -10.653 -11.360 -12.264 -12.137 -12.961 -12.983 -13.410 -13.841 -14.319 -14.603 -15.040 -15.218 -15.179
5.300 -3.468 -2.018 -5.682 -8.722 -10.554 -11.274 -12.192 -12.066 -12.901 -12.930 -13.360 -13.798 -14.286 -14.577 -15.026 -15.214 -15.182
5.400 -3.337 -1.799 -5.550 -8.590 -10.455 -11.186 -12.118 -11.994 -12.840 -12.876 -13.309 -13.754 -14.252 -14.551 -15.012 -15.209 -15.184
5.500 -3.207 -1.579 -5.418 -8.457 -10.354 -11.097 -12.043 -11.920 -12.778 -12.821 -13.257 -13.709 -14.217 -14.523 -14.996 -15.204 -15.185
5.600 -3.076 -1.356 -5.285 -8.322 -10.251 -11.006 -11.967 -11.845 -12.714 -12.764 -13.203 -13.661 -14.181 -14.493 -14.979 -15.197 -15.185
5.700 -2.945 -1.132 -5.152 -8.186 -10.147 -10.914 -11.889 -11.769 -12.649 -12.706 -13.148 -13.613 -14.143 -14.463 -14.961 -15.190 -15.184
5.800 -2.814 -0.906 -5.019 -8.048 -10.042 -10.821 -11.810 -11.692 -12.583 -12.648 -13.092 -13.564 -14.104 -14.431 -14.942 -15.181 -15.183
5.900 -2.682 -0.678 -4.885 -7.908 -9.935 -10.726 -11.729 -11.613 -12.515 -12.587 -13.034 -13.513 -14.064 -14.398 -14.922 -15.172 -15.180
6.000 -2.551 -0.449 -4.750 -7.767 -9.827 -10.630 -11.647 -11.533 -12.445 -12.526 -12.975 -13.461 -14.022 -14.364 -14.900 -15.162 -15.177
6.100 -2.418 -0.218 -4.615 -7.624 -9.717 -10.532 -11.563 -11.451 -12.375 -12.463 -12.914 -13.407 -13.979 -14.328 -14.878 -15.150 -15.173
6.200 -2.286 0.013 -4.481 -7.481 -9.606 -10.434 -11.478 -11.368 -12.303 -12.400 -12.853 -13.353 -13.935 -14.291 -14.855 -15.138 -15.169
6.300 -2.154 0.244 -4.346 -7.336 -9.494 -10.334 -11.393 -11.285 -12.230 -12.335 -12.791 -13.297 -13.890 -14.254 -14.830 -15.126 -15.164
6.400 -2.023 0.473 -4.212 -7.191 -9.382 -10.233 -11.306 -11.201 -12.156 -12.270 -12.727 -13.240 -13.844 -14.215 -14.805 -15.112 -15.158
6.500 -1.892 0.703 -4.078 -7.045 -9.269 -10.132 -11.218 -11.115 -12.080 -12.203 -12.662 -13.182 -13.797 -14.175 -14.779 -15.098 -15.152
6.600 -1.760 0.932 -3.944 -6.898 -9.154 -10.028 -11.128 -11.028 -12.004 -12.135 -12.596 -13.122 -13.748 -14.134 -14.752 -15.082 -15.145
6.700 -1.676 1.070 -3.858 -6.805 -9.079 -9.960 -11.068 -10.969 -11.950 -12.086 -12.549 -13.078 -13.711 -14.101 -14.727 -15.064 -15.131
6.800 -1.655 1.091 -3.837 -6.784 -9.058 -9.939 -11.047 -10.948 -11.929 -12.066 -12.528 -13.057 -13.690 -14.080 -14.706 -15.043 -15.110
6.900 -1.633 1.112 -3.816 -6.763 -9.037 -9.918 -11.025 -10.926 -11.908 -12.044 -12.506 -13.036 -13.668 -14.059 -14.684 -15.022 -15.089
7.000 -1.611 1.134 -3.794 -6.741 -9.015 -9.896 -11.004 -10.904 -11.886 -12.022 -12.485 -13.014 -13.647 -14.037 -14.662 -15.000 -15.067
7.100 -1.589 1.156 -3.772 -6.719 -8.993 -9.874 -10.981 -10.882 -11.864 -12.000 -12.462 -12.992 -13.624 -14.015 -14.640 -14.978 -15.045
7.200 -1.567 1.179 -3.749 -6.696 -8.970 -9.851 -10.959 -10.860 -11.841 -11.977 -12.440 -12.969 -13.602 -13.992 -14.617 -14.955 -15.022
7.300 -1.544 1.202 -3.726 -6.673 -8.947 -9.828 -10.936 -10.837 -11.818 -11.955 -12.417 -12.946 -13.579 -13.969 -14.595 -14.932 -14.999
7.400 -1.521 1.225 -3.703 -6.650 -8.924 -9.805 -10.913 -10.814 -11.795 -11.931 -12.394 -12.923 -13.556 -13.946 -14.572 -14.909 -14.976
7.500 -1.497 1.248 -3.680 -6.627 -8.901 -9.782 -10.889 -10.790 -11.772 -11.908 -12.370 -12.900 -13.532 -13.923 -14.548 -14.886 -14.953
7.600 -1.473 1.272 -3.656 -6.603 -8.877 -9.758 -10.866 -10.766 -11.748 -11.884 -12.347 -12.876 -13.508 -13.899 -14.524 -14.862 -14.929
7.700 -1.449 1.297 -3.631 -6.579 -8.852 -9.733 -10.841 -10.742 -11.724 -11.860 -12.322 -12.852 -13.484 -13.874 -14.500 -14.838 -14.905
7.800 -1.424 1.321 -3.607 -6.554 -8.828 -9.709 -10.817 -10.717 -11.699 -11.835 -12.298 -12.827 -13.460 -13.850 -14.475 -14.813 -14.880
7.900 -1.400 1.346 -3.582 -6.530 -8.803 -9.684 -10.792 -10.693 -11.674 -11.811 -12.273 -12.802 -13.435 -13.825 -14.451 -14.788 -14.855
8.000 -1.375 1.371 -3.557 -6.504 -8.778 -9.659 -10.767 -10.668 -11.649 -11.785 -12.248 -12.777 -13.410 -13.800 -14.426 -14.763 -14.830
8.100 -1.349 1.396 -3.532 -6.479 -8.753 -9.634 -10.741 -10.642 -11.624 -11.760 -12.222 -12.752 -13.384 -13.775 -14.400 -14.738 -14.805
8.200 -1.324 1.422 -3.506 -6.453 -8.727 -9.608 -10.716 -10.617 -11.598 -11.734 -12.197 -12.726 -13.359 -13.749 -14.375 -14.712 -14.779
8.300 -1.298 1.448 -3.480 -6.427 -8.701 -9.582 -10.690 -10.591 -11.572 -11.708 -12.171 -12.700 -13.333 -13.723 -14.349 -14.686 -14.753
8.400 -1.271 1.474 -3.454 -6.401 -8.675 -9.556 -10.664 -10.564 -11.546 -11.682 -12.145 -12.674 -13.306 -13.697 -14.322 -14.660 -14.727
8.500 -1.245 1.501 -3.427 -6.375 -8.648 -9.529 -10.637 -10.538 -11.520 -11.656 -12.118 -12.648 -13.280 -13.670 -14.296 -14.634 -14.701
8.600 -1.218 1.527 -3.401 -6.348 -8.622 -9.503 -10.611 -10.511 -11.493 -11.629 -12.092 -12.621 -13.254 -13.644 -14.269 -14.607 -14.674
8.700 -1.192 1.554 -3.374 -6.322 -8.595 -9.476 -10.584 -10.485 -11.466 -11.603 -12.065 -12.594 -13.227 -13.617 -14.243 -14.580 -14.647
8.800 -1.165 1.581 -3.347 -6.295 -8.568 -9.449 -10.557 -10.458 -11.439 -11.576 -12.038 -12.568 -13.200 -13.590 -14.216 -14.553 -14.620
8.900 -1.138 1.608 -3.320 -6.267 -8.541 -9.422 -10.530 -10.431 -11.412 -11.548 -12.011 -12.540 -13.173 -13.563 -14.189 -14.526 -14.593
9.000 -1.110 1.635 -3.293 -6.240 -8.514 -9.395 -10.502 -10.403 -11.385 -11.521 -11.983 -12.513 -13.145 -13.536 -14.161 -14.499 -14.566
9.100 -1.083 1.663 -3.265 -6.212 -8.486 -9.367 -10.475 -10.376 -11.357 -11.493 -11.956 -12.485 -13.118 -13.508 -14.134 -14.471 -14.538
9.200 -1.055 1.691 -3.237 -6.185 -8.458 -9.339 -10.447 -10.348 -11.330 -11.466 -11.928 -12.458 -13.090 -13.480 -14.106 -14.443 -14.510
9.300 -1.027 1.718 -3.209 -6.157 -8.430 -9.311 -10.419 -10.320 -11.302 -11.438 -11.900 -12.430 -13.062 -13.452 -14.078 -14.416 -14.483
9.400 -0.999 1.747 -3.181 -6.129 -8.402 -9.283 -10.391 -10.292 -11.274 -11.410 -11.872 -12.402 -13.034 -13.424 -14.050 -14.388 -14.455
9.500 -0.971 1.775 -3.153 -6.101 -8.374 -9.255 -10.363 -10.264 -11.246 -11.382 -11.844 -12.374 -13.006 -13.396 -14.022 -14.359 -14.426
9.600 -0.943 1.803 -3.125 -6.072 -8.346 -9.227 -10.335 -10.236 -11.217 -11.353 -11.816 -12.345 -12.978 -13.368 -13.994 -14.331 -14.398
9.700 -0.914 1.831 -3.097 -6.044 -8.318 -9.199 -10.306 -10.207 -11.189 -11.325 -11.787 -12.317 -12.949 -13.340 -13.965 -14.303 -14.370
9.800 -0.886 1.860 -3.068 -6.015 -8.289 -9.170 -10.278 -10.179 -11.160 -11.296 -11.759 -12.288 -12.921 -13.311 -13.937 -14.274 -14.341
9.900 -0.857 1.889 -3.039 -5.987 -8.260 -9.141 -10.249 -10.150 -11.132 -11.268 -11.730 -12.260 -12.892 -13.282 -13.908 -14.245 -14.313
10.000 -0.828 1.917 -3.011 -5.958 -8.232 -9.113 -10.221 -10.121 -11.103 -11.239 -11.702 -12.231 -12.863 -13.254 -13.879 -14.217 -14.284
10.100 -0.800 1.946 -2.982 -5.929 -8.203 -9.084 -10.192 -10.093 -11.074 -11.210 -11.673 -12.202 -12.835 -13.225 -13.851 -14.188 -14.255
10.200 -0.771 1.975 -2.953 -5.901 -8.174 -9.055 -10.163 -10.064 -11.046 -11.182 -11.644 -12.174 -12.806 -13.196 -13.822 -14.159 -14.226
10.300 -0.742 2.003 -2.924 -5.872 -8.145 -9.026 -10.134 -10.035 -11.017 -11.153 -11.615 -12.145 -12.777 -13.167 -13.793 -14.131 -14.198
10.400 -0.713 2.032 -2.896 -5.843 -8.117 -8.998 -10.105 -10.006 -10.988 -11.124 -11.586 -12.116 -12.748 -13.139 -13.764 -14.102 -14.169
10.500 -0.684 2.061 -2.867 -5.814 -8.088 -8.969 -10.076 -9.977 -10.959 -11.095 -11.557 -12.087 -12.719 -13.110 -13.735 -14.073 -14.140
10.600 -0.655 2.090 -2.838 -5.785 -8.059 -8.940 -10.047 -9.948 -10.930 -11.066 -11.528 -12.058 -12.690 -13.081 -13.706 -14.044 -14.111
10.700 -0.626 2.119 -2.809 -5.756 -8.030 -8.911 -10.018 -9.919 -10.901 -11.037 -11.499 -12.029 -12.661 -13.052 -13.677 -14.015 -14.082
10.800 -0.597 2.148 -2.780 -5.727 -8.001 -8.882 -9.990 -9.890 -10.872 -11.008 -11.471 -12.000 -12.632 -13.023 -13.648 -13.986 -14.053
10.900 -0.568 2.177 -2.751 -5.698 -7.972 -8.853 -9.961 -9.861 -10.843 -10.979 -11.442 -11.971 -12.603 -12.994 -13.619 -13.957 -14.024
11.000 -0.539 2.206 -2.722 -5.669 -7.943 -8.824 -9.932 -9.832 -10.814 -10.950 -11.413 -11.942 -12.574 -12.965 -13.590 -13.928 -13.995
11.100 -0.510 2.235 -2.693 -5.640 -7.914 -8.795 -9.903 -9.803 -10.785 -10.921 -11.384 -11.913 -12.546 -12.936 -13.561 -13.899 -13.966
11.200 -0.482 2.264 -2.664 -5.611 -7.885 -8.766 -9.874 -9.775 -10.756 -10.892 -11.355 -11.884 -12.517 -12.907 -13.532 -13.870 -13.937
11.300 -0.453 2.293 -2.635 -5.582 -7.856 -8.737 -9.845 -9.746 -10.727 -10.864 -11.326 -11.855 -12.488 -12.878 -13.504 -13.841 -13.908
11.400 -0.424 2.322 -2.606 -5.554 -7.827 -8.708 -9.816 -9.717 -10.698 -10.835 -11.297 -11.827 -12.459 -12.849 -13.475 -13.812 -13.879
11.500 -0.395 2.351 -2.577 -5.525 -7.798 -8.679 -9.787 -9.688 -10.670 -10.806 -11.268 -11.798 -12.430 -12.820 -13.446 -13.784 -13.851
11.600 -0.366 2.379 -2.549 -5.496 -7.770 -8.651 -9.759 -9.659 -10.641 -10.777 -11.240 -11.769 -12.402 -12.792 -13.417 -13.755 -13.822
11.700 -0.338 2.408 -2.520 -5.468 -7.741 -8.622 -9.730 -9.631 -10.612 -10.749 -11.211 -11.741 -12.373 -12.763 -13.389 -13.726 -13.793
11.800 -0.309 2.436 -2.492 -5.439 -7.713 -8.594 -9.702 -9.602 -10.584 -10.720 -11.183 -11.712 -12.344 -12.735 -13.360 -13.698 -13.765
11.900 -0.281 2.465 -2.463 -5.411 -7.684 -8.565 -9.673 -9.574 -10.556 -10.692 -11.154 -11.684 -12.316 -12.706 -13.332 -13.670 -13.737
12.000 -0.253 2.493 -2.435 -5.383 -7.656 -8.537 -9.645 -9.546 -10.527 -10.664 -11.126 -11.655 -12.288 -12.678 -13.304 -13.641 -13.708
12.100 -0.225 2.521 -2.407 -5.354 -7.628 -8.509 -9.617 -9.518 -10.499 -10.635 -11.098 -11.627 -12.260 -12.650 -13.276 -13.613 -13.680
12.200 -0.197 2.549 -2.379 -5.326 -7.600 -8.481 -9.589 -9.490 -10.471 -10.607 -11.070 -11.599 -12.232 -12.622 -13.248 -13.585 -13.652
12.300 -0.169 2.577 -2.351 -5.298 -7.572 -8.453 -9.561 -9.462 -10.443 -10.579 -11.042 -11.571 -12.204 -12.594 -13.220 -13.557 -13.624
12.400 -0.141 2.605 -2.323 -5.271 -7.544 -8.425 -9.533 -9.434 -10.416 -10.552 -11.014 -11.544 -12.176 -12.566 -13.192 -13.529 -13.596
12.500 -0.113 2.632 -2.296 -5.243 -7.517 -8.398 -9.506 -9.406 -10.388 -10.524 -10.987 -11.516 -12.148 -12.539 -13.164 -13.502 -13.569
12.600 -0.086 2.660 -2.268 -5.216 -7.489 -8.370 -9.478 -9.379 -10.360 -10.497 -10.959 -11.489 -12.121 -12.511 -13.137 -13.474 -13.541
12.700 -0.059 2.687 -2.241 -5.188 -7.462 -8.343 -9.451 -9.352 -10.333 -10.469 -10.932 -11.461 -12.094 -12.484 -13.110 -13.447 -13.514
12.800 -0.031 2.714 -2.214 -5.161 -7.435 -8.316 -9.424 -9.324 -10.306 -10.442 -10.905 -11.434 -12.067 -12.457 -13.082 -13.420 -13.487
12.900 -0.005 2.741 -2.187 -5.134 -7.408 -8.289 -9.397 -9.298 -10.279 -10.415 -10.878 -11.407 -12.040 -12.430 -13.055 -13.393 -13.460
13.000 0.022 2.768 -2.160 -5.108 -7.381 -8.262 -9.370 -9.271 -10.252 -10.389 -10.851 -11.380 -12.013 -12.403 -13.029 -13.366 -13.433
13.100 0.049 2.794 -2.134 -5.081 -7.355 -8.236 -9.343 -9.244 -10.226 -10.362 -10.824 -11.354 -11.986 -12.377 -13.002 -13.340 -13.407
13.200 0.075 2.821 -2.107 -5.055 -7.328 -8.209 -9.317 -9.218 -10.200 -10.336 -10.798 -11.328 -11.960 -12.350 -12.976 -13.313 -13.380
13.300 0.101 2.847 -2.081 -5.028 -7.302 -8.183 -9.291 -9.192 -10.173 -10.310 -10.772 -11.301 -11.934 -12.324 -12.950 -13.287 -13.354
13.400 0.127 2.873 -2.055 -5.002 -7.276 -8.157 -9.265 -9.166 -10.147 -10.284 -10.746 -11.275 -11.908 -12.298 -12.924 -13.261 -13.328
13.500 0.153 2.899 -2.029 -4.977 -7.250 -8.131 -9.239 -9.140 -10.122 -10.258 -10.720 -11.250 -11.882 -12.272 -12.898 -13.236 -13.303
13.600 0.179 2.924 -2.004 -4.951 -7.225 -8.106 -9.214 -9.114 -10.096 -10.232 -10.695 -11.224 -11.857 -12.247 -12.872 -13.210 -13.277
13.700 0.204 2.949 -1.979 -4.926 -7.200 -8.081 -9.188 -9.089 -10.071 -10.207 -10.669 -11.199 -11.831 -12.222 -12.847 -13.185 -13.252
13.800 0.229 2.974 -1.954 -4.901 -7.175 -8.056 -9.163 -9.064 -10.046 -10.182 -10.644 -11.174 -11.806 -12.197 -12.822 -13.160 -13.227
13.900 0.254 2.999 -1.929 -4.876 -7.150 -8.031 -9.139 -9.039 -10.021 -10.157 -10.620 -11.149 -11.781 -12.172 -12.797 -13.135 -13.202
14.000 0.278 3.024 -1.904 -4.852 -7.125 -8.006 -9.114 -9.015 -9.996 -10.133 -10.595 -11.125 -11.757 -12.147 -12.773 -13.110 -13.177
14.100 0.302 3.048 -1.880 -4.827 -7.101 -7.982 -9.090 -8.991 -9.972 -10.108 -10.571 -11.100 -11.733 -12.123 -12.748 -13.086 -13.153
14.200 0.327 3.072 -1.856 -4.803 -7.077 -7.958 -9.066 -8.966 -9.948 -10.084 -10.547 -11.076 -11.709 -12.099 -12.724 -13.062 -13.129
14.300 0.350 3.096 -1.832 -4.779 -7.053 -7.934 -9.042 -8.943 -9.924 -10.060 -10.523 -11.052 -11.685 -12.075 -12.701 -13.038 -13.105
14.400 0.374 3.120 -1.808 -4.756 -7.029 -7.910 -9.018 -8.919 -9.901 -10.037 -10.499 -11.029 -11.661 -12.051 -12.677 -13.014 -13.082
14.500 0.397 3.143 -1.785 -4.732 -7.006 -7.887 -8.995 -8.896 -9.877 -10.013 -10.476 -11.005 -11.638 -12.028 -12.654 -12.991 -13.058
14.600 0.420 3.166 -1.762 -4.709 -6.983 -7.864 -8.972 -8.873 -9.854 -9.990 -10.453 -10.982 -11.615 -12.005 -12.631 -12.968 -13.035
14.700 0.443 3.189 -1.739 -4.687 -6.960 -7.841 -8.949 -8.850 -9.831 -9.968 -10.430 -10.959 -11.592 -11.982 -12.608 -12.945 -13.012
14.800 0.466 3.211 -1.717 -4.664 -6.938 -7.819 -8.926 -8.827 -9.809 -9.945 -10.407 -10.937 -11.569 -11.960 -12.585 -12.923 -12.990
14.900 0.488 3.234 -1.694 -4.642 -6.915 -7.796 -8.904 -8.805 -9.787 -9.923 -10.385 -10.915 -11.547 -11.937 -12.563 -12.900 -12.967
15.000 0.510 3.256 -1.672 -4.620 -6.893 -7.774 -8.882 -8.783 -9.765 -9.901 -10.363 -10.893 -11.525 -11.915 -12.541 -12.878 -12.945
