# day W2 M2 W1 u B g V c r w o i z y J H K
0.000 -6.737 -6.631 -6.481 -5.863 -5.561 -5.409 -5.142 -5.246 -4.916 -5.068 -4.789 -4.536 -4.247 -4.021 -3.559 -2.951 -2.384
0.100 -9.159 -9.646 -10.139 -11.140 -11.363 -11.427 -11.492 -11.466 -11.495 -11.465 -11.486 -11.430 -11.327 -11.221 -10.968 -10.547 -10.106
0.200 -8.592 -9.158 -9.924 -11.378 -11.793 -11.936 -12.116 -12.056 -12.204 -12.136 -12.242 -12.255 -12.219 -12.158 -11.981 -11.626 -11.230
0.300 -8.071 -8.643 -9.619 -11.366 -11.921 -12.123 -12.384 -12.303 -12.535 -12.448 -12.608 -12.670 -12.685 -12.657 -12.538 -12.232 -11.869
0.400 -7.620 -8.165 -9.318 -11.281 -11.948 -12.198 -12.523 -12.428 -12.725 -12.629 -12.829 -12.929 -12.986 -12.985 -12.914 -12.649 -12.313
0.500 -7.213 -7.711 -9.022 -11.156 -11.921 -12.211 -12.592 -12.486 -12.838 -12.737 -12.968 -13.102 -13.195 -13.219 -13.189 -12.960 -12.649
0.600 -6.852 -7.290 -8.745 -11.018 -11.868 -12.195 -12.623 -12.509 -12.908 -12.806 -13.063 -13.225 -13.351 -13.396 -13.403 -13.208 -12.918
0.700 -6.524 -6.893 -8.484 -10.871 -11.799 -12.158 -12.629 -12.509 -12.948 -12.848 -13.126 -13.314 -13.469 -13.534 -13.576 -13.410 -13.140
0.800 -6.224 -6.519 -8.236 -10.720 -11.719 -12.108 -12.617 -12.493 -12.969 -12.872 -13.168 -13.378 -13.561 -13.644 -13.719 -13.581 -13.329
0.900 -5.950 -6.166 -8.004 -10.570 -11.635 -12.050 -12.595 -12.467 -12.976 -12.883 -13.195 -13.426 -13.634 -13.734 -13.839 -13.727 -13.493
1.000 -5.694 -5.827 -7.780 -10.416 -11.542 -11.983 -12.561 -12.430 -12.970 -12.882 -13.208 -13.458 -13.690 -13.806 -13.940 -13.853 -13.636
1.100 -5.455 -5.503 -7.568 -10.264 -11.448 -11.913 -12.520 -12.387 -12.955 -12.874 -13.212 -13.480 -13.735 -13.866 -14.027 -13.964 -13.763
1.200 -5.234 -5.197 -7.369 -10.117 -11.354 -11.840 -12.476 -12.342 -12.936 -12.860 -13.210 -13.494 -13.770 -13.916 -14.103 -14.063 -13.877
1.300 -5.023 -4.900 -7.175 -9.967 -11.256 -11.763 -12.426 -12.291 -12.909 -12.840 -13.199 -13.500 -13.796 -13.956 -14.169 -14.150 -13.979
1.400 -4.827 -4.617 -6.993 -9.823 -11.159 -11.687 -12.374 -12.239 -12.879 -12.818 -13.186 -13.501 -13.817 -13.990 -14.226 -14.229 -14.072
1.500 -4.639 -4.343 -6.817 -9.680 -11.062 -11.608 -12.319 -12.184 -12.845 -12.792 -13.167 -13.496 -13.831 -14.017 -14.277 -14.300 -14.157
1.600 -4.462 -4.081 -6.649 -9.539 -10.964 -11.529 -12.262 -12.127 -12.808 -12.762 -13.145 -13.487 -13.839 -14.038 -14.320 -14.364 -14.234
1.700 -4.294 -3.828 -6.488 -9.402 -10.869 -11.451 -12.205 -12.070 -12.770 -12.732 -13.122 -13.476 -13.845 -14.056 -14.360 -14.422 -14.306
1.800 -4.132 -3.583 -6.332 -9.267 -10.773 -11.370 -12.145 -12.011 -12.729 -12.699 -13.094 -13.460 -13.846 -14.068 -14.393 -14.475 -14.371
1.900 -3.977 -3.345 -6.181 -9.133 -10.678 -11.290 -12.084 -11.951 -12.685 -12.664 -13.065 -13.441 -13.844 -14.077 -14.423 -14.523 -14.432
2.000 -3.830 -3.115 -6.037 -9.004 -10.585 -11.212 -12.024 -11.892 -12.642 -12.629 -13.034 -13.422 -13.839 -14.083 -14.450 -14.567 -14.488
2.100 -3.687 -2.893 -5.897 -8.876 -10.492 -11.133 -11.962 -11.831 -12.597 -12.591 -13.002 -13.399 -13.831 -14.086 -14.472 -14.607 -14.540
2.200 -3.550 -2.675 -5.761 -8.751 -10.400 -11.055 -11.900 -11.770 -12.550 -12.553 -12.967 -13.374 -13.821 -14.086 -14.491 -14.643 -14.589
2.300 -3.418 -2.465 -5.630 -8.629 -10.310 -10.978 -11.839 -11.711 -12.504 -12.514 -12.933 -13.349 -13.810 -14.085 -14.508 -14.677 -14.634
2.400 -3.289 -2.258 -5.502 -8.508 -10.220 -10.900 -11.777 -11.650 -12.456 -12.475 -12.897 -13.322 -13.796 -14.081 -14.522 -14.708 -14.676
2.500 -3.167 -2.060 -5.380 -8.392 -10.133 -10.825 -11.716 -11.590 -12.409 -12.435 -12.861 -13.294 -13.781 -14.075 -14.534 -14.736 -14.716
2.600 -3.045 -1.861 -5.259 -8.275 -10.045 -10.748 -11.654 -11.529 -12.360 -12.394 -12.823 -13.264 -13.764 -14.067 -14.543 -14.761 -14.752
2.700 -2.928 -1.669 -5.141 -8.161 -9.959 -10.674 -11.593 -11.470 -12.312 -12.353 -12.785 -13.234 -13.746 -14.057 -14.551 -14.784 -14.786
2.800 -2.829 -1.486 -5.042 -8.064 -9.893 -10.618 -11.550 -11.428 -12.280 -12.328 -12.763 -13.217 -13.738 -14.056 -14.560 -14.803 -14.811
2.900 -2.749 -1.318 -4.960 -7.985 -9.843 -10.580 -11.523 -11.403 -12.263 -12.316 -12.753 -13.212 -13.740 -14.062 -14.572 -14.818 -14.828
3.000 -2.668 -1.150 -4.879 -7.904 -9.793 -10.540 -11.495 -11.376 -12.245 -12.303 -12.742 -13.206 -13.740 -14.066 -14.582 -14.832 -14.845
3.100 -2.591 -0.986 -4.800 -7.826 -9.743 -10.500 -11.467 -11.349 -12.227 -12.289 -12.730 -13.199 -13.739 -14.069 -14.591 -14.846 -14.861
3.200 -2.516 -0.825 -4.723 -7.748 -9.693 -10.460 -11.438 -11.321 -12.207 -12.274 -12.717 -13.190 -13.737 -14.070 -14.599 -14.858 -14.875
3.300 -2.443 -0.667 -4.648 -7.672 -9.644 -10.420 -11.409 -11.293 -12.187 -12.259 -12.703 -13.181 -13.734 -14.071 -14.605 -14.869 -14.889
3.400 -2.373 -0.515 -4.577 -7.597 -9.596 -10.381 -11.380 -11.265 -12.166 -12.243 -12.689 -13.171 -13.729 -14.070 -14.611 -14.879 -14.902
3.500 -2.303 -0.364 -4.505 -7.523 -9.547 -10.341 -11.350 -11.236 -12.145 -12.226 -12.674 -13.160 -13.724 -14.069 -14.616 -14.888 -14.914
3.600 -2.236 -0.218 -4.437 -7.450 -9.499 -10.302 -11.320 -11.207 -12.123 -12.209 -12.658 -13.148 -13.718 -14.067 -14.619 -14.897 -14.925
3.700 -2.170 -0.073 -4.369 -7.378 -9.451 -10.262 -11.289 -11.177 -12.100 -12.190 -12.641 -13.135 -13.711 -14.063 -14.622 -14.905 -14.936
3.800 -2.105 0.068 -4.302 -7.306 -9.402 -10.221 -11.258 -11.147 -12.076 -12.171 -12.624 -13.121 -13.703 -14.059 -14.624 -14.911 -14.945
3.900 -2.043 0.202 -4.238 -7.237 -9.355 -10.182 -11.227 -11.117 -12.053 -12.152 -12.606 -13.107 -13.694 -14.054 -14.625 -14.917 -14.955
4.000 -1.981 0.334 -4.175 -7.168 -9.308 -10.142 -11.195 -11.087 -12.028 -12.132 -12.587 -13.092 -13.685 -14.048 -14.625 -14.923 -14.963
4.100 -1.920 0.464 -4.112 -7.100 -9.260 -10.101 -11.162 -11.055 -12.003 -12.111 -12.567 -13.076 -13.674 -14.041 -14.625 -14.927 -14.971
4.200 -1.861 0.588 -4.051 -7.033 -9.212 -10.060 -11.130 -11.024 -11.977 -12.090 -12.547 -13.059 -13.663 -14.033 -14.623 -14.931 -14.978
4.300 -1.802 0.709 -3.990 -6.966 -9.165 -10.019 -11.097 -10.992 -11.951 -12.068 -12.526 -13.042 -13.651 -14.025 -14.621 -14.934 -14.985
4.400 -1.744 0.826 -3.931 -6.900 -9.117 -9.978 -11.063 -10.959 -11.924 -12.045 -12.504 -13.023 -13.638 -14.015 -14.618 -14.937 -14.991
4.500 -1.687 0.938 -3.873 -6.836 -9.070 -9.937 -11.029 -10.927 -11.896 -12.022 -12.482 -13.004 -13.624 -14.005 -14.615 -14.939 -14.996
4.600 -1.632 1.045 -3.816 -6.772 -9.023 -9.896 -10.995 -10.894 -11.868 -11.998 -12.460 -12.985 -13.609 -13.994 -14.610 -14.940 -15.001
4.700 -1.576 1.150 -3.759 -6.709 -8.976 -9.855 -10.960 -10.860 -11.839 -11.974 -12.436 -12.964 -13.594 -13.983 -14.605 -14.940 -15.006
4.800 -1.550 1.195 -3.733 -6.680 -8.954 -9.835 -10.943 -10.843 -11.825 -11.961 -12.424 -12.953 -13.586 -13.976 -14.601 -14.939 -15.006
4.900 -1.548 1.198 -3.730 -6.678 -8.951 -9.832 -10.940 -10.841 -11.823 -11.959 -12.421 -12.951 -13.583 -13.973 -14.599 -14.936 -15.003
5.000 -1.545 1.201 -3.727 -6.675 -8.948 -9.829 -10.937 -10.838 -11.820 -11.956 -12.418 -12.948 -13.580 -13.970 -14.596 -14.933 -15.000
5.100 -1.541 1.204 -3.724 -6.671 -8.945 -9.826 -10.934 -10.834 -11.816 -11.952 -12.415 -12.944 -13.576 -13.967 -14.592 -14.930 -14.997
5.200 -1.537 1.208 -3.720 -6.667 -8.941 -9.822 -10.930 -10.830 -11.812 -11.948 -12.411 -12.940 -13.573 -13.963 -14.588 -14.926 -14.993
5.300 -1.533 1.212 -3.716 -6.663 -8.937 -9.818 -10.925 -10.826 -11.808 -11.944 -12.406 -12.936 -13.568 -13.959 -14.584 -14.922 -14.989
5.400 -1.528 1.217 -3.711 -6.658 -8.932 -9.813 -10.921 -10.821 -11.803 -11.939 -12.402 -12.931 -13.563 -13.954 -14.579 -14.917 -14.984
5.500 -1.523 1.223 -3.705 -6.653 -8.926 -9.807 -10.915 -10.816 -11.798 -11.934 -12.396 -12.926 -13.558 -13.948 -14.574 -14.912 -14.979
5.600 -1.517 1.228 -3.700 -6.647 -8.921 -9.802 -10.910 -10.810 -11.792 -11.928 -12.391 -12.920 -13.552 -13.943 -14.568 -14.906 -14.973
5.700 -1.511 1.234 -3.694 -6.641 -8.915 -9.796 -10.904 -10.804 -11.786 -11.922 -12.385 -12.914 -13.547 -13.937 -14.562 -14.900 -14.967
5.800 -1.505 1.241 -3.687 -6.635 -8.908 -9.789 -10.897 -10.798 -11.780 -11.916 -12.378 -12.908 -13.540 -13.930 -14.556 -14.893 -14.961
5.900 -1.498 1.247 -3.681 -6.628 -8.902 -9.783 -10.890 -10.791 -11.773 -11.909 -12.371 -12.901 -13.533 -13.924 -14.549 -14.887 -14.954
6.000 -1.491 1.255 -3.673 -6.621 -8.894 -9.775 -10.883 -10.784 -11.766 -11.902 -12.364 -12.894 -13.526 -13.916 -14.542 -14.879 -14.946
6.100 -1.483 1.262 -3.666 -6.613 -8.887 -9.768 -10.876 -10.776 -11.758 -11.894 -12.357 -12.886 -13.518 -13.909 -14.534 -14.872 -14.939
6.200 -1.476 1.270 -3.658 -6.605 -8.879 -9.760 -10.868 -10.769 -11.750 -11.886 -12.349 -12.878 -13.511 -13.901 -14.526 -14.864 -14.931
6.300 -1.467 1.278 -3.650 -6.597 -8.871 -9.752 -10.860 -10.760 -11.742 -11.878 -12.341 -12.870 -13.502 -13.893 -14.518 -14.856 -14.923
6.400 -1.459 1.287 -3.641 -6.588 -8.862 -9.743 -10.851 -10.752 -11.733 -11.869 -12.332 -12.861 -13.494 -13.884 -14.509 -14.847 -14.914
6.500 -1.450 1.296 -3.632 -6.579 -8.853 -9.734 -10.842 -10.742 -11.724 -11.860 -12.323 -12.852 -13.485 -13.875 -14.500 -14.838 -14.905
6.600 -1.440 1.305 -3.623 -6.570 -8.844 -9.725 -10.832 -10.733 -11.715 -11.851 -12.313 -12.843 -13.475 -13.866 -14.491 -14.829 -14.896
6.700 -1.431 1.315 -3.613 -6.560 -8.834 -9.715 -10.823 -10.724 -11.705 -11.841 -12.304 -12.833 -13.466 -13.856 -14.482 -14.819 -14.886
6.800 -1.421 1.325 -3.603 -6.550 -8.824 -9.705 -10.813 -10.713 -11.695 -11.831 -12.294 -12.823 -13.456 -13.846 -14.471 -14.809 -14.876
6.900 -1.410 1.335 -3.593 -6.540 -8.814 -9.695 -10.802 -10.703 -11.685 -11.821 -12.283 -12.813 -13.445 -13.836 -14.461 -14.799 -14.866
7.000 -1.399 1.346 -3.582 -6.529 -8.803 -9.684 -10.792 -10.692 -11.674 -11.810 -12.273 -12.802 -13.435 -13.825 -14.450 -14.788 -14.855
7.100 -1.388 1.357 -3.571 -6.518 -8.792 -9.673 -10.781 -10.681 -11.663 -11.799 -12.262 -12.791 -13.424 -13.814 -14.439 -14.777 -14.844
7.200 -1.377 1.368 -3.560 -6.507 -8.781 -9.662 -10.770 -10.670 -11.652 -11.788 -12.251 -12.780 -13.412 -13.803 -14.428 -14.766 -14.833
7.300 -1.366 1.380 -3.548 -6.496 -8.769 -9.650 -10.758 -10.659 -11.640 -11.777 -12.239 -12.769 -13.401 -13.791 -14.417 -14.754 -14.821
7.400 -1.354 1.392 -3.536 -6.484 -8.757 -9.638 -10.746 -10.647 -11.629 -11.765 -12.227 -12.757 -13.389 -13.779 -14.405 -14.742 -14.809
7.500 -1.342 1.404 -3.524 -6.471 -8.745 -9.626 -10.734 -10.635 -11.616 -11.753 -12.215 -12.744 -13.377 -13.767 -14.393 -14.730 -14.797
7.600 -1.329 1.416 -3.512 -6.459 -8.733 -9.614 -10.721 -10.622 -11.604 -11.740 -12.202 -12.732 -13.364 -13.755 -14.380 -14.718 -14.785
7.700 -1.316 1.429 -3.499 -6.446 -8.720 -9.601 -10.709 -10.609 -11.591 -11.727 -12.190 -12.719 -13.352 -13.742 -14.367 -14.705 -14.772
7.800 -1.303 1.442 -3.486 -6.433 -8.707 -9.588 -10.696 -10.596 -11.578 -11.714 -12.177 -12.706 -13.339 -13.729 -14.354 -14.692 -14.759
7.900 -1.290 1.455 -3.473 -6.420 -8.694 -9.575 -10.682 -10.583 -11.565 -11.701 -12.163 -12.693 -13.325 -13.716 -14.341 -14.679 -14.746
8.000 -1.277 1.469 -3.459 -6.406 -8.680 -9.561 -10.669 -10.570 -11.551 -11.687 -12.150 -12.679 -13.312 -13.702 -14.327 -14.665 -14.732
8.100 -1.263 1.483 -3.445 -6.392 -8.666 -9.547 -10.655 -10.556 -11.537 -11.673 -12.136 -12.665 -13.298 -13.688 -14.314 -14.651 -14.718
8.200 -1.249 1.497 -3.431 -6.378 -8.652 -9.533 -10.641 -10.542 -11.523 -11.659 -12.122 -12.651 -13.284 -13.674 -14.299 -14.637 -14.704
8.300 -1.234 1.511 -3.417 -6.364 -8.638 -9.519 -10.626 -10.527 -11.509 -11.645 -12.107 -12.637 -13.269 -13.660 -14.285 -14.623 -14.690
8.400 -1.220 1.526 -3.402 -6.349 -8.623 -9.504 -10.612 -10.513 -11.494 -11.630 -12.093 -12.622 -13.255 -13.645 -14.271 -14.608 -14.675
8.500 -1.205 1.541 -3.387 -6.335 -8.608 -9.489 -10.597 -10.498 -11.480 -11.616 -12.078 -12.608 -13.240 -13.630 -14.256 -14.593 -14.660
8.600 -1.190 1.556 -3.372 -6.320 -8.593 -9.474 -10.582 -10.483 -11.464 -11.601 -12.063 -12.592 -13.225 -13.615 -14.241 -14.578 -14.645
8.700 -1.174 1.571 -3.357 -6.304 -8.578 -9.459 -10.567 -10.467 -11.449 -11.585 -12.048 -12.577 -13.209 -13.600 -14.225 -14.563 -14.630
8.800 -1.159 1.587 -3.341 -6.289 -8.562 -9.443 -10.551 -10.452 -11.433 -11.570 -12.032 -12.561 -13.194 -13.584 -14.210 -14.547 -14.614
8.900 -1.143 1.603 -3.325 -6.273 -8.546 -9.427 -10.535 -10.436 -11.418 -11.554 -12.016 -12.546 -13.178 -13.568 -14.194 -14.531 -14.598
9.000 -1.127 1.619 -3.309 -6.257 -8.530 -9.411 -10.519 -10.420 -11.402 -11.538 -12.000 -12.530 -13.162 -13.552 -14.178 -14.515 -14.583
9.100 -1.111 1.635 -3.293 -6.240 -8.514 -9.395 -10.503 -10.404 -11.385 -11.522 -11.984 -12.513 -13.146 -13.536 -14.162 -14.499 -14.566
9.200 -1.094 1.651 -3.277 -6.224 -8.498 -9.379 -10.487 -10.387 -11.369 -11.505 -11.968 -12.497 -13.129 -13.520 -14.145 -14.483 -14.550
9.300 -1.078 1.668 -3.260 -6.207 -8.481 -9.362 -10.470 -10.371 -11.352 -11.488 -11.951 -12.480 -13.113 -13.503 -14.128 -14.466 -14.533
9.400 -1.061 1.685 -3.243 -6.190 -8.464 -9.345 -10.453 -10.354 -11.335 -11.471 -11.934 -12.463 -13.096 -13.486 -14.112 -14.449 -14.516
9.500 -1.044 1.702 -3.226 -6.173 -8.447 -9.328 -10.436 -10.337 -11.318 -11.454 -11.917 -12.446 -13.079 -13.469 -14.094 -14.432 -14.499
9.600 -1.026 1.719 -3.209 -6.156 -8.430 -9.311 -10.419 -10.319 -11.301 -11.437 -11.900 -12.429 -13.061 -13.452 -14.077 -14.415 -14.482
9.700 -1.009 1.737 -3.191 -6.139 -8.412 -9.293 -10.401 -10.302 -11.284 -11.420 -11.882 -12.412 -13.044 -13.434 -14.060 -14.397 -14.464
9.800 -0.991 1.754 -3.174 -6.121 -8.395 -9.276 -10.384 -10.284 -11.266 -11.402 -11.865 -12.394 -13.026 -13.417 -14.042 -14.380 -14.447
9.900 -0.974 1.772 -3.156 -6.103 -8.377 -9.258 -10.366 -10.267 -11.248 -11.384 -11.847 -12.376 -13.009 -13.399 -14.024 -14.362 -14.429
10.000 -0.956 1.790 -3.138 -6.085 -8.359 -9.240 -10.348 -10.249 -11.230 -11.366 -11.829 -12.358 -12.991 -13.381 -14.006 -14.344 -14.411
10.100 -0.937 1.808 -3.120 -6.067 -8.341 -9.222 -10.330 -10.230 -11.212 -11.348 -11.811 -12.340 -12.972 -13.363 -13.988 -14.326 -14.393
10.200 -0.919 1.827 -3.101 -6.049 -8.322 -9.203 -10.311 -10.212 -11.194 -11.330 -11.792 -12.322 -12.954 -13.344 -13.970 -14.308 -14.375
10.300 -0.901 1.845 -3.083 -6.030 -8.304 -9.185 -10.293 -10.194 -11.175 -11.311 -11.774 -12.303 -12.936 -13.326 -13.951 -14.289 -14.356
10.400 -0.882 1.864 -3.064 -6.012 -8.285 -9.166 -10.274 -10.175 -11.157 -11.293 -11.755 -12.285 -12.917 -13.307 -13.933 -14.270 -14.337
10.500 -0.863 1.882 -3.046 -5.993 -8.267 -9.148 -10.255 -10.156 -11.138 -11.274 -11.736 -12.266 -12.898 -13.289 -13.914 -14.252 -14.319
10.600 -0.844 1.901 -3.027 -5.974 -8.248 -9.129 -10.237 -10.137 -11.119 -11.255 -11.718 -12.247 -12.879 -13.270 -13.895 -14.233 -14.300
10.700 -0.825 1.920 -3.008 -5.955 -8.229 -9.110 -10.218 -10.118 -11.100 -11.236 -11.699 -12.228 -12.860 -13.251 -13.876 -14.214 -14.281
10.800 -0.806 1.939 -2.988 -5.936 -8.209 -9.090 -10.198 -10.099 -11.081 -11.217 -11.679 -12.209 -12.841 -13.231 -13.857 -14.195 -14.262
10.900 -0.787 1.959 -2.969 -5.917 -8.190 -9.071 -10.179 -10.080 -11.061 -11.198 -11.660 -12.189 -12.822 -13.212 -13.838 -14.175 -14.242
11.000 -0.767 1.978 -2.950 -5.897 -8.171 -9.052 -10.160 -10.060 -11.042 -11.178 -11.641 -12.170 -12.802 -13.193 -13.818 -14.156 -14.223
11.100 -0.748 1.998 -2.930 -5.878 -8.151 -9.032 -10.140 -10.041 -11.022 -11.159 -11.621 -12.150 -12.783 -13.173 -13.799 -14.136 -14.203
11.200 -0.728 2.017 -2.911 -5.858 -8.132 -9.013 -10.120 -10.021 -11.003 -11.139 -11.601 -12.131 -12.763 -13.154 -13.779 -14.117 -14.184
11.300 -0.708 2.037 -2.891 -5.838 -8.112 -8.993 -10.101 -10.001 -10.983 -11.119 -11.582 -12.111 -12.744 -13.134 -13.759 -14.097 -14.164
11.400 -0.689 2.057 -2.871 -5.818 -8.092 -8.973 -10.081 -9.982 -10.963 -11.100 -11.562 -12.091 -12.724 -13.114 -13.740 -14.077 -14.144
11.500 -0.669 2.077 -2.851 -5.799 -8.072 -8.953 -10.061 -9.962 -10.944 -11.080 -11.542 -12.072 -12.704 -13.094 -13.720 -14.057 -14.124
11.600 -0.649 2.097 -2.831 -5.779 -8.052 -8.933 -10.041 -9.942 -10.924 -11.060 -11.522 -12.052 -12.684 -13.074 -13.700 -14.037 -14.104
11.700 -0.629 2.117 -2.811 -5.759 -8.032 -8.913 -10.021 -9.922 -10.904 -11.040 -11.502 -12.032 -12.664 -13.054 -13.680 -14.017 -14.084
11.800 -0.609 2.137 -2.791 -5.739 -8.012 -8.893 -10.001 -9.902 -10.883 -11.020 -11.482 -12.011 -12.644 -13.034 -13.660 -13.997 -14.064
11.900 -0.589 2.157 -2.771 -5.718 -7.992 -8.873 -9.981 -9.882 -10.863 -10.999 -11.462 -11.991 -12.624 -13.014 -13.639 -13.977 -14.044
12.000 -0.568 2.177 -2.751 -5.698 -7.972 -8.853 -9.961 -9.861 -10.843 -10.979 -11.442 -11.971 -12.603 -12.994 -13.619 -13.957 -14.024
12.100 -0.548 2.198 -2.730 -5.678 -7.951 -8.832 -9.940 -9.841 -10.823 -10.959 -11.421 -11.951 -12.583 -12.973 -13.599 -13.936 -14.004
12.200 -0.528 2.218 -2.710 -5.657 -7.931 -8.812 -9.920 -9.821 -10.802 -10.939 -11.401 -11.930 -12.563 -12.953 -13.579 -13.916 -13.983
12.300 -0.507 2.238 -2.690 -5.637 -7.911 -8.792 -9.900 -9.800 -10.782 -10.918 -11.381 -11.910 -12.542 -12.933 -13.558 -13.896 -13.963
12.400 -0.487 2.259 -2.669 -5.617 -7.890 -8.771 -9.879 -9.780 -10.762 -10.898 -11.360 -11.890 -12.522 -12.912 -13.538 -13.875 -13.943
12.500 -0.467 2.279 -2.649 -5.596 -7.870 -8.751 -9.859 -9.760 -10.741 -10.877 -11.340 -11.869 -12.502 -12.892 -13.518 -13.855 -13.922
12.600 -0.446 2.299 -2.629 -5.576 -7.849 -8.730 -9.838 -9.739 -10.721 -10.857 -11.319 -11.849 -12.481 -12.871 -13.497 -13.835 -13.902
12.700 -0.426 2.320 -2.608 -5.555 -7.829 -8.710 -9.818 -9.719 -10.700 -10.836 -11.299 -11.828 -12.461 -12.851 -13.477 -13.814 -13.881
12.800 -0.405 2.340 -2.588 -5.535 -7.809 -8.690 -9.797 -9.698 -10.680 -10.816 -11.278 -11.808 -12.440 -12.831 -13.456 -13.794 -13.861
12.900 -0.385 2.361 -2.567 -5.515 -7.788 -8.669 -9.777 -9.678 -10.659 -10.796 -11.258 -11.787 -12.420 -12.810 -13.436 -13.773 -13.840
13.000 -0.364 2.381 -2.547 -5.494 -7.768 -8.649 -9.757 -9.657 -10.639 -10.775 -11.238 -11.767 -12.399 -12.790 -13.415 -13.753 -13.820
13.100 -0.344 2.402 -2.526 -5.474 -7.747 -8.628 -9.736 -9.637 -10.619 -10.755 -11.217 -11.747 -12.379 -12.769 -13.395 -13.732 -13.799
13.200 -0.324 2.422 -2.506 -5.453 -7.727 -8.608 -9.716 -9.617 -10.598 -10.734 -11.197 -11.726 -12.359 -12.749 -13.374 -13.712 -13.779
13.300 -0.303 2.442 -2.486 -5.433 -7.707 -8.588 -9.695 -9.596 -10.578 -10.714 -11.176 -11.706 -12.338 -12.729 -13.354 -13.692 -13.759
13.400 -0.283 2.463 -2.465 -5.413 -7.686 -8.567 -9.675 -9.576 -10.558 -10.694 -11.156 -11.686 -12.318 -12.708 -13.334 -13.671 -13.738
13.500 -0.263 2.483 -2.445 -5.392 -7.666 -8.547 -9.655 -9.556 -10.537 -10.673 -11.136 -11.665 -12.298 -12.688 -13.314 -13.651 -13.718
13.600 -0.242 2.503 -2.425 -5.372 -7.646 -8.527 -9.635 -9.535 -10.517 -10.653 -11.116 -11.645 -12.277 -12.668 -13.293 -13.631 -13.698
13.700 -0.222 2.523 -2.405 -5.352 -7.626 -8.507 -9.614 -9.515 -10.497 -10.633 -11.095 -11.625 -12.257 -12.648 -13.273 -13.611 -13.678
13.800 -0.202 2.544 -2.384 -5.332 -7.605 -8.486 -9.594 -9.495 -10.477 -10.613 -11.075 -11.605 -12.237 -12.627 -13.253 -13.591 -13.658
13.900 -0.182 2.564 -2.364 -5.312 -7.585 -8.466 -9.574 -9.475 -10.457 -10.593 -11.055 -11.585 -12.217 -12.607 -13.233 -13.570 -13.637
14.000 -0.162 2.584 -2.344 -5.292 -7.565 -8.446 -9.554 -9.455 -10.437 -10.573 -11.035 -11.565 -12.197 -12.587 -13.213 -13.550 -13.617
14.100 -0.142 2.604 -2.324 -5.272 -7.545 -8.426 -9.534 -9.435 -10.417 -10.553 -11.015 -11.545 -12.177 -12.567 -13.193 -13.530 -13.597
14.200 -0.122 2.623 -2.304 -5.252 -7.525 -8.406 -9.514 -9.415 -10.397 -10.533 -10.995 -11.525 -12.157 -12.547 -13.173 -13.511 -13.578
14.300 -0.102 2.643 -2.285 -5.232 -7.506 -8.387 -9.495 -9.395 -10.377 -10.513 -10.976 -11.505 -12.137 -12.528 -13.153 -13.491 -13.558
14.400 -0.083 2.663 -2.265 -5.212 -7.486 -8.367 -9.475 -9.376 -10.357 -10.493 -10.956 -11.485 -12.118 -12.508 -13.134 -13.471 -13.538
14.500 -0.063 2.682 -2.245 -5.193 -7.466 -8.347 -9.455 -9.356 -10.338 -10.474 -10.936 -11.466 -12.098 -12.488 -13.114 -13.452 -13.519
14.600 -0.044 2.702 -2.226 -5.173 -7.447 -8.328 -9.436 -9.337 -10.318 -10.454 -10.917 -11.446 -12.079 -12.469 -13.095 -13.432 -13.499
14.700 -0.024 2.721 -2.207 -5.154 -7.428 -8.309 -9.416 -9.317 -10.299 -10.435 -10.897 -11.427 -12.059 -12.450 -13.075 -13.413 -13.480
14.800 -0.005 2.741 -2.187 -5.135 -7.408 -8.289 -9.397 -9.298 -10.280 -10.416 -10.878 -11.408 -12.040 -12.430 -13.056 -13.393 -13.460
14.900 0.014 2.760 -2.168 -5.116 -7.389 -8.270 -9.378 -9.279 -10.260 -10.397 -10.859 -11.388 -12.021 -12.411 -13.037 -13.374 -13.441
15.000 0.033 2.779 -2.149 -5.096 -7.370 -8.251 -9.359 -9.260 -10.241 -10.378 -10.840 -11.369 -12.002 -12.392 -13.018 -13.355 -13.422
