# day W2 M2 W1 u B g V c r w o i z y J H K
0.000 -6.795 -6.685 -6.534 -5.909 -5.605 -5.453 -5.185 -5.290 -4.958 -5.111 -4.831 -4.577 -4.287 -4.061 -3.598 -2.990 -2.422
0.100 -9.497 -9.950 -10.384 -11.290 -11.484 -11.536 -11.586 -11.566 -11.580 -11.556 -11.565 -11.502 -11.392 -11.282 -11.022 -10.595 -10.151
0.200 -9.041 -9.581 -10.252 -11.577 -11.947 -12.074 -12.232 -12.178 -12.305 -12.244 -12.335 -12.337 -12.292 -12.225 -12.039 -11.676 -11.276
0.300 -8.598 -9.163 -10.012 -11.607 -12.104 -12.284 -12.518 -12.444 -12.650 -12.570 -12.713 -12.762 -12.765 -12.729 -12.598 -12.284 -11.915
0.400 -8.195 -8.757 -9.756 -11.553 -12.152 -12.375 -12.669 -12.581 -12.848 -12.758 -12.940 -13.026 -13.069 -13.059 -12.974 -12.700 -12.358
0.500 -7.827 -8.369 -9.501 -11.458 -12.144 -12.405 -12.749 -12.651 -12.969 -12.874 -13.086 -13.203 -13.281 -13.294 -13.250 -13.011 -12.693
0.600 -7.490 -8.000 -9.253 -11.343 -12.106 -12.400 -12.788 -12.682 -13.044 -12.946 -13.184 -13.328 -13.437 -13.471 -13.463 -13.256 -12.960
0.700 -7.182 -7.652 -9.018 -11.220 -12.052 -12.375 -12.803 -12.690 -13.091 -12.993 -13.252 -13.420 -13.557 -13.610 -13.636 -13.458 -13.181
0.800 -6.896 -7.320 -8.792 -11.091 -11.986 -12.336 -12.799 -12.682 -13.117 -13.021 -13.298 -13.488 -13.650 -13.721 -13.777 -13.627 -13.368
0.900 -6.622 -6.994 -8.569 -10.954 -11.908 -12.283 -12.779 -12.658 -13.125 -13.031 -13.324 -13.534 -13.721 -13.808 -13.895 -13.770 -13.529
1.000 -6.364 -6.680 -8.355 -10.815 -11.823 -12.221 -12.748 -12.623 -13.120 -13.030 -13.336 -13.565 -13.774 -13.878 -13.992 -13.893 -13.669
1.100 -6.129 -6.386 -8.156 -10.682 -11.742 -12.161 -12.715 -12.588 -13.111 -13.025 -13.344 -13.589 -13.820 -13.938 -14.079 -14.003 -13.794
1.200 -5.890 -6.082 -7.949 -10.535 -11.645 -12.085 -12.667 -12.538 -13.086 -13.005 -13.335 -13.597 -13.849 -13.981 -14.148 -14.095 -13.903
1.300 -5.679 -5.807 -7.765 -10.403 -11.559 -12.018 -12.624 -12.493 -13.064 -12.989 -13.329 -13.605 -13.876 -14.021 -14.213 -14.181 -14.004
1.400 -5.461 -5.518 -7.569 -10.257 -11.458 -11.936 -12.566 -12.434 -13.028 -12.958 -13.308 -13.599 -13.889 -14.048 -14.263 -14.254 -14.091
1.500 -5.263 -5.249 -7.391 -10.122 -11.366 -11.861 -12.514 -12.381 -12.995 -12.932 -13.289 -13.594 -13.902 -14.073 -14.311 -14.322 -14.174
1.600 -5.065 -4.977 -7.210 -9.980 -11.266 -11.779 -12.452 -12.320 -12.953 -12.896 -13.262 -13.579 -13.904 -14.088 -14.349 -14.380 -14.246
1.700 -4.865 -4.698 -7.025 -9.832 -11.160 -11.690 -12.386 -12.252 -12.905 -12.855 -13.228 -13.558 -13.901 -14.096 -14.380 -14.432 -14.312
1.800 -4.689 -4.446 -6.860 -9.698 -11.065 -11.611 -12.325 -12.192 -12.862 -12.819 -13.198 -13.540 -13.898 -14.105 -14.410 -14.481 -14.374
1.900 -4.506 -4.181 -6.687 -9.555 -10.960 -11.522 -12.256 -12.123 -12.810 -12.774 -13.160 -13.512 -13.887 -14.105 -14.432 -14.522 -14.429
2.000 -4.318 -3.907 -6.508 -9.404 -10.849 -11.427 -12.181 -12.048 -12.753 -12.725 -13.116 -13.480 -13.871 -14.100 -14.448 -14.558 -14.478
2.100 -4.152 -3.659 -6.349 -9.267 -10.750 -11.342 -12.114 -11.982 -12.702 -12.681 -13.077 -13.451 -13.857 -14.097 -14.465 -14.593 -14.526
2.200 -3.982 -3.402 -6.184 -9.124 -10.643 -11.250 -12.040 -11.908 -12.644 -12.630 -13.032 -13.416 -13.837 -14.087 -14.475 -14.621 -14.568
2.300 -3.805 -3.133 -6.012 -8.971 -10.529 -11.150 -11.959 -11.828 -12.580 -12.574 -12.980 -13.374 -13.810 -14.072 -14.480 -14.645 -14.604
2.400 -3.636 -2.870 -5.846 -8.822 -10.417 -11.054 -11.880 -11.750 -12.517 -12.519 -12.930 -13.334 -13.784 -14.056 -14.484 -14.667 -14.640
2.500 -3.480 -2.618 -5.693 -8.683 -10.317 -10.968 -11.812 -11.683 -12.465 -12.474 -12.889 -13.302 -13.765 -14.046 -14.488 -14.685 -14.666
2.600 -3.331 -2.361 -5.545 -8.548 -10.225 -10.892 -11.754 -11.627 -12.423 -12.439 -12.859 -13.280 -13.754 -14.041 -14.493 -14.696 -14.680
2.700 -3.178 -2.096 -5.393 -8.406 -10.127 -10.810 -11.692 -11.565 -12.376 -12.400 -12.823 -13.253 -13.738 -14.031 -14.494 -14.704 -14.692
2.800 -3.026 -1.826 -5.240 -8.261 -10.026 -10.726 -11.626 -11.501 -12.327 -12.358 -12.786 -13.224 -13.720 -14.020 -14.494 -14.711 -14.704
2.900 -2.888 -1.576 -5.102 -8.128 -9.934 -10.649 -11.567 -11.443 -12.282 -12.321 -12.752 -13.197 -13.704 -14.011 -14.494 -14.719 -14.715
3.000 -2.747 -1.318 -4.960 -7.989 -9.837 -10.567 -11.503 -11.380 -12.233 -12.279 -12.713 -13.167 -13.683 -13.997 -14.491 -14.723 -14.724
3.100 -2.604 -1.053 -4.815 -7.845 -9.735 -10.481 -11.434 -11.313 -12.179 -12.233 -12.671 -13.132 -13.659 -13.979 -14.484 -14.724 -14.730
3.200 -2.460 -0.782 -4.668 -7.697 -9.630 -10.391 -11.362 -11.243 -12.122 -12.184 -12.625 -13.093 -13.631 -13.958 -14.475 -14.723 -14.734
3.300 -2.317 -0.511 -4.522 -7.548 -9.524 -10.300 -11.288 -11.171 -12.063 -12.133 -12.577 -13.053 -13.602 -13.936 -14.464 -14.722 -14.737
3.400 -2.185 -0.257 -4.388 -7.409 -9.425 -10.215 -11.219 -11.104 -12.008 -12.086 -12.533 -13.015 -13.575 -13.915 -14.454 -14.720 -14.741
3.500 -2.053 -0.000 -4.253 -7.266 -9.322 -10.126 -11.146 -11.033 -11.949 -12.035 -12.484 -12.974 -13.543 -13.891 -14.441 -14.716 -14.742
3.600 -1.920 0.256 -4.117 -7.123 -9.217 -10.035 -11.070 -10.959 -11.887 -11.981 -12.433 -12.929 -13.509 -13.863 -14.425 -14.710 -14.742
3.700 -1.787 0.512 -3.981 -6.977 -9.110 -9.941 -10.992 -10.883 -11.822 -11.924 -12.378 -12.882 -13.472 -13.833 -14.407 -14.701 -14.739
3.800 -1.656 0.764 -3.847 -6.832 -9.002 -9.846 -10.911 -10.805 -11.755 -11.865 -12.322 -12.832 -13.432 -13.800 -14.386 -14.690 -14.735
3.900 -1.527 1.007 -3.715 -6.688 -8.894 -9.750 -10.830 -10.726 -11.686 -11.805 -12.264 -12.780 -13.391 -13.766 -14.364 -14.679 -14.730
4.000 -1.408 1.226 -3.593 -6.555 -8.792 -9.660 -10.753 -10.651 -11.621 -11.748 -12.208 -12.730 -13.351 -13.733 -14.343 -14.667 -14.726
4.100 -1.290 1.436 -3.472 -6.423 -8.690 -9.568 -10.673 -10.573 -11.553 -11.687 -12.149 -12.677 -13.307 -13.696 -14.319 -14.654 -14.719
4.200 -1.247 1.499 -3.429 -6.377 -8.650 -9.531 -10.639 -10.540 -11.522 -11.658 -12.120 -12.650 -13.282 -13.672 -14.298 -14.635 -14.702
4.300 -1.226 1.520 -3.408 -6.356 -8.629 -9.510 -10.618 -10.519 -11.500 -11.637 -12.099 -12.628 -13.261 -13.651 -14.277 -14.614 -14.681
4.400 -1.203 1.542 -3.386 -6.333 -8.607 -9.488 -10.596 -10.496 -11.478 -11.614 -12.077 -12.606 -13.238 -13.629 -14.254 -14.592 -14.659
4.500 -1.180 1.566 -3.362 -6.310 -8.583 -9.464 -10.572 -10.473 -11.454 -11.591 -12.053 -12.583 -13.215 -13.605 -14.231 -14.568 -14.635
4.600 -1.156 1.590 -3.338 -6.285 -8.559 -9.440 -10.548 -10.449 -11.430 -11.567 -12.029 -12.558 -13.191 -13.581 -14.207 -14.544 -14.611
4.700 -1.132 1.613 -3.315 -6.262 -8.536 -9.417 -10.525 -10.425 -11.407 -11.543 -12.006 -12.535 -13.167 -13.558 -14.183 -14.521 -14.588
4.800 -1.107 1.638 -3.290 -6.237 -8.511 -9.392 -10.500 -10.400 -11.382 -11.518 -11.981 -12.510 -13.142 -13.533 -14.158 -14.496 -14.563
4.900 -1.081 1.665 -3.263 -6.211 -8.484 -9.365 -10.473 -10.374 -11.356 -11.492 -11.954 -12.484 -13.116 -13.506 -14.132 -14.470 -14.537
5.000 -1.054 1.692 -3.236 -6.183 -8.457 -9.338 -10.446 -10.347 -11.328 -11.464 -11.927 -12.456 -13.089 -13.479 -14.105 -14.442 -14.509
5.100 -1.025 1.721 -3.207 -6.155 -8.428 -9.309 -10.417 -10.318 -11.299 -11.436 -11.898 -12.428 -13.060 -13.450 -14.076 -14.413 -14.480
5.200 -0.995 1.750 -3.178 -6.125 -8.399 -9.280 -10.387 -10.288 -11.270 -11.406 -11.868 -12.398 -13.030 -13.421 -14.046 -14.384 -14.451
5.300 -0.965 1.781 -3.147 -6.094 -8.368 -9.249 -10.357 -10.258 -11.239 -11.375 -11.838 -12.367 -13.000 -13.390 -14.016 -14.353 -14.420
5.400 -0.934 1.812 -3.116 -6.063 -8.337 -9.218 -10.326 -10.227 -11.208 -11.344 -11.807 -12.336 -12.969 -13.359 -13.985 -14.322 -14.389
5.500 -0.903 1.843 -3.085 -6.033 -8.306 -9.187 -10.295 -10.196 -11.177 -11.314 -11.776 -12.306 -12.938 -13.328 -13.954 -14.291 -14.358
5.600 -0.871 1.874 -3.054 -6.001 -8.275 -9.156 -10.264 -10.164 -11.146 -11.282 -11.745 -12.274 -12.906 -13.297 -13.922 -14.260 -14.327
5.700 -0.839 1.907 -3.021 -5.968 -8.242 -9.123 -10.231 -10.132 -11.113 -11.249 -11.712 -12.241 -12.874 -13.264 -13.890 -14.227 -14.294
5.800 -0.805 1.940 -2.988 -5.935 -8.209 -9.090 -10.198 -10.098 -11.080 -11.216 -11.679 -12.208 -12.840 -13.231 -13.856 -14.194 -14.261
5.900 -0.771 1.974 -2.953 -5.901 -8.174 -9.055 -10.163 -10.064 -11.046 -11.182 -11.644 -12.174 -12.806 -13.196 -13.822 -14.160 -14.227
6.000 -0.736 2.010 -2.918 -5.866 -8.139 -9.020 -10.128 -10.029 -11.011 -11.147 -11.609 -12.139 -12.771 -13.161 -13.787 -14.125 -14.192
6.100 -0.700 2.045 -2.883 -5.830 -8.104 -8.985 -10.093 -9.993 -10.975 -11.111 -11.574 -12.103 -12.735 -13.126 -13.751 -14.089 -14.156
6.200 -0.664 2.082 -2.846 -5.794 -8.067 -8.948 -10.056 -9.957 -10.939 -11.075 -11.537 -12.067 -12.699 -13.089 -13.715 -14.053 -14.120
6.300 -0.627 2.118 -2.810 -5.757 -8.031 -8.912 -10.020 -9.920 -10.902 -11.038 -11.501 -12.030 -12.662 -13.053 -13.678 -14.016 -14.083
6.400 -0.590 2.155 -2.773 -5.720 -7.994 -8.875 -9.983 -9.883 -10.865 -11.001 -11.464 -11.993 -12.625 -13.016 -13.641 -13.979 -14.046
6.500 -0.553 2.192 -2.736 -5.683 -7.957 -8.838 -9.946 -9.846 -10.828 -10.964 -11.427 -11.956 -12.589 -12.979 -13.604 -13.942 -14.009
6.600 -0.516 2.229 -2.699 -5.646 -7.920 -8.801 -9.908 -9.809 -10.791 -10.927 -11.389 -11.919 -12.551 -12.942 -13.567 -13.905 -13.972
6.700 -0.478 2.267 -2.661 -5.608 -7.882 -8.763 -9.871 -9.771 -10.753 -10.889 -11.352 -11.881 -12.514 -12.904 -13.529 -13.867 -13.934
6.800 -0.440 2.305 -2.623 -5.570 -7.844 -8.725 -9.832 -9.733 -10.715 -10.851 -11.313 -11.843 -12.475 -12.866 -13.491 -13.829 -13.896
6.900 -0.402 2.344 -2.584 -5.531 -7.805 -8.686 -9.794 -9.695 -10.676 -10.812 -11.275 -11.804 -12.437 -12.827 -13.453 -13.790 -13.857
7.000 -0.363 2.383 -2.545 -5.492 -7.766 -8.647 -9.755 -9.656 -10.637 -10.773 -11.236 -11.765 -12.398 -12.788 -13.414 -13.751 -13.818
7.100 -0.323 2.422 -2.506 -5.453 -7.727 -8.608 -9.715 -9.616 -10.598 -10.734 -11.196 -11.726 -12.358 -12.749 -13.374 -13.712 -13.779
7.200 -0.284 2.462 -2.466 -5.413 -7.687 -8.568 -9.676 -9.577 -10.558 -10.695 -11.157 -11.686 -12.319 -12.709 -13.335 -13.672 -13.739
7.300 -0.244 2.502 -2.426 -5.374 -7.647 -8.528 -9.636 -9.537 -10.519 -10.655 -11.117 -11.647 -12.279 -12.669 -13.295 -13.633 -13.700
7.400 -0.204 2.541 -2.387 -5.334 -7.608 -8.489 -9.597 -9.497 -10.479 -10.615 -11.078 -11.607 -12.239 -12.630 -13.255 -13.593 -13.660
7.500 -0.165 2.581 -2.347 -5.294 -7.568 -8.449 -9.557 -9.458 -10.439 -10.575 -11.038 -11.567 -12.200 -12.590 -13.216 -13.553 -13.620
7.600 -0.125 2.620 -2.307 -5.255 -7.528 -8.409 -9.517 -9.418 -10.400 -10.536 -10.998 -11.528 -12.160 -12.550 -13.176 -13.514 -13.581
7.700 -0.086 2.660 -2.268 -5.216 -7.489 -8.370 -9.478 -9.379 -10.360 -10.497 -10.959 -11.489 -12.121 -12.511 -13.137 -13.474 -13.541
7.800 -0.047 2.699 -2.229 -5.176 -7.450 -8.331 -9.439 -9.340 -10.321 -10.457 -10.920 -11.449 -12.082 -12.472 -13.097 -13.435 -13.502
7.900 -0.007 2.738 -2.190 -5.137 -7.411 -8.292 -9.399 -9.300 -10.282 -10.418 -10.880 -11.410 -12.042 -12.433 -13.058 -13.396 -13.463
8.000 0.032 2.778 -2.150 -5.098 -7.371 -8.252 -9.360 -9.261 -10.243 -10.379 -10.841 -11.371 -12.003 -12.393 -13.019 -13.357 -13.424
8.100 0.071 2.817 -2.111 -5.059 -7.332 -8.213 -9.321 -9.222 -10.204 -10.340 -10.802 -11.332 -11.964 -12.354 -12.980 -13.317 -13.384
8.200 0.110 2.856 -2.072 -5.020 -7.293 -8.174 -9.282 -9.183 -10.165 -10.301 -10.763 -11.293 -11.925 -12.315 -12.941 -13.279 -13.346
8.300 0.149 2.894 -2.034 -4.981 -7.255 -8.136 -9.243 -9.144 -10.126 -10.262 -10.724 -11.254 -11.886 -12.277 -12.902 -13.240 -13.307
8.400 0.187 2.933 -1.995 -4.942 -7.216 -8.097 -9.205 -9.106 -10.087 -10.223 -10.686 -11.215 -11.848 -12.238 -12.864 -13.201 -13.268
8.500 0.226 2.971 -1.957 -4.904 -7.178 -8.059 -9.167 -9.067 -10.049 -10.185 -10.648 -11.177 -11.810 -12.200 -12.825 -13.163 -13.230
8.600 0.263 3.009 -1.919 -4.866 -7.140 -8.021 -9.129 -9.030 -10.011 -10.147 -10.610 -11.139 -11.772 -12.162 -12.788 -13.125 -13.192
8.700 0.301 3.047 -1.881 -4.829 -7.102 -7.983 -9.091 -8.992 -9.974 -10.110 -10.572 -11.102 -11.734 -12.124 -12.750 -13.088 -13.155
8.800 0.338 3.084 -1.844 -4.792 -7.065 -7.946 -9.054 -8.955 -9.937 -10.073 -10.535 -11.065 -11.697 -12.087 -12.713 -13.051 -13.118
8.900 0.375 3.120 -1.808 -4.755 -7.029 -7.910 -9.018 -8.918 -9.900 -10.036 -10.499 -11.028 -11.660 -12.051 -12.676 -13.014 -13.081
9.000 0.411 3.156 -1.772 -4.719 -6.993 -7.874 -8.982 -8.882 -9.864 -10.000 -10.463 -10.992 -11.624 -12.015 -12.640 -12.978 -13.045
9.100 0.446 3.192 -1.736 -4.684 -6.957 -7.838 -8.946 -8.847 -9.828 -9.965 -10.427 -10.956 -11.589 -11.979 -12.605 -12.942 -13.009
9.200 0.481 3.227 -1.701 -4.648 -6.922 -7.803 -8.911 -8.812 -9.793 -9.929 -10.392 -10.921 -11.554 -11.944 -12.570 -12.907 -12.974
9.300 0.516 3.262 -1.666 -4.614 -6.887 -7.768 -8.876 -8.777 -9.759 -9.895 -10.357 -10.887 -11.519 -11.909 -12.535 -12.873 -12.940
9.400 0.550 3.296 -1.632 -4.580 -6.853 -7.734 -8.842 -8.743 -9.724 -9.861 -10.323 -10.853 -11.485 -11.875 -12.501 -12.838 -12.905
9.500 0.584 3.329 -1.599 -4.546 -6.820 -7.701 -8.808 -8.709 -9.691 -9.827 -10.289 -10.819 -11.451 -11.842 -12.467 -12.805 -12.872
9.600 0.617 3.362 -1.565 -4.513 -6.786 -7.667 -8.775 -8.676 -9.658 -9.794 -10.256 -10.786 -11.418 -11.808 -12.434 -12.772 -12.839
9.700 0.650 3.395 -1.533 -4.480 -6.754 -7.635 -8.743 -8.643 -9.625 -9.761 -10.224 -10.753 -11.386 -11.776 -12.401 -12.739 -12.806
9.800 0.682 3.427 -1.501 -4.448 -6.722 -7.603 -8.711 -8.611 -9.593 -9.729 -10.192 -10.721 -11.354 -11.744 -12.369 -12.707 -12.774
9.900 0.713 3.459 -1.469 -4.417 -6.690 -7.571 -8.679 -8.580 -9.562 -9.698 -10.160 -10.690 -11.322 -11.712 -12.338 -12.675 -12.743
10.000 0.744 3.489 -1.438 -4.386 -6.659 -7.540 -8.648 -8.549 -9.531 -9.667 -10.129 -10.659 -11.291 -11.681 -12.307 -12.645 -12.712
10.100 0.774 3.520 -1.408 -4.356 -6.629 -7.510 -8.618 -8.519 -9.500 -9.637 -10.099 -10.628 -11.261 -11.651 -12.277 -12.614 -12.681
10.200 0.804 3.550 -1.378 -4.326 -6.599 -7.480 -8.588 -8.489 -9.471 -9.607 -10.069 -10.599 -11.231 -11.621 -12.247 -12.585 -12.652
10.300 0.833 3.579 -1.349 -4.297 -6.570 -7.451 -8.559 -8.460 -9.441 -9.578 -10.040 -10.570 -11.202 -11.592 -12.218 -12.555 -12.622
10.400 0.862 3.607 -1.321 -4.268 -6.542 -7.423 -8.531 -8.431 -9.413 -9.549 -10.012 -10.541 -11.173 -11.564 -12.189 -12.527 -12.594
10.500 0.890 3.635 -1.293 -4.240 -6.514 -7.395 -8.503 -8.403 -9.385 -9.521 -9.984 -10.513 -11.145 -11.536 -12.161 -12.499 -12.566
10.600 0.917 3.663 -1.265 -4.213 -6.486 -7.367 -8.475 -8.376 -9.357 -9.494 -9.956 -10.486 -11.118 -11.508 -12.134 -12.471 -12.538
10.700 0.944 3.690 -1.238 -4.186 -6.459 -7.340 -8.448 -8.349 -9.331 -9.467 -9.929 -10.459 -11.091 -11.481 -12.107 -12.445 -12.512
10.800 0.970 3.716 -1.212 -4.159 -6.433 -7.314 -8.422 -8.323 -9.304 -9.441 -9.903 -10.432 -11.065 -11.455 -12.081 -12.418 -12.485
10.900 0.996 3.742 -1.186 -4.134 -6.407 -7.288 -8.396 -8.297 -9.279 -9.415 -9.877 -10.407 -11.039 -11.429 -12.055 -12.392 -12.459
11.000 1.021 3.767 -1.161 -4.108 -6.382 -7.263 -8.371 -8.272 -9.253 -9.389 -9.852 -10.381 -11.014 -11.404 -12.030 -12.367 -12.434
11.100 1.046 3.792 -1.136 -4.084 -6.357 -7.238 -8.346 -8.247 -9.228 -9.365 -9.827 -10.357 -10.989 -11.379 -12.005 -12.342 -12.409
11.200 1.070 3.816 -1.112 -4.059 -6.333 -7.214 -8.322 -8.223 -9.204 -9.340 -9.803 -10.332 -10.965 -11.355 -11.980 -12.318 -12.385
11.300 1.094 3.840 -1.088 -4.036 -6.309 -7.190 -8.298 -8.199 -9.180 -9.317 -9.779 -10.308 -10.941 -11.331 -11.957 -12.294 -12.361
11.400 1.118 3.863 -1.065 -4.012 -6.286 -7.167 -8.275 -8.175 -9.157 -9.293 -9.756 -10.285 -10.918 -11.308 -11.933 -12.271 -12.338
11.500 1.140 3.886 -1.042 -3.989 -6.263 -7.144 -8.252 -8.153 -9.134 -9.270 -9.733 -10.262 -10.895 -11.285 -11.910 -12.248 -12.315
11.600 1.163 3.908 -1.020 -3.967 -6.240 -7.121 -8.229 -8.130 -9.112 -9.248 -9.710 -10.240 -10.872 -11.262 -11.888 -12.226 -12.293
11.700 1.185 3.930 -0.998 -3.945 -6.218 -7.099 -8.207 -8.108 -9.090 -9.226 -9.688 -10.218 -10.850 -11.240 -11.866 -12.204 -12.271
11.800 1.206 3.952 -0.976 -3.923 -6.197 -7.078 -8.186 -8.087 -9.068 -9.204 -9.667 -10.196 -10.829 -11.219 -11.844 -12.182 -12.249
11.900 1.228 3.973 -0.955 -3.902 -6.176 -7.057 -8.165 -8.065 -9.047 -9.183 -9.646 -10.175 -10.807 -11.198 -11.823 -12.161 -12.228
12.000 1.248 3.994 -0.934 -3.881 -6.155 -7.036 -8.144 -8.045 -9.026 -9.162 -9.625 -10.154 -10.787 -11.177 -11.803 -12.140 -12.207
12.100 1.269 4.014 -0.914 -3.861 -6.135 -7.016 -8.123 -8.024 -9.006 -9.142 -9.604 -10.134 -10.766 -11.157 -11.782 -12.120 -12.187
12.200 1.289 4.034 -0.894 -3.841 -6.115 -6.996 -8.103 -8.004 -8.986 -9.122 -9.584 -10.114 -10.746 -11.137 -11.762 -12.100 -12.167
12.300 1.309 4.054 -0.874 -3.821 -6.095 -6.976 -8.084 -7.984 -8.966 -9.102 -9.565 -10.094 -10.727 -11.117 -11.742 -12.080 -12.147
12.400 1.328 4.073 -0.854 -3.802 -6.075 -6.956 -8.064 -7.965 -8.947 -9.083 -9.545 -10.075 -10.707 -11.097 -11.723 -12.061 -12.128
12.500 1.347 4.093 -0.835 -3.783 -6.056 -6.937 -8.045 -7.946 -8.928 -9.064 -9.526 -10.056 -10.688 -11.078 -11.704 -12.042 -12.109
12.600 1.366 4.111 -0.817 -3.764 -6.038 -6.919 -8.027 -7.927 -8.909 -9.045 -9.508 -10.037 -10.669 -11.060 -11.685 -12.023 -12.090
12.700 1.384 4.130 -0.798 -3.746 -6.019 -6.900 -8.008 -7.909 -8.891 -9.027 -9.489 -10.019 -10.651 -11.041 -11.667 -12.004 -12.071
12.800 1.402 4.148 -0.780 -3.728 -6.001 -6.882 -7.990 -7.891 -8.872 -9.009 -9.471 -10.000 -10.633 -11.023 -11.649 -11.986 -12.053
12.900 1.420 4.166 -0.762 -3.710 -5.983 -6.864 -7.972 -7.873 -8.855 -8.991 -9.453 -9.983 -10.615 -11.005 -11.631 -11.968 -12.035
13.000 1.438 4.183 -0.745 -3.692 -5.966 -6.847 -7.955 -7.855 -8.837 -8.973 -9.436 -9.965 -10.597 -10.988 -11.613 -11.951 -12.018
13.100 1.455 4.201 -0.727 -3.675 -5.948 -6.829 -7.937 -7.838 -8.820 -8.956 -9.418 -9.948 -10.580 -10.970 -11.596 -11.933 -12.001
13.200 1.472 4.218 -0.710 -3.658 -5.931 -6.812 -7.920 -7.821 -8.803 -8.939 -9.401 -9.931 -10.563 -10.953 -11.579 -11.916 -11.983
13.300 1.489 4.235 -0.693 -3.641 -5.914 -6.795 -7.903 -7.804 -8.786 -8.922 -9.384 -9.914 -10.546 -10.936 -11.562 -11.900 -11.967
13.400 1.506 4.251 -0.677 -3.624 -5.898 -6.779 -7.887 -7.787 -8.769 -8.905 -9.368 -9.897 -10.529 -10.920 -11.545 -11.883 -11.950
13.500 1.522 4.268 -0.660 -3.608 -5.881 -6.762 -7.870 -7.771 -8.753 -8.889 -9.351 -9.881 -10.513 -10.903 -11.529 -11.866 -11.933
13.600 1.538 4.284 -0.644 -3.591 -5.865 -6.746 -7.854 -7.755 -8.736 -8.873 -9.335 -9.864 -10.497 -10.887 -11.513 -11.850 -11.917
13.700 1.554 4.300 -0.628 -3.575 -5.849 -6.730 -7.838 -7.739 -8.720 -8.857 -9.319 -9.848 -10.481 -10.871 -11.497 -11.834 -11.901
13.800 1.570 4.316 -0.612 -3.560 -5.833 -6.714 -7.822 -7.723 -8.704 -8.841 -9.303 -9.833 -10.465 -10.855 -11.481 -11.818 -11.885
13.900 1.586 4.331 -0.597 -3.544 -5.818 -6.699 -7.806 -7.707 -8.689 -8.825 -9.287 -9.817 -10.449 -10.840 -11.465 -11.803 -11.870
14.000 1.601 4.347 -0.581 -3.528 -5.802 -6.683 -7.791 -7.692 -8.673 -8.810 -9.272 -9.801 -10.434 -10.824 -11.450 -11.787 -11.854
14.100 1.617 4.362 -0.566 -3.513 -5.787 -6.668 -7.776 -7.676 -8.658 -8.794 -9.257 -9.786 -10.419 -10.809 -11.434 -11.772 -11.839
14.200 1.632 4.377 -0.551 -3.498 -5.772 -6.653 -7.761 -7.661 -8.643 -8.779 -9.242 -9.771 -10.403 -10.794 -11.419 -11.757 -11.824
14.300 1.647 4.392 -0.536 -3.483 -5.757 -6.638 -7.746 -7.646 -8.628 -8.764 -9.227 -9.756 -10.388 -10.779 -11.404 -11.742 -11.809
14.400 1.661 4.407 -0.521 -3.468 -5.742 -6.623 -7.731 -7.632 -8.613 -8.749 -9.212 -9.741 -10.374 -10.764 -11.389 -11.727 -11.794
14.500 1.676 4.422 -0.506 -3.454 -5.727 -6.608 -7.716 -7.617 -8.599 -8.735 -9.197 -9.727 -10.359 -10.749 -11.375 -11.712 -11.779
14.600 1.691 4.436 -0.492 -3.439 -5.713 -6.594 -7.702 -7.602 -8.584 -8.720 -9.183 -9.712 -10.344 -10.735 -11.360 -11.698 -11.765
14.700 1.705 4.451 -0.477 -3.425 -5.698 -6.579 -7.687 -7.588 -8.570 -8.706 -9.168 -9.698 -10.330 -10.720 -11.346 -11.684 -11.751
14.800 1.719 4.465 -0.463 -3.411 -5.684 -6.565 -7.673 -7.574 -8.555 -8.692 -9.154 -9.683 -10.316 -10.706 -11.332 -11.669 -11.736
14.900 1.733 4.479 -0.449 -3.396 -5.670 -6.551 -7.659 -7.560 -8.541 -8.677 -9.140 -9.669 -10.302 -10.692 -11.318 -11.655 -11.722
15.000 1.747 4.493 -0.435 -3.382 -5.656 -6.537 -7.645 -7.546 -8.527 -8.663 -9.126 -9.655 -10.288 -10.678 -11.304 -11.641 -11.708
