# day W2 M2 W1 u B g V c r w o i z y J H K
0.000 -6.745 -6.635 -6.484 -5.863 -5.560 -5.409 -5.142 -5.246 -4.917 -5.069 -4.790 -4.538 -4.249 -4.023 -3.562 -2.955 -2.388
0.100 -10.576 -10.867 -11.070 -11.538 -11.611 -11.622 -11.617 -11.616 -11.580 -11.581 -11.553 -11.472 -11.351 -11.236 -10.972 -10.545 -10.104
0.200 -10.594 -10.991 -11.331 -12.079 -12.249 -12.302 -12.363 -12.341 -12.377 -12.353 -12.381 -12.347 -12.275 -12.194 -11.994 -11.627 -11.228
0.300 -10.452 -10.914 -11.364 -12.315 -12.556 -12.638 -12.743 -12.707 -12.791 -12.752 -12.815 -12.811 -12.773 -12.716 -12.561 -12.236 -11.867
0.400 -10.276 -10.782 -11.327 -12.440 -12.741 -12.847 -12.986 -12.940 -13.061 -13.012 -13.101 -13.119 -13.106 -13.068 -12.947 -12.656 -12.311
0.500 -10.079 -10.615 -11.247 -12.500 -12.854 -12.982 -13.151 -13.097 -13.248 -13.192 -13.302 -13.339 -13.347 -13.324 -13.233 -12.971 -12.647
0.600 -9.882 -10.438 -11.149 -12.526 -12.928 -13.076 -13.272 -13.210 -13.389 -13.326 -13.455 -13.508 -13.534 -13.524 -13.458 -13.222 -12.917
0.700 -9.687 -10.255 -11.041 -12.528 -12.976 -13.142 -13.362 -13.294 -13.498 -13.430 -13.574 -13.642 -13.684 -13.686 -13.642 -13.428 -13.140
0.800 -9.496 -10.071 -10.927 -12.513 -13.004 -13.187 -13.431 -13.357 -13.584 -13.511 -13.670 -13.750 -13.808 -13.819 -13.796 -13.603 -13.330
0.900 -9.307 -9.883 -10.807 -12.485 -13.017 -13.217 -13.483 -13.403 -13.652 -13.575 -13.747 -13.840 -13.911 -13.932 -13.928 -13.753 -13.495
1.000 -9.112 -9.684 -10.675 -12.440 -13.013 -13.229 -13.516 -13.432 -13.701 -13.621 -13.807 -13.911 -13.995 -14.025 -14.039 -13.882 -13.638
1.100 -8.930 -9.495 -10.550 -12.394 -13.005 -13.236 -13.544 -13.454 -13.744 -13.661 -13.858 -13.973 -14.069 -14.108 -14.137 -13.997 -13.766
1.200 -8.742 -9.297 -10.416 -12.335 -12.984 -13.230 -13.558 -13.465 -13.773 -13.688 -13.897 -14.023 -14.131 -14.178 -14.223 -14.099 -13.880
1.300 -8.562 -9.102 -10.283 -12.272 -12.958 -13.219 -13.567 -13.469 -13.797 -13.709 -13.929 -14.065 -14.184 -14.239 -14.299 -14.190 -13.982
1.400 -8.376 -8.900 -10.143 -12.200 -12.923 -13.198 -13.565 -13.464 -13.810 -13.721 -13.951 -14.098 -14.228 -14.291 -14.366 -14.272 -14.075
1.500 -8.203 -8.707 -10.010 -12.130 -12.887 -13.177 -13.562 -13.458 -13.821 -13.731 -13.970 -14.127 -14.268 -14.338 -14.427 -14.346 -14.161
1.600 -8.018 -8.498 -9.864 -12.046 -12.839 -13.143 -13.548 -13.439 -13.821 -13.730 -13.979 -14.146 -14.298 -14.375 -14.478 -14.412 -14.238
1.700 -7.845 -8.299 -9.726 -11.965 -12.792 -13.111 -13.533 -13.422 -13.820 -13.729 -13.987 -14.163 -14.326 -14.411 -14.527 -14.474 -14.310
1.800 -7.667 -8.093 -9.582 -11.877 -12.738 -13.071 -13.511 -13.397 -13.812 -13.721 -13.988 -14.174 -14.348 -14.439 -14.568 -14.528 -14.375
1.900 -7.487 -7.881 -9.433 -11.782 -12.678 -13.025 -13.484 -13.368 -13.801 -13.710 -13.986 -14.182 -14.367 -14.466 -14.607 -14.577 -14.429
2.000 -7.315 -7.675 -9.290 -11.689 -12.620 -12.981 -13.459 -13.340 -13.791 -13.700 -13.986 -14.192 -14.389 -14.494 -14.646 -14.621 -14.475
2.100 -7.142 -7.465 -9.143 -11.591 -12.557 -12.932 -13.428 -13.307 -13.776 -13.686 -13.980 -14.197 -14.405 -14.518 -14.679 -14.660 -14.517
2.200 -6.963 -7.245 -8.989 -11.485 -12.486 -12.876 -13.391 -13.267 -13.754 -13.666 -13.969 -14.196 -14.416 -14.536 -14.708 -14.696 -14.556
2.300 -6.787 -7.026 -8.836 -11.377 -12.413 -12.818 -13.351 -13.226 -13.729 -13.644 -13.954 -14.192 -14.424 -14.551 -14.735 -14.730 -14.593
2.400 -6.619 -6.812 -8.688 -11.271 -12.341 -12.760 -13.311 -13.184 -13.705 -13.621 -13.939 -14.187 -14.431 -14.565 -14.760 -14.762 -14.628
2.500 -6.442 -6.586 -8.531 -11.156 -12.261 -12.694 -13.264 -13.136 -13.673 -13.592 -13.918 -14.176 -14.432 -14.574 -14.780 -14.790 -14.659
2.600 -6.264 -6.355 -8.371 -11.036 -12.177 -12.624 -13.213 -13.083 -13.637 -13.560 -13.893 -14.161 -14.429 -14.578 -14.797 -14.815 -14.688
2.700 -6.089 -6.123 -8.211 -10.914 -12.090 -12.553 -13.160 -13.028 -13.600 -13.525 -13.866 -14.144 -14.424 -14.581 -14.812 -14.838 -14.716
2.800 -5.918 -5.895 -8.056 -10.793 -12.005 -12.481 -13.106 -12.974 -13.561 -13.491 -13.838 -14.126 -14.418 -14.583 -14.825 -14.860 -14.742
2.900 -5.745 -5.660 -7.895 -10.666 -11.913 -12.405 -13.048 -12.915 -13.518 -13.452 -13.806 -14.104 -14.408 -14.581 -14.836 -14.879 -14.766
3.000 -5.567 -5.416 -7.730 -10.533 -11.817 -12.323 -12.985 -12.851 -13.471 -13.409 -13.769 -14.078 -14.394 -14.575 -14.843 -14.896 -14.787
3.100 -5.388 -5.167 -7.561 -10.395 -11.716 -12.238 -12.918 -12.784 -13.420 -13.363 -13.730 -14.048 -14.378 -14.566 -14.848 -14.910 -14.807
3.200 -5.213 -4.919 -7.395 -10.257 -11.615 -12.151 -12.850 -12.716 -13.369 -13.317 -13.689 -14.018 -14.360 -14.557 -14.851 -14.923 -14.825
3.300 -5.040 -4.671 -7.230 -10.118 -11.513 -12.064 -12.781 -12.647 -13.316 -13.269 -13.648 -13.986 -14.340 -14.545 -14.853 -14.935 -14.842
3.400 -4.865 -4.417 -7.062 -9.974 -11.407 -11.973 -12.709 -12.574 -13.259 -13.218 -13.603 -13.950 -14.318 -14.531 -14.852 -14.944 -14.857
3.500 -4.687 -4.155 -6.889 -9.824 -11.296 -11.877 -12.632 -12.497 -13.199 -13.164 -13.554 -13.912 -14.292 -14.514 -14.849 -14.951 -14.870
3.600 -4.507 -3.886 -6.714 -9.669 -11.181 -11.778 -12.551 -12.418 -13.135 -13.107 -13.503 -13.870 -14.264 -14.494 -14.843 -14.956 -14.882
3.700 -4.328 -3.616 -6.540 -9.513 -11.064 -11.677 -12.470 -12.336 -13.070 -13.049 -13.450 -13.827 -14.234 -14.472 -14.836 -14.960 -14.892
3.800 -4.152 -3.344 -6.366 -9.355 -10.946 -11.575 -12.386 -12.254 -13.003 -12.989 -13.395 -13.782 -14.202 -14.450 -14.827 -14.963 -14.901
3.900 -3.976 -3.070 -6.192 -9.195 -10.827 -11.471 -12.301 -12.170 -12.935 -12.929 -13.339 -13.736 -14.169 -14.425 -14.817 -14.964 -14.909
4.000 -3.799 -2.789 -6.016 -9.030 -10.703 -11.364 -12.213 -12.083 -12.864 -12.865 -13.281 -13.687 -14.133 -14.398 -14.805 -14.963 -14.915
4.100 -3.620 -2.502 -5.837 -8.860 -10.576 -11.253 -12.122 -11.992 -12.790 -12.799 -13.219 -13.635 -14.095 -14.369 -14.791 -14.960 -14.919
4.200 -3.441 -2.210 -5.657 -8.687 -10.446 -11.139 -12.028 -11.900 -12.713 -12.731 -13.155 -13.581 -14.054 -14.337 -14.774 -14.956 -14.922
4.300 -3.262 -1.913 -5.477 -8.511 -10.314 -11.024 -11.932 -11.805 -12.634 -12.661 -13.090 -13.525 -14.012 -14.304 -14.756 -14.950 -14.924
4.400 -3.083 -1.614 -5.297 -8.333 -10.180 -10.907 -11.834 -11.710 -12.554 -12.590 -13.023 -13.467 -13.968 -14.269 -14.737 -14.943 -14.925
4.500 -2.908 -1.316 -5.119 -8.156 -10.047 -10.789 -11.736 -11.614 -12.473 -12.519 -12.955 -13.409 -13.923 -14.233 -14.716 -14.935 -14.925
4.600 -2.734 -1.014 -4.942 -7.976 -9.911 -10.670 -11.636 -11.516 -12.390 -12.445 -12.885 -13.349 -13.876 -14.195 -14.694 -14.926 -14.923
4.700 -2.559 -0.709 -4.765 -7.794 -9.774 -10.550 -11.535 -11.417 -12.306 -12.371 -12.814 -13.286 -13.827 -14.155 -14.670 -14.914 -14.920
4.800 -2.385 -0.401 -4.587 -7.610 -9.635 -10.427 -11.431 -11.315 -12.219 -12.294 -12.741 -13.222 -13.777 -14.114 -14.644 -14.902 -14.915
4.900 -2.213 -0.093 -4.412 -7.425 -9.495 -10.303 -11.326 -11.213 -12.131 -12.216 -12.666 -13.156 -13.724 -14.070 -14.617 -14.887 -14.910
5.000 -2.042 0.214 -4.237 -7.239 -9.354 -10.178 -11.219 -11.109 -12.041 -12.136 -12.589 -13.088 -13.669 -14.025 -14.588 -14.872 -14.903
5.100 -1.875 0.515 -4.066 -7.056 -9.214 -10.053 -11.113 -11.005 -11.950 -12.057 -12.512 -13.019 -13.614 -13.978 -14.557 -14.855 -14.895
5.200 -1.711 0.808 -3.900 -6.875 -9.075 -9.929 -11.006 -10.901 -11.860 -11.976 -12.434 -12.949 -13.557 -13.930 -14.525 -14.836 -14.886
5.300 -1.553 1.088 -3.738 -6.700 -8.939 -9.807 -10.900 -10.798 -11.769 -11.896 -12.356 -12.879 -13.500 -13.882 -14.493 -14.817 -14.876
5.400 -1.408 1.338 -3.590 -6.538 -8.811 -9.692 -10.800 -10.701 -11.683 -11.819 -12.281 -12.811 -13.443 -13.833 -14.459 -14.796 -14.863
5.500 -1.381 1.364 -3.564 -6.511 -8.785 -9.666 -10.774 -10.674 -11.656 -11.792 -12.255 -12.784 -13.417 -13.807 -14.432 -14.770 -14.837
5.600 -1.354 1.391 -3.537 -6.484 -8.758 -9.639 -10.747 -10.647 -11.629 -11.765 -12.228 -12.757 -13.389 -13.780 -14.405 -14.743 -14.810
5.700 -1.326 1.419 -3.509 -6.456 -8.730 -9.611 -10.719 -10.619 -11.601 -11.737 -12.200 -12.729 -13.362 -13.752 -14.377 -14.715 -14.782
5.800 -1.298 1.448 -3.480 -6.428 -8.701 -9.582 -10.690 -10.591 -11.573 -11.709 -12.171 -12.701 -13.333 -13.723 -14.349 -14.686 -14.754
5.900 -1.269 1.477 -3.451 -6.399 -8.672 -9.553 -10.661 -10.562 -11.544 -11.680 -12.142 -12.672 -13.304 -13.694 -14.320 -14.658 -14.725
6.000 -1.240 1.506 -3.422 -6.370 -8.643 -9.524 -10.632 -10.533 -11.514 -11.651 -12.113 -12.642 -13.275 -13.665 -14.291 -14.628 -14.695
6.100 -1.210 1.535 -3.392 -6.340 -8.613 -9.494 -10.602 -10.503 -11.485 -11.621 -12.083 -12.613 -13.245 -13.635 -14.261 -14.599 -14.666
6.200 -1.180 1.565 -3.363 -6.310 -8.584 -9.465 -10.572 -10.473 -11.455 -11.591 -12.053 -12.583 -13.215 -13.606 -14.231 -14.569 -14.636
6.300 -1.150 1.596 -3.332 -6.280 -8.553 -9.434 -10.542 -10.443 -11.425 -11.561 -12.023 -12.553 -13.185 -13.575 -14.201 -14.538 -14.605
6.400 -1.119 1.627 -3.301 -6.249 -8.522 -9.403 -10.511 -10.412 -11.394 -11.530 -11.992 -12.522 -13.154 -13.544 -14.170 -14.508 -14.575
6.500 -1.088 1.658 -3.270 -6.218 -8.491 -9.372 -10.480 -10.381 -11.362 -11.499 -11.961 -12.491 -13.123 -13.513 -14.139 -14.476 -14.543
6.600 -1.056 1.690 -3.238 -6.186 -8.459 -9.340 -10.448 -10.349 -11.331 -11.467 -11.929 -12.459 -13.091 -13.481 -14.107 -14.445 -14.512
6.700 -1.024 1.722 -3.206 -6.154 -8.427 -9.308 -10.416 -10.317 -11.299 -11.435 -11.897 -12.427 -13.059 -13.449 -14.075 -14.412 -14.479
6.800 -0.991 1.754 -3.174 -6.121 -8.395 -9.276 -10.384 -10.284 -11.266 -11.402 -11.865 -12.394 -13.026 -13.417 -14.042 -14.380 -14.447
6.900 -0.959 1.787 -3.141 -6.088 -8.362 -9.243 -10.351 -10.252 -11.233 -11.369 -11.832 -12.361 -12.994 -13.384 -14.009 -14.347 -14.414
7.000 -0.925 1.820 -3.108 -6.055 -8.329 -9.210 -10.318 -10.218 -11.200 -11.336 -11.799 -12.328 -12.961 -13.351 -13.976 -14.314 -14.381
7.100 -0.892 1.853 -3.075 -6.022 -8.296 -9.177 -10.284 -10.185 -11.167 -11.303 -11.765 -12.295 -12.927 -13.318 -13.943 -14.281 -14.348
7.200 -0.859 1.887 -3.041 -5.988 -8.262 -9.143 -10.251 -10.152 -11.133 -11.269 -11.732 -12.261 -12.894 -13.284 -13.910 -14.247 -14.314
7.300 -0.825 1.921 -3.007 -5.955 -8.228 -9.109 -10.217 -10.118 -11.100 -11.236 -11.698 -12.228 -12.860 -13.250 -13.876 -14.213 -14.280
7.400 -0.791 1.955 -2.973 -5.921 -8.194 -9.075 -10.183 -10.084 -11.066 -11.202 -11.664 -12.194 -12.826 -13.216 -13.842 -14.179 -14.247
7.500 -0.757 1.989 -2.939 -5.887 -8.160 -9.041 -10.149 -10.050 -11.031 -11.168 -11.630 -12.159 -12.792 -13.182 -13.808 -14.145 -14.212
7.600 -0.722 2.023 -2.905 -5.852 -8.126 -9.007 -10.115 -10.015 -10.997 -11.133 -11.596 -12.125 -12.758 -13.148 -13.773 -14.111 -14.178
7.700 -0.688 2.058 -2.870 -5.818 -8.091 -8.972 -10.080 -9.981 -10.962 -11.099 -11.561 -12.091 -12.723 -13.113 -13.739 -14.076 -14.143
7.800 -0.653 2.093 -2.835 -5.783 -8.056 -8.937 -10.045 -9.946 -10.928 -11.064 -11.526 -12.056 -12.688 -13.078 -13.704 -14.041 -14.108
7.900 -0.618 2.128 -2.800 -5.748 -8.021 -8.902 -10.010 -9.911 -10.893 -11.029 -11.491 -12.021 -12.653 -13.043 -13.669 -14.006 -14.073
8.000 -0.583 2.163 -2.765 -5.713 -7.986 -8.867 -9.975 -9.876 -10.857 -10.994 -11.456 -11.986 -12.618 -13.008 -13.634 -13.971 -14.038
8.100 -0.548 2.198 -2.730 -5.677 -7.951 -8.832 -9.940 -9.841 -10.822 -10.958 -11.421 -11.950 -12.583 -12.973 -13.599 -13.936 -14.003
8.200 -0.512 2.233 -2.695 -5.642 -7.916 -8.797 -9.905 -9.805 -10.787 -10.923 -11.386 -11.915 -12.547 -12.938 -13.563 -13.901 -13.968
8.300 -0.477 2.269 -2.659 -5.607 -7.880 -8.761 -9.869 -9.770 -10.752 -10.888 -11.350 -11.880 -12.512 -12.902 -13.528 -13.865 -13.932
8.400 -0.442 2.304 -2.624 -5.571 -7.845 -8.726 -9.834 -9.735 -10.716 -10.852 -11.315 -11.844 -12.477 -12.867 -13.492 -13.830 -13.897
8.500 -0.406 2.339 -2.589 -5.536 -7.810 -8.691 -9.798 -9.699 -10.681 -10.817 -11.279 -11.809 -12.441 -12.832 -13.457 -13.795 -13.862
8.600 -0.371 2.375 -2.553 -5.501 -7.774 -8.655 -9.763 -9.664 -10.645 -10.782 -11.244 -11.773 -12.406 -12.796 -13.422 -13.759 -13.826
8.700 -0.335 2.410 -2.518 -5.465 -7.739 -8.620 -9.728 -9.628 -10.610 -10.746 -11.209 -11.738 -12.370 -12.761 -13.386 -13.724 -13.791
8.800 -0.300 2.446 -2.482 -5.430 -7.703 -8.584 -9.692 -9.593 -10.575 -10.711 -11.173 -11.703 -12.335 -12.725 -13.351 -13.688 -13.755
8.900 -0.265 2.481 -2.447 -5.394 -7.668 -8.549 -9.657 -9.558 -10.539 -10.675 -11.138 -11.667 -12.300 -12.690 -13.316 -13.653 -13.720
9.000 -0.229 2.516 -2.412 -5.359 -7.633 -8.514 -9.622 -9.522 -10.504 -10.640 -11.103 -11.632 -12.264 -12.655 -13.280 -13.618 -13.685
9.100 -0.194 2.552 -2.376 -5.324 -7.597 -8.478 -9.586 -9.487 -10.469 -10.605 -11.067 -11.597 -12.229 -12.619 -13.245 -13.582 -13.650
9.200 -0.159 2.587 -2.341 -5.288 -7.562 -8.443 -9.551 -9.452 -10.433 -10.570 -11.032 -11.561 -12.194 -12.584 -13.210 -13.547 -13.614
9.300 -0.124 2.622 -2.306 -5.253 -7.527 -8.408 -9.516 -9.417 -10.398 -10.534 -10.997 -11.526 -12.159 -12.549 -13.175 -13.512 -13.579
9.400 -0.089 2.657 -2.271 -5.218 -7.492 -8.373 -9.481 -9.382 -10.363 -10.499 -10.962 -11.491 -12.124 -12.514 -13.140 -13.477 -13.544
9.500 -0.054 2.692 -2.236 -5.184 -7.457 -8.338 -9.446 -9.347 -10.328 -10.465 -10.927 -11.456 -12.089 -12.479 -13.105 -13.442 -13.509
9.600 -0.019 2.727 -2.201 -5.149 -7.422 -8.303 -9.411 -9.312 -10.294 -10.430 -10.892 -11.422 -12.054 -12.444 -13.070 -13.408 -13.475
9.700 0.016 2.761 -2.167 -5.114 -7.388 -8.269 -9.377 -9.277 -10.259 -10.395 -10.858 -11.387 -12.020 -12.410 -13.035 -13.373 -13.440
9.800 0.050 2.795 -2.133 -5.080 -7.354 -8.235 -9.342 -9.243 -10.225 -10.361 -10.823 -11.353 -11.985 -12.376 -13.001 -13.339 -13.406
9.900 0.084 2.830 -2.098 -5.046 -7.319 -8.200 -9.308 -9.209 -10.191 -10.327 -10.789 -11.319 -11.951 -12.341 -12.967 -13.304 -13.372
10.000 0.118 2.864 -2.064 -5.012 -7.285 -8.166 -9.274 -9.175 -10.157 -10.293 -10.755 -11.285 -11.917 -12.307 -12.933 -13.271 -13.338
10.100 0.152 2.897 -2.031 -4.978 -7.252 -8.133 -9.241 -9.141 -10.123 -10.259 -10.722 -11.251 -11.883 -12.274 -12.899 -13.237 -13.304
10.200 0.185 2.931 -1.997 -4.945 -7.218 -8.099 -9.207 -9.108 -10.089 -10.226 -10.688 -11.218 -11.850 -12.240 -12.866 -13.203 -13.270
10.300 0.218 2.964 -1.964 -4.911 -7.185 -8.066 -9.174 -9.075 -10.056 -10.192 -10.655 -11.184 -11.817 -12.207 -12.833 -13.170 -13.237
10.400 0.251 2.997 -1.931 -4.878 -7.152 -8.033 -9.141 -9.042 -10.023 -10.159 -10.622 -11.151 -11.784 -12.174 -12.799 -13.137 -13.204
10.500 0.284 3.030 -1.898 -4.846 -7.119 -8.000 -9.108 -9.009 -9.991 -10.127 -10.589 -11.119 -11.751 -12.141 -12.767 -13.104 -13.171
10.600 0.317 3.062 -1.866 -4.813 -7.087 -7.968 -9.076 -8.976 -9.958 -10.094 -10.557 -11.086 -11.719 -12.109 -12.734 -13.072 -13.139
10.700 0.349 3.094 -1.834 -4.781 -7.055 -7.936 -9.044 -8.944 -9.926 -10.062 -10.525 -11.054 -11.686 -12.077 -12.702 -13.040 -13.107
10.800 0.381 3.126 -1.802 -4.749 -7.023 -7.904 -9.012 -8.912 -9.894 -10.030 -10.493 -11.022 -11.655 -12.045 -12.670 -13.008 -13.075
10.900 0.412 3.158 -1.770 -4.718 -6.991 -7.872 -8.980 -8.881 -9.863 -9.999 -10.461 -10.991 -11.623 -12.013 -12.639 -12.976 -13.043
11.000 0.443 3.189 -1.739 -4.686 -6.960 -7.841 -8.949 -8.850 -9.831 -9.968 -10.430 -10.959 -11.592 -11.982 -12.608 -12.945 -13.012
11.100 0.474 3.220 -1.708 -4.656 -6.929 -7.810 -8.918 -8.819 -9.801 -9.937 -10.399 -10.929 -11.561 -11.951 -12.577 -12.914 -12.981
11.200 0.505 3.250 -1.678 -4.625 -6.899 -7.780 -8.888 -8.788 -9.770 -9.906 -10.369 -10.898 -11.530 -11.921 -12.546 -12.884 -12.951
11.300 0.535 3.280 -1.648 -4.595 -6.869 -7.750 -8.857 -8.758 -9.740 -9.876 -10.338 -10.868 -11.500 -11.891 -12.516 -12.854 -12.921
11.400 0.565 3.310 -1.618 -4.565 -6.839 -7.720 -8.828 -8.728 -9.710 -9.846 -10.309 -10.838 -11.470 -11.861 -12.486 -12.824 -12.891
11.500 0.594 3.340 -1.588 -4.536 -6.809 -7.690 -8.798 -8.699 -9.681 -9.817 -10.279 -10.809 -11.441 -11.831 -12.457 -12.794 -12.861
11.600 0.623 3.369 -1.559 -4.507 -6.780 -7.661 -8.769 -8.670 -9.651 -9.788 -10.250 -10.780 -11.412 -11.802 -12.428 -12.765 -12.832
11.700 0.652 3.397 -1.531 -4.478 -6.752 -7.633 -8.740 -8.641 -9.623 -9.759 -10.221 -10.751 -11.383 -11.774 -12.399 -12.737 -12.804
11.800 0.680 3.426 -1.502 -4.450 -6.723 -7.604 -8.712 -8.613 -9.594 -9.731 -10.193 -10.722 -11.355 -11.745 -12.371 -12.708 -12.775
11.900 0.708 3.454 -1.474 -4.422 -6.695 -7.576 -8.684 -8.585 -9.566 -9.703 -10.165 -10.695 -11.327 -11.717 -12.343 -12.680 -12.747
12.000 0.736 3.481 -1.447 -4.394 -6.668 -7.549 -8.656 -8.557 -9.539 -9.675 -10.137 -10.667 -11.299 -11.690 -12.315 -12.653 -12.720
12.100 0.763 3.509 -1.419 -4.367 -6.640 -7.521 -8.629 -8.530 -9.512 -9.648 -10.110 -10.640 -11.272 -11.662 -12.288 -12.625 -12.693
12.200 0.790 3.535 -1.393 -4.340 -6.614 -7.495 -8.602 -8.503 -9.485 -9.621 -10.083 -10.613 -11.245 -11.636 -12.261 -12.599 -12.666
12.300 0.816 3.562 -1.366 -4.313 -6.587 -7.468 -8.576 -8.477 -9.458 -9.595 -10.057 -10.586 -11.219 -11.609 -12.235 -12.572 -12.639
12.400 0.842 3.588 -1.340 -4.287 -6.561 -7.442 -8.550 -8.451 -9.432 -9.568 -10.031 -10.560 -11.193 -11.583 -12.209 -12.546 -12.613
12.500 0.868 3.614 -1.314 -4.262 -6.535 -7.416 -8.524 -8.425 -9.407 -9.543 -10.005 -10.535 -11.167 -11.557 -12.183 -12.520 -12.588
12.600 0.893 3.639 -1.289 -4.236 -6.510 -7.391 -8.499 -8.400 -9.381 -9.517 -9.980 -10.509 -11.142 -11.532 -12.158 -12.495 -12.562
12.700 0.918 3.664 -1.264 -4.211 -6.485 -7.366 -8.474 -8.375 -9.356 -9.493 -9.955 -10.484 -11.117 -11.507 -12.133 -12.470 -12.537
12.800 0.943 3.688 -1.240 -4.187 -6.461 -7.342 -8.449 -8.350 -9.332 -9.468 -9.930 -10.460 -11.092 -11.483 -12.108 -12.446 -12.513
12.900 0.967 3.713 -1.215 -4.163 -6.436 -7.317 -8.425 -8.326 -9.308 -9.444 -9.906 -10.436 -11.068 -11.458 -12.084 -12.422 -12.489
13.000 0.991 3.736 -1.192 -4.139 -6.413 -7.294 -8.401 -8.302 -9.284 -9.420 -9.882 -10.412 -11.044 -11.435 -12.060 -12.398 -12.465
13.100 1.014 3.760 -1.168 -4.116 -6.389 -7.270 -8.378 -8.279 -9.260 -9.397 -9.859 -10.388 -11.021 -11.411 -12.037 -12.374 -12.441
13.200 1.037 3.783 -1.145 -4.092 -6.366 -7.247 -8.355 -8.256 -9.237 -9.374 -9.836 -10.365 -10.998 -11.388 -12.014 -12.351 -12.418
13.300 1.060 3.806 -1.122 -4.070 -6.343 -7.224 -8.332 -8.233 -9.215 -9.351 -9.813 -10.343 -10.975 -11.365 -11.991 -12.329 -12.396
13.400 1.082 3.828 -1.100 -4.047 -6.321 -7.202 -8.310 -8.211 -9.192 -9.328 -9.791 -10.320 -10.953 -11.343 -11.969 -12.306 -12.373
13.500 1.104 3.850 -1.078 -4.025 -6.299 -7.180 -8.288 -8.189 -9.170 -9.306 -9.769 -10.298 -10.931 -11.321 -11.947 -12.284 -12.351
13.600 1.126 3.872 -1.056 -4.004 -6.277 -7.158 -8.266 -8.167 -9.149 -9.285 -9.747 -10.277 -10.909 -11.299 -11.925 -12.262 -12.330
13.700 1.147 3.893 -1.035 -3.982 -6.256 -7.137 -8.245 -8.146 -9.127 -9.263 -9.726 -10.255 -10.888 -11.278 -11.904 -12.241 -12.308
13.800 1.168 3.914 -1.014 -3.961 -6.235 -7.116 -8.224 -8.125 -9.106 -9.242 -9.705 -10.234 -10.867 -11.257 -11.883 -12.220 -12.287
13.900 1.189 3.935 -0.993 -3.941 -6.214 -7.095 -8.203 -8.104 -9.086 -9.222 -9.684 -10.214 -10.846 -11.236 -11.862 -12.199 -12.267
14.000 1.209 3.955 -0.973 -3.920 -6.194 -7.075 -8.183 -8.084 -9.065 -9.201 -9.664 -10.193 -10.826 -11.216 -11.842 -12.179 -12.246
14.100 1.229 3.975 -0.953 -3.900 -6.174 -7.055 -8.163 -8.064 -9.045 -9.181 -9.644 -10.173 -10.806 -11.196 -11.822 -12.159 -12.226
14.200 1.249 3.995 -0.933 -3.881 -6.154 -7.035 -8.143 -8.044 -9.026 -9.162 -9.624 -10.154 -10.786 -11.176 -11.802 -12.139 -12.206
14.300 1.269 4.014 -0.914 -3.861 -6.135 -7.016 -8.124 -8.024 -9.006 -9.142 -9.605 -10.134 -10.767 -11.157 -11.782 -12.120 -12.187
14.400 1.288 4.033 -0.895 -3.842 -6.116 -6.997 -8.105 -8.005 -8.987 -9.123 -9.586 -10.115 -10.747 -11.138 -11.763 -12.101 -12.168
14.500 1.306 4.052 -0.876 -3.823 -6.097 -6.978 -8.086 -7.986 -8.968 -9.104 -9.567 -10.096 -10.729 -11.119 -11.744 -12.082 -12.149
14.600 1.325 4.071 -0.857 -3.805 -6.078 -6.959 -8.067 -7.968 -8.950 -9.086 -9.548 -10.078 -10.710 -11.100 -11.726 -12.063 -12.130
14.700 1.343 4.089 -0.839 -3.786 -6.060 -6.941 -8.049 -7.950 -8.931 -9.067 -9.530 -10.059 -10.692 -11.082 -11.708 -12.045 -12.112
14.800 1.361 4.107 -0.821 -3.768 -6.042 -6.923 -8.031 -7.932 -8.913 -9.049 -9.512 -10.041 -10.674 -11.064 -11.690 -12.027 -12.094
14.900 1.379 4.125 -0.803 -3.751 -6.024 -6.905 -8.013 -7.914 -8.896 -9.032 -9.494 -10.024 -10.656 -11.046 -11.672 -12.009 -12.076
15.000 1.397 4.142 -0.786 -3.733 -6.007 -6.888 -7.996 -7.896 -8.878 -9.014 -9.477 -10.006 -10.639 -11.029 -11.654 -11.992 -12.059
