# day W2 M2 W1 u B g V c r w o i z y J H K
0.000 -10.331 -10.127 -9.923 -9.067 -8.699 -8.521 -8.209 -8.334 -7.953 -8.137 -7.812 -7.530 -7.215 -6.972 -6.480 -5.844 -5.257
0.100 -14.665 -14.661 -14.588 -14.283 -14.095 -13.996 -13.818 -13.884 -13.658 -13.751 -13.566 -13.378 -13.152 -12.970 -12.587 -12.056 -11.543
0.200 -14.113 -14.295 -14.374 -14.524 -14.476 -14.435 -14.349 -14.379 -14.255 -14.295 -14.197 -14.067 -13.897 -13.752 -13.435 -12.964 -12.493
0.300 -13.236 -13.580 -13.842 -14.419 -14.510 -14.526 -14.527 -14.524 -14.492 -14.491 -14.466 -14.387 -14.267 -14.153 -13.893 -13.472 -13.035
0.400 -12.334 -12.798 -13.252 -14.199 -14.423 -14.492 -14.571 -14.542 -14.592 -14.559 -14.596 -14.562 -14.487 -14.403 -14.193 -13.816 -13.409
0.500 -11.546 -12.077 -12.699 -13.939 -14.279 -14.397 -14.545 -14.495 -14.617 -14.561 -14.649 -14.656 -14.622 -14.564 -14.402 -14.066 -13.686
0.600 -10.908 -11.465 -12.217 -13.670 -14.108 -14.268 -14.476 -14.409 -14.594 -14.522 -14.653 -14.696 -14.700 -14.668 -14.550 -14.253 -13.900
0.700 -10.356 -10.920 -11.780 -13.395 -13.917 -14.113 -14.374 -14.294 -14.533 -14.452 -14.618 -14.695 -14.735 -14.728 -14.653 -14.395 -14.068
0.800 -9.812 -10.375 -11.342 -13.104 -13.703 -13.934 -14.242 -14.153 -14.441 -14.354 -14.551 -14.659 -14.734 -14.751 -14.719 -14.500 -14.199
0.900 -9.223 -9.773 -10.866 -12.779 -13.459 -13.724 -14.080 -13.981 -14.318 -14.228 -14.453 -14.591 -14.702 -14.743 -14.755 -14.574 -14.300
1.000 -8.577 -9.092 -10.335 -12.412 -13.180 -13.482 -13.887 -13.780 -14.166 -14.075 -14.327 -14.495 -14.642 -14.707 -14.764 -14.623 -14.377
1.100 -7.870 -8.319 -9.743 -11.994 -12.863 -13.205 -13.664 -13.549 -13.985 -13.896 -14.174 -14.374 -14.557 -14.648 -14.750 -14.650 -14.432
1.200 -7.131 -7.472 -9.110 -11.535 -12.514 -12.900 -13.415 -13.293 -13.782 -13.697 -14.001 -14.232 -14.453 -14.569 -14.717 -14.659 -14.470
1.300 -6.387 -6.572 -8.455 -11.045 -12.141 -12.574 -13.147 -13.019 -13.561 -13.483 -13.811 -14.073 -14.332 -14.474 -14.669 -14.653 -14.494
1.400 -5.695 -5.688 -7.826 -10.553 -11.765 -12.244 -12.873 -12.741 -13.334 -13.266 -13.615 -13.907 -14.203 -14.370 -14.610 -14.636 -14.506
1.500 -5.099 -4.899 -7.269 -10.093 -11.410 -11.931 -12.612 -12.479 -13.117 -13.061 -13.429 -13.749 -14.080 -14.270 -14.550 -14.608 -14.498
1.600 -4.626 -4.275 -6.812 -9.693 -11.092 -11.646 -12.369 -12.235 -12.911 -12.869 -13.250 -13.594 -13.957 -14.169 -14.488 -14.579 -14.491
1.700 -4.273 -3.826 -6.467 -9.375 -10.830 -11.409 -12.164 -12.030 -12.734 -12.704 -13.095 -13.458 -13.847 -14.077 -14.428 -14.547 -14.477
1.800 -4.005 -3.487 -6.203 -9.128 -10.624 -11.221 -11.998 -11.866 -12.591 -12.572 -12.970 -13.346 -13.757 -14.000 -14.376 -14.514 -14.456
1.900 -3.795 -3.212 -5.997 -8.935 -10.461 -11.071 -11.865 -11.734 -12.474 -12.462 -12.865 -13.252 -13.678 -13.933 -14.328 -14.483 -14.436
2.000 -3.621 -2.972 -5.827 -8.780 -10.331 -10.951 -11.757 -11.627 -12.378 -12.372 -12.779 -13.173 -13.611 -13.874 -14.286 -14.456 -14.420
2.100 -3.464 -2.741 -5.673 -8.641 -10.219 -10.848 -11.665 -11.536 -12.296 -12.295 -12.705 -13.105 -13.552 -13.822 -14.248 -14.432 -14.405
2.200 -3.331 -2.523 -5.543 -8.526 -10.135 -10.776 -11.606 -11.476 -12.246 -12.249 -12.661 -13.067 -13.519 -13.792 -14.221 -14.407 -14.382
2.300 -3.209 -2.314 -5.423 -8.419 -10.061 -10.713 -11.557 -11.427 -12.207 -12.213 -12.628 -13.038 -13.495 -13.770 -14.201 -14.387 -14.360
2.400 -3.089 -2.106 -5.305 -8.312 -9.986 -10.650 -11.506 -11.377 -12.167 -12.177 -12.594 -13.009 -13.472 -13.750 -14.184 -14.370 -14.342
2.500 -2.970 -1.898 -5.186 -8.203 -9.909 -10.585 -11.454 -11.326 -12.126 -12.140 -12.560 -12.981 -13.449 -13.730 -14.169 -14.357 -14.329
2.600 -2.855 -1.693 -5.071 -8.094 -9.833 -10.520 -11.403 -11.275 -12.085 -12.103 -12.527 -12.952 -13.427 -13.712 -14.156 -14.347 -14.320
2.700 -2.743 -1.495 -4.959 -7.988 -9.758 -10.456 -11.352 -11.225 -12.044 -12.068 -12.494 -12.925 -13.406 -13.696 -14.145 -14.339 -14.314
2.800 -2.634 -1.297 -4.849 -7.882 -9.682 -10.392 -11.300 -11.174 -12.003 -12.032 -12.460 -12.897 -13.386 -13.679 -14.136 -14.334 -14.311
2.900 -2.523 -1.097 -4.737 -7.772 -9.604 -10.325 -11.246 -11.121 -11.960 -11.994 -12.425 -12.867 -13.364 -13.662 -14.126 -14.330 -14.310
3.000 -2.415 -0.901 -4.628 -7.665 -9.527 -10.259 -11.193 -11.069 -11.918 -11.957 -12.391 -12.838 -13.343 -13.646 -14.118 -14.328 -14.311
3.100 -2.309 -0.706 -4.520 -7.557 -9.449 -10.192 -11.139 -11.016 -11.875 -11.920 -12.356 -12.809 -13.322 -13.630 -14.111 -14.327 -14.314
3.200 -2.204 -0.515 -4.414 -7.450 -9.372 -10.126 -11.085 -10.963 -11.832 -11.882 -12.321 -12.780 -13.301 -13.615 -14.105 -14.327 -14.319
3.300 -2.100 -0.322 -4.307 -7.341 -9.293 -10.057 -11.029 -10.909 -11.787 -11.844 -12.285 -12.750 -13.279 -13.599 -14.098 -14.328 -14.324
3.400 -1.994 -0.127 -4.200 -7.230 -9.212 -9.987 -10.972 -10.853 -11.741 -11.804 -12.247 -12.718 -13.256 -13.582 -14.091 -14.330 -14.331
3.500 -1.891 0.064 -4.095 -7.121 -9.132 -9.918 -10.915 -10.798 -11.695 -11.765 -12.210 -12.687 -13.234 -13.566 -14.085 -14.332 -14.339
3.600 -1.788 0.257 -3.989 -7.010 -9.051 -9.847 -10.857 -10.741 -11.648 -11.725 -12.172 -12.655 -13.211 -13.548 -14.079 -14.335 -14.347
3.700 -1.685 0.447 -3.884 -6.899 -8.969 -9.776 -10.798 -10.685 -11.601 -11.684 -12.134 -12.622 -13.188 -13.531 -14.073 -14.338 -14.357
3.800 -1.583 0.638 -3.780 -6.787 -8.886 -9.704 -10.738 -10.627 -11.553 -11.643 -12.095 -12.589 -13.164 -13.514 -14.066 -14.341 -14.366
3.900 -1.480 0.830 -3.674 -6.673 -8.802 -9.631 -10.677 -10.568 -11.503 -11.601 -12.054 -12.554 -13.138 -13.495 -14.060 -14.344 -14.376
4.000 -1.376 1.023 -3.568 -6.558 -8.716 -9.556 -10.615 -10.507 -11.452 -11.557 -12.012 -12.519 -13.112 -13.475 -14.052 -14.347 -14.385
4.100 -1.273 1.214 -3.463 -6.443 -8.631 -9.481 -10.552 -10.446 -11.400 -11.513 -11.970 -12.483 -13.086 -13.456 -14.044 -14.350 -14.395
4.200 -1.169 1.407 -3.356 -6.326 -8.543 -9.403 -10.487 -10.384 -11.347 -11.468 -11.927 -12.445 -13.058 -13.435 -14.036 -14.352 -14.405
4.300 -1.066 1.597 -3.251 -6.209 -8.455 -9.326 -10.423 -10.321 -11.294 -11.422 -11.883 -12.407 -13.030 -13.414 -14.027 -14.354 -14.414
4.400 -0.967 1.778 -3.150 -6.097 -8.370 -9.251 -10.359 -10.260 -11.242 -11.378 -11.840 -12.370 -13.002 -13.392 -14.018 -14.356 -14.423
4.500 -0.964 1.781 -3.147 -6.094 -8.368 -9.249 -10.357 -10.257 -11.239 -11.375 -11.838 -12.367 -12.999 -13.390 -14.015 -14.353 -14.420
4.600 -0.961 1.785 -3.143 -6.091 -8.364 -9.245 -10.353 -10.254 -11.236 -11.372 -11.834 -12.364 -12.996 -13.386 -14.012 -14.349 -14.416
4.700 -0.957 1.788 -3.140 -6.087 -8.361 -9.242 -10.350 -10.250 -11.232 -11.368 -11.831 -12.360 -12.992 -13.383 -14.008 -14.346 -14.413
4.800 -0.953 1.792 -3.136 -6.083 -8.357 -9.238 -10.346 -10.246 -11.228 -11.364 -11.827 -12.356 -12.989 -13.379 -14.004 -14.342 -14.409
4.900 -0.949 1.797 -3.131 -6.079 -8.352 -9.233 -10.341 -10.242 -11.224 -11.360 -11.822 -12.352 -12.984 -13.374 -14.000 -14.338 -14.405
5.000 -0.944 1.801 -3.127 -6.074 -8.348 -9.229 -10.337 -10.237 -11.219 -11.355 -11.818 -12.347 -12.980 -13.370 -13.995 -14.333 -14.400
5.100 -0.939 1.806 -3.122 -6.069 -8.343 -9.224 -10.332 -10.232 -11.214 -11.350 -11.813 -12.342 -12.975 -13.365 -13.990 -14.328 -14.395
5.200 -0.934 1.812 -3.116 -6.064 -8.337 -9.218 -10.326 -10.227 -11.208 -11.345 -11.807 -12.337 -12.969 -13.359 -13.985 -14.322 -14.389
5.300 -0.928 1.818 -3.110 -6.057 -8.331 -9.212 -10.320 -10.221 -11.202 -11.339 -11.801 -12.330 -12.963 -13.353 -13.979 -14.316 -14.383
5.400 -0.921 1.825 -3.103 -6.051 -8.324 -9.205 -10.313 -10.214 -11.196 -11.332 -11.794 -12.324 -12.956 -13.346 -13.972 -14.309 -14.376
5.500 -0.913 1.832 -3.096 -6.043 -8.317 -9.198 -10.306 -10.206 -11.188 -11.324 -11.787 -12.316 -12.949 -13.339 -13.964 -14.302 -14.369
5.600 -0.906 1.840 -3.088 -6.036 -8.309 -9.190 -10.298 -10.199 -11.181 -11.317 -11.779 -12.309 -12.941 -13.331 -13.957 -14.294 -14.361
5.700 -0.898 1.848 -3.080 -6.027 -8.301 -9.182 -10.290 -10.191 -11.172 -11.308 -11.771 -12.300 -12.933 -13.323 -13.949 -14.286 -14.353
5.800 -0.889 1.857 -3.071 -6.018 -8.292 -9.173 -10.281 -10.182 -11.163 -11.300 -11.762 -12.291 -12.924 -13.314 -13.940 -14.277 -14.344
5.900 -0.879 1.866 -3.062 -6.009 -8.283 -9.164 -10.272 -10.172 -11.154 -11.290 -11.753 -12.282 -12.915 -13.305 -13.930 -14.268 -14.335
6.000 -0.870 1.876 -3.052 -5.999 -8.273 -9.154 -10.262 -10.163 -11.144 -11.280 -11.743 -12.272 -12.905 -13.295 -13.921 -14.258 -14.325
6.100 -0.859 1.886 -3.042 -5.989 -8.263 -9.144 -10.252 -10.152 -11.134 -11.270 -11.732 -12.262 -12.894 -13.285 -13.910 -14.248 -14.315
6.200 -0.848 1.897 -3.031 -5.978 -8.252 -9.133 -10.241 -10.141 -11.123 -11.259 -11.722 -12.251 -12.883 -13.274 -13.899 -14.237 -14.304
6.300 -0.837 1.909 -3.019 -5.966 -8.240 -9.121 -10.229 -10.130 -11.111 -11.247 -11.710 -12.239 -12.872 -13.262 -13.888 -14.225 -14.292
6.400 -0.824 1.921 -3.007 -5.954 -8.228 -9.109 -10.217 -10.117 -11.099 -11.235 -11.698 -12.227 -12.859 -13.250 -13.875 -14.213 -14.280
6.500 -0.812 1.934 -2.994 -5.941 -8.215 -9.096 -10.204 -10.105 -11.086 -11.223 -11.685 -12.214 -12.847 -13.237 -13.863 -14.200 -14.267
6.600 -0.799 1.947 -2.981 -5.928 -8.202 -9.083 -10.191 -10.092 -11.073 -11.209 -11.672 -12.201 -12.834 -13.224 -13.849 -14.187 -14.254
6.700 -0.785 1.961 -2.967 -5.915 -8.188 -9.069 -10.177 -10.078 -11.059 -11.196 -11.658 -12.187 -12.820 -13.210 -13.836 -14.173 -14.240
6.800 -0.771 1.975 -2.953 -5.900 -8.174 -9.055 -10.163 -10.064 -11.045 -11.181 -11.644 -12.173 -12.806 -13.196 -13.821 -14.159 -14.226
6.900 -0.756 1.990 -2.938 -5.886 -8.159 -9.040 -10.148 -10.049 -11.030 -11.167 -11.629 -12.159 -12.791 -13.181 -13.807 -14.144 -14.211
7.000 -0.741 2.005 -2.923 -5.870 -8.144 -9.025 -10.133 -10.034 -11.015 -11.152 -11.614 -12.143 -12.776 -13.166 -13.792 -14.129 -14.196
7.100 -0.725 2.021 -2.907 -5.855 -8.128 -9.009 -10.117 -10.018 -11.000 -11.136 -11.598 -12.128 -12.760 -13.150 -13.776 -14.114 -14.181
7.200 -0.709 2.037 -2.891 -5.839 -8.112 -8.993 -10.101 -10.002 -10.984 -11.120 -11.582 -12.112 -12.744 -13.134 -13.760 -14.097 -14.164
7.300 -0.692 2.053 -2.875 -5.822 -8.096 -8.977 -10.084 -9.985 -10.967 -11.103 -11.565 -12.095 -12.727 -13.118 -13.743 -14.081 -14.148
7.400 -0.675 2.071 -2.857 -5.805 -8.078 -8.959 -10.067 -9.968 -10.949 -11.086 -11.548 -12.078 -12.710 -13.100 -13.726 -14.063 -14.130
7.500 -0.657 2.088 -2.840 -5.787 -8.060 -8.941 -10.049 -9.950 -10.932 -11.068 -11.530 -12.060 -12.692 -13.082 -13.708 -14.046 -14.113
7.600 -0.639 2.107 -2.821 -5.769 -8.042 -8.923 -10.031 -9.932 -10.914 -11.050 -11.512 -12.042 -12.674 -13.064 -13.690 -14.028 -14.095
7.700 -0.621 2.125 -2.803 -5.750 -8.024 -8.905 -10.013 -9.914 -10.895 -11.031 -11.494 -12.023 -12.656 -13.046 -13.672 -14.009 -14.076
7.800 -0.602 2.144 -2.784 -5.731 -8.005 -8.886 -9.994 -9.895 -10.876 -11.013 -11.475 -12.004 -12.637 -13.027 -13.653 -13.990 -14.057
7.900 -0.582 2.163 -2.765 -5.712 -7.986 -8.867 -9.975 -9.875 -10.857 -10.993 -11.456 -11.985 -12.617 -13.008 -13.633 -13.971 -14.038
8.000 -0.563 2.183 -2.745 -5.692 -7.966 -8.847 -9.955 -9.856 -10.837 -10.973 -11.436 -11.965 -12.598 -12.988 -13.614 -13.951 -14.018
8.100 -0.543 2.203 -2.725 -5.672 -7.946 -8.827 -9.935 -9.836 -10.817 -10.953 -11.416 -11.945 -12.578 -12.968 -13.594 -13.931 -13.998
8.200 -0.522 2.223 -2.705 -5.652 -7.926 -8.807 -9.914 -9.815 -10.797 -10.933 -11.395 -11.925 -12.557 -12.948 -13.573 -13.911 -13.978
8.300 -0.501 2.244 -2.684 -5.631 -7.905 -8.786 -9.894 -9.794 -10.776 -10.912 -11.375 -11.904 -12.537 -12.927 -13.552 -13.890 -13.957
8.400 -0.480 2.265 -2.663 -5.610 -7.884 -8.765 -9.873 -9.773 -10.755 -10.891 -11.354 -11.883 -12.515 -12.906 -13.531 -13.869 -13.936
8.500 -0.459 2.287 -2.641 -5.589 -7.862 -8.743 -9.851 -9.752 -10.733 -10.870 -11.332 -11.862 -12.494 -12.884 -13.510 -13.847 -13.914
8.600 -0.437 2.309 -2.619 -5.567 -7.840 -8.721 -9.829 -9.730 -10.712 -10.848 -11.310 -11.840 -12.472 -12.862 -13.488 -13.826 -13.893
8.700 -0.415 2.331 -2.597 -5.545 -7.818 -8.699 -9.807 -9.708 -10.689 -10.826 -11.288 -11.818 -12.450 -12.840 -13.466 -13.803 -13.870
8.800 -0.392 2.353 -2.575 -5.522 -7.796 -8.677 -9.785 -9.685 -10.667 -10.803 -11.266 -11.795 -12.427 -12.818 -13.443 -13.781 -13.848
8.900 -0.370 2.376 -2.552 -5.499 -7.773 -8.654 -9.762 -9.663 -10.644 -10.781 -11.243 -11.772 -12.405 -12.795 -13.421 -13.758 -13.825
9.000 -0.347 2.399 -2.529 -5.477 -7.750 -8.631 -9.739 -9.640 -10.622 -10.758 -11.220 -11.750 -12.382 -12.772 -13.398 -13.735 -13.802
9.100 -0.324 2.422 -2.506 -5.453 -7.727 -8.608 -9.716 -9.617 -10.598 -10.735 -11.197 -11.726 -12.359 -12.749 -13.375 -13.712 -13.779
9.200 -0.300 2.445 -2.483 -5.430 -7.704 -8.585 -9.693 -9.593 -10.575 -10.711 -11.174 -11.703 -12.335 -12.726 -13.351 -13.689 -13.756
9.300 -0.277 2.469 -2.459 -5.407 -7.680 -8.561 -9.669 -9.570 -10.551 -10.688 -11.150 -11.679 -12.312 -12.702 -13.328 -13.665 -13.732
9.400 -0.253 2.492 -2.435 -5.383 -7.656 -8.537 -9.645 -9.546 -10.528 -10.664 -11.126 -11.656 -12.288 -12.678 -13.304 -13.642 -13.709
9.500 -0.229 2.516 -2.412 -5.359 -7.633 -8.514 -9.621 -9.522 -10.504 -10.640 -11.102 -11.632 -12.264 -12.655 -13.280 -13.618 -13.685
9.600 -0.205 2.540 -2.388 -5.335 -7.609 -8.490 -9.597 -9.498 -10.480 -10.616 -11.078 -11.608 -12.240 -12.631 -13.256 -13.594 -13.661
9.700 -0.181 2.565 -2.363 -5.311 -7.584 -8.465 -9.573 -9.474 -10.456 -10.592 -11.054 -11.584 -12.216 -12.606 -13.232 -13.569 -13.636
9.800 -0.157 2.589 -2.339 -5.286 -7.560 -8.441 -9.549 -9.450 -10.431 -10.567 -11.030 -11.559 -12.192 -12.582 -13.208 -13.545 -13.612
9.900 -0.132 2.613 -2.315 -5.262 -7.536 -8.417 -9.524 -9.425 -10.407 -10.543 -11.005 -11.535 -12.167 -12.558 -13.183 -13.521 -13.588
10.000 -0.108 2.638 -2.290 -5.237 -7.511 -8.392 -9.500 -9.401 -10.382 -10.518 -10.981 -11.510 -12.143 -12.533 -13.159 -13.496 -13.563
10.100 -0.083 2.663 -2.265 -5.213 -7.486 -8.367 -9.475 -9.376 -10.358 -10.494 -10.956 -11.486 -12.118 -12.508 -13.134 -13.471 -13.539
10.200 -0.058 2.687 -2.241 -5.188 -7.462 -8.343 -9.450 -9.351 -10.333 -10.469 -10.931 -11.461 -12.093 -12.484 -13.109 -13.447 -13.514
10.300 -0.033 2.712 -2.216 -5.163 -7.437 -8.318 -9.426 -9.326 -10.308 -10.444 -10.907 -11.436 -12.068 -12.459 -13.084 -13.422 -13.489
10.400 -0.009 2.737 -2.191 -5.138 -7.412 -8.293 -9.401 -9.302 -10.283 -10.419 -10.882 -11.411 -12.044 -12.434 -13.060 -13.397 -13.464
10.500 0.016 2.762 -2.166 -5.114 -7.387 -8.268 -9.376 -9.277 -10.258 -10.395 -10.857 -11.387 -12.019 -12.409 -13.035 -13.372 -13.439
10.600 0.041 2.787 -2.141 -5.089 -7.362 -8.243 -9.351 -9.252 -10.234 -10.370 -10.832 -11.362 -11.994 -12.384 -13.010 -13.348 -13.415
10.700 0.066 2.811 -2.117 -5.064 -7.338 -8.219 -9.327 -9.227 -10.209 -10.345 -10.808 -11.337 -11.969 -12.360 -12.985 -13.323 -13.390
10.800 0.090 2.836 -2.092 -5.039 -7.313 -8.194 -9.302 -9.203 -10.184 -10.320 -10.783 -11.312 -11.945 -12.335 -12.960 -13.298 -13.365
10.900 0.115 2.861 -2.067 -5.015 -7.288 -8.169 -9.277 -9.178 -10.159 -10.296 -10.758 -11.287 -11.920 -12.310 -12.936 -13.273 -13.340
11.000 0.140 2.885 -2.043 -4.990 -7.264 -8.145 -9.252 -9.153 -10.135 -10.271 -10.733 -11.263 -11.895 -12.286 -12.911 -13.249 -13.316
11.100 0.164 2.910 -2.018 -4.965 -7.239 -8.120 -9.228 -9.129 -10.110 -10.246 -10.709 -11.238 -11.871 -12.261 -12.887 -13.224 -13.291
11.200 0.189 2.934 -1.994 -4.941 -7.215 -8.096 -9.203 -9.104 -10.086 -10.222 -10.684 -11.214 -11.846 -12.237 -12.862 -13.200 -13.267
11.300 0.213 2.959 -1.969 -4.917 -7.190 -8.071 -9.179 -9.080 -10.061 -10.198 -10.660 -11.189 -11.822 -12.212 -12.838 -13.175 -13.242
11.400 0.237 2.983 -1.945 -4.892 -7.166 -8.047 -9.155 -9.056 -10.037 -10.173 -10.636 -11.165 -11.798 -12.188 -12.813 -13.151 -13.218
11.500 0.262 3.007 -1.921 -4.868 -7.142 -8.023 -9.131 -9.031 -10.013 -10.149 -10.612 -11.141 -11.774 -12.164 -12.789 -13.127 -13.194
11.600 0.286 3.031 -1.897 -4.844 -7.118 -7.999 -9.107 -9.007 -9.989 -10.125 -10.588 -11.117 -11.750 -12.140 -12.765 -13.103 -13.170
11.700 0.309 3.055 -1.873 -4.820 -7.094 -7.975 -9.083 -8.984 -9.965 -10.101 -10.564 -11.093 -11.726 -12.116 -12.742 -13.079 -13.146
11.800 0.333 3.079 -1.849 -4.797 -7.070 -7.951 -9.059 -8.960 -9.941 -10.078 -10.540 -11.070 -11.702 -12.092 -12.718 -13.055 -13.122
11.900 0.357 3.102 -1.826 -4.773 -7.047 -7.928 -9.036 -8.936 -9.918 -10.054 -10.517 -11.046 -11.678 -12.069 -12.694 -13.032 -13.099
12.000 0.380 3.126 -1.802 -4.750 -7.023 -7.904 -9.012 -8.913 -9.895 -10.031 -10.493 -11.023 -11.655 -12.045 -12.671 -13.008 -13.075
12.100 0.403 3.149 -1.779 -4.727 -7.000 -7.881 -8.989 -8.890 -9.871 -10.008 -10.470 -10.999 -11.632 -12.022 -12.648 -12.985 -13.052
12.200 0.426 3.172 -1.756 -4.704 -6.977 -7.858 -8.966 -8.867 -9.848 -9.985 -10.447 -10.976 -11.609 -11.999 -12.625 -12.962 -13.029
12.300 0.449 3.194 -1.733 -4.681 -6.954 -7.835 -8.943 -8.844 -9.826 -9.962 -10.424 -10.954 -11.586 -11.976 -12.602 -12.940 -13.007
12.400 0.471 3.217 -1.711 -4.658 -6.932 -7.813 -8.921 -8.822 -9.803 -9.939 -10.402 -10.931 -11.564 -11.954 -12.580 -12.917 -12.984
12.500 0.494 3.239 -1.689 -4.636 -6.910 -7.791 -8.899 -8.799 -9.781 -9.917 -10.379 -10.909 -11.541 -11.932 -12.557 -12.895 -12.962
12.600 0.516 3.261 -1.667 -4.614 -6.888 -7.769 -8.876 -8.777 -9.759 -9.895 -10.357 -10.887 -11.519 -11.910 -12.535 -12.873 -12.940
12.700 0.538 3.283 -1.645 -4.592 -6.866 -7.747 -8.855 -8.755 -9.737 -9.873 -10.336 -10.865 -11.497 -11.888 -12.513 -12.851 -12.918
12.800 0.559 3.305 -1.623 -4.570 -6.844 -7.725 -8.833 -8.734 -9.715 -9.852 -10.314 -10.843 -11.476 -11.866 -12.492 -12.829 -12.896
12.900 0.581 3.326 -1.602 -4.549 -6.823 -7.704 -8.812 -8.712 -9.694 -9.830 -10.293 -10.822 -11.454 -11.845 -12.470 -12.808 -12.875
13.000 0.602 3.347 -1.581 -4.528 -6.802 -7.683 -8.791 -8.691 -9.673 -9.809 -10.272 -10.801 -11.433 -11.824 -12.449 -12.787 -12.854
13.100 0.623 3.368 -1.560 -4.507 -6.781 -7.662 -8.770 -8.670 -9.652 -9.788 -10.251 -10.780 -11.413 -11.803 -12.428 -12.766 -12.833
13.200 0.643 3.389 -1.539 -4.487 -6.760 -7.641 -8.749 -8.650 -9.632 -9.768 -10.230 -10.760 -11.392 -11.782 -12.408 -12.745 -12.812
13.300 0.663 3.409 -1.519 -4.466 -6.740 -7.621 -8.729 -8.630 -9.611 -9.747 -10.210 -10.739 -11.372 -11.762 -12.388 -12.725 -12.792
13.400 0.683 3.429 -1.499 -4.446 -6.720 -7.601 -8.709 -8.609 -9.591 -9.727 -10.190 -10.719 -11.352 -11.742 -12.367 -12.705 -12.772
13.500 0.703 3.449 -1.479 -4.426 -6.700 -7.581 -8.689 -8.590 -9.571 -9.708 -10.170 -10.699 -11.332 -11.722 -12.348 -12.685 -12.752
13.600 0.723 3.468 -1.460 -4.407 -6.681 -7.562 -8.669 -8.570 -9.552 -9.688 -10.150 -10.680 -11.312 -11.703 -12.328 -12.666 -12.733
13.700 0.742 3.488 -1.440 -4.388 -6.661 -7.542 -8.650 -8.551 -9.533 -9.669 -10.131 -10.661 -11.293 -11.683 -12.309 -12.646 -12.713
13.800 0.761 3.507 -1.421 -4.369 -6.642 -7.523 -8.631 -8.532 -9.514 -9.650 -10.112 -10.642 -11.274 -11.664 -12.290 -12.627 -12.694
13.900 0.780 3.525 -1.403 -4.350 -6.624 -7.505 -8.612 -8.513 -9.495 -9.631 -10.093 -10.623 -11.255 -11.646 -12.271 -12.609 -12.676
14.000 0.798 3.544 -1.384 -4.331 -6.605 -7.486 -8.594 -8.495 -9.476 -9.612 -10.075 -10.604 -11.237 -11.627 -12.253 -12.590 -12.657
14.100 0.817 3.562 -1.366 -4.313 -6.587 -7.468 -8.576 -8.476 -9.458 -9.594 -10.057 -10.586 -11.219 -11.609 -12.234 -12.572 -12.639
14.200 0.835 3.580 -1.348 -4.295 -6.569 -7.450 -8.558 -8.458 -9.440 -9.576 -10.039 -10.568 -11.201 -11.591 -12.216 -12.554 -12.621
14.300 0.852 3.598 -1.330 -4.278 -6.551 -7.432 -8.540 -8.441 -9.422 -9.559 -10.021 -10.550 -11.183 -11.573 -12.199 -12.536 -12.603
14.400 0.870 3.615 -1.313 -4.260 -6.534 -7.415 -8.523 -8.423 -9.405 -9.541 -10.004 -10.533 -11.165 -11.556 -12.181 -12.519 -12.586
14.500 0.887 3.632 -1.296 -4.243 -6.517 -7.398 -8.505 -8.406 -9.388 -9.524 -9.986 -10.516 -11.148 -11.539 -12.164 -12.502 -12.569
14.600 0.904 3.649 -1.279 -4.226 -6.500 -7.381 -8.488 -8.389 -9.371 -9.507 -9.969 -10.499 -11.131 -11.522 -12.147 -12.485 -12.552
14.700 0.921 3.666 -1.262 -4.209 -6.483 -7.364 -8.472 -8.372 -9.354 -9.490 -9.953 -10.482 -11.115 -11.505 -12.130 -12.468 -12.535
14.800 0.937 3.683 -1.245 -4.193 -6.466 -7.347 -8.455 -8.356 -9.338 -9.474 -9.936 -10.466 -11.098 -11.488 -12.114 -12.452 -12.519
14.900 0.953 3.699 -1.229 -4.177 -6.450 -7.331 -8.439 -8.340 -9.321 -9.458 -9.920 -10.449 -11.082 -11.472 -12.098 -12.435 -12.502
15.000 0.969 3.715 -1.213 -4.161 -6.434 -7.315 -8.423 -8.324 -9.305 -9.442 -9.904 -10.433 -11.066 -11.456 -12.082 -12.419 -12.486
