# day W2 M2 W1 u B g V c r w o i z y J H K
0.000 -10.321 -10.117 -9.913 -9.057 -8.689 -8.511 -8.199 -8.324 -7.942 -8.127 -7.801 -7.520 -7.205 -6.962 -6.470 -5.834 -5.247
0.100 -14.774 -14.780 -14.713 -14.418 -14.226 -14.123 -13.938 -14.007 -13.772 -13.870 -13.677 -13.482 -13.250 -13.063 -12.672 -12.132 -11.614
0.200 -14.360 -14.547 -14.628 -14.764 -14.700 -14.649 -14.548 -14.583 -14.439 -14.488 -14.373 -14.230 -14.046 -13.891 -13.558 -13.071 -12.589
0.300 -13.677 -14.008 -14.247 -14.756 -14.812 -14.811 -14.783 -14.790 -14.727 -14.738 -14.688 -14.589 -14.448 -14.320 -14.036 -13.593 -13.141
0.400 -12.936 -13.370 -13.764 -14.593 -14.764 -14.810 -14.853 -14.835 -14.846 -14.827 -14.834 -14.776 -14.675 -14.575 -14.336 -13.934 -13.511
0.500 -12.177 -12.681 -13.227 -14.338 -14.620 -14.713 -14.823 -14.784 -14.866 -14.822 -14.881 -14.863 -14.803 -14.729 -14.536 -14.174 -13.778
0.600 -11.389 -11.938 -12.641 -14.012 -14.406 -14.545 -14.723 -14.664 -14.815 -14.751 -14.859 -14.881 -14.861 -14.814 -14.668 -14.347 -13.978
0.700 -10.568 -11.138 -12.010 -13.628 -14.135 -14.321 -14.565 -14.489 -14.708 -14.629 -14.781 -14.843 -14.866 -14.846 -14.748 -14.469 -14.129
0.800 -9.785 -10.348 -11.384 -13.215 -13.829 -14.061 -14.368 -14.278 -14.562 -14.473 -14.665 -14.766 -14.830 -14.839 -14.790 -14.555 -14.243
0.900 -9.146 -9.685 -10.840 -12.820 -13.523 -13.794 -14.156 -14.055 -14.394 -14.301 -14.526 -14.662 -14.767 -14.803 -14.804 -14.612 -14.330
1.000 -8.705 -9.224 -10.442 -12.498 -13.258 -13.556 -13.956 -13.850 -14.230 -14.139 -14.387 -14.552 -14.693 -14.753 -14.801 -14.651 -14.397
1.100 -8.412 -8.922 -10.176 -12.269 -13.056 -13.368 -13.791 -13.682 -14.088 -14.000 -14.263 -14.447 -14.616 -14.698 -14.786 -14.675 -14.450
1.200 -8.199 -8.699 -9.994 -12.121 -12.922 -13.241 -13.675 -13.565 -13.983 -13.899 -14.168 -14.365 -14.553 -14.650 -14.771 -14.694 -14.494
1.300 -8.016 -8.501 -9.846 -12.016 -12.834 -13.158 -13.597 -13.487 -13.911 -13.829 -14.102 -14.305 -14.504 -14.612 -14.757 -14.709 -14.532
1.400 -7.851 -8.314 -9.716 -11.935 -12.773 -13.104 -13.550 -13.438 -13.869 -13.787 -14.063 -14.269 -14.475 -14.588 -14.751 -14.725 -14.568
1.500 -7.692 -8.130 -9.590 -11.861 -12.725 -13.064 -13.520 -13.407 -13.845 -13.763 -14.043 -14.253 -14.464 -14.582 -14.754 -14.740 -14.592
1.600 -7.540 -7.951 -9.469 -11.790 -12.682 -13.031 -13.500 -13.384 -13.832 -13.749 -14.034 -14.249 -14.464 -14.585 -14.765 -14.761 -14.622
1.700 -7.392 -7.772 -9.349 -11.719 -12.639 -12.999 -13.480 -13.362 -13.821 -13.738 -14.028 -14.247 -14.467 -14.591 -14.778 -14.783 -14.653
1.800 -7.248 -7.595 -9.231 -11.647 -12.597 -12.969 -13.464 -13.344 -13.815 -13.731 -14.027 -14.252 -14.477 -14.605 -14.797 -14.805 -14.678
1.900 -7.106 -7.418 -9.113 -11.573 -12.553 -12.937 -13.446 -13.324 -13.808 -13.725 -14.026 -14.258 -14.489 -14.620 -14.817 -14.831 -14.707
2.000 -6.968 -7.244 -8.997 -11.499 -12.508 -12.903 -13.426 -13.303 -13.799 -13.716 -14.024 -14.261 -14.499 -14.634 -14.837 -14.856 -14.736
2.100 -6.833 -7.070 -8.881 -11.423 -12.461 -12.868 -13.406 -13.281 -13.790 -13.708 -14.021 -14.265 -14.510 -14.648 -14.857 -14.880 -14.763
2.200 -6.700 -6.897 -8.767 -11.346 -12.415 -12.834 -13.387 -13.260 -13.783 -13.702 -14.022 -14.273 -14.526 -14.668 -14.881 -14.904 -14.785
2.300 -6.570 -6.726 -8.654 -11.269 -12.367 -12.798 -13.366 -13.237 -13.774 -13.695 -14.020 -14.279 -14.539 -14.685 -14.903 -14.927 -14.807
2.400 -6.440 -6.552 -8.540 -11.188 -12.316 -12.759 -13.341 -13.212 -13.762 -13.684 -14.016 -14.282 -14.550 -14.700 -14.923 -14.948 -14.828
2.500 -6.316 -6.384 -8.429 -11.110 -12.266 -12.720 -13.317 -13.187 -13.749 -13.674 -14.010 -14.284 -14.560 -14.715 -14.943 -14.970 -14.849
2.600 -6.190 -6.211 -8.316 -11.027 -12.212 -12.678 -13.289 -13.158 -13.733 -13.660 -14.002 -14.283 -14.567 -14.727 -14.961 -14.992 -14.871
2.700 -6.066 -6.040 -8.204 -10.944 -12.157 -12.634 -13.260 -13.128 -13.716 -13.645 -13.992 -14.280 -14.572 -14.737 -14.978 -15.012 -14.892
2.800 -5.943 -5.867 -8.092 -10.859 -12.100 -12.589 -13.228 -13.095 -13.696 -13.628 -13.980 -14.275 -14.575 -14.745 -14.993 -15.031 -14.912
2.900 -5.825 -5.699 -7.983 -10.775 -12.044 -12.544 -13.197 -13.063 -13.676 -13.611 -13.968 -14.270 -14.578 -14.752 -15.007 -15.049 -14.931
3.000 -5.705 -5.527 -7.872 -10.688 -11.985 -12.496 -13.163 -13.029 -13.653 -13.591 -13.953 -14.262 -14.578 -14.757 -15.020 -15.066 -14.951
3.100 -5.587 -5.356 -7.762 -10.600 -11.925 -12.447 -13.127 -12.993 -13.629 -13.570 -13.936 -14.252 -14.577 -14.761 -15.032 -15.083 -14.970
3.200 -5.469 -5.183 -7.651 -10.511 -11.863 -12.396 -13.090 -12.955 -13.603 -13.547 -13.918 -14.241 -14.574 -14.764 -15.042 -15.098 -14.987
3.300 -5.352 -5.010 -7.540 -10.420 -11.800 -12.344 -13.051 -12.916 -13.575 -13.523 -13.898 -14.228 -14.569 -14.764 -15.050 -15.112 -15.003
3.400 -5.238 -4.839 -7.431 -10.330 -11.737 -12.291 -13.011 -12.876 -13.547 -13.498 -13.877 -14.214 -14.563 -14.763 -15.058 -15.125 -15.019
3.500 -5.123 -4.665 -7.321 -10.237 -11.671 -12.236 -12.970 -12.834 -13.516 -13.471 -13.854 -14.198 -14.556 -14.761 -15.064 -15.137 -15.034
3.600 -5.009 -4.492 -7.212 -10.144 -11.605 -12.181 -12.927 -12.792 -13.484 -13.444 -13.831 -14.181 -14.547 -14.758 -15.070 -15.149 -15.049
3.700 -4.895 -4.316 -7.101 -10.049 -11.537 -12.124 -12.883 -12.748 -13.451 -13.415 -13.805 -14.162 -14.537 -14.753 -15.074 -15.159 -15.063
3.800 -4.781 -4.139 -6.990 -9.952 -11.467 -12.065 -12.836 -12.702 -13.416 -13.384 -13.778 -14.141 -14.525 -14.747 -15.076 -15.168 -15.076
3.900 -4.669 -3.964 -6.881 -9.855 -11.398 -12.005 -12.790 -12.655 -13.381 -13.353 -13.751 -14.120 -14.512 -14.740 -15.078 -15.177 -15.089
4.000 -4.558 -3.788 -6.772 -9.757 -11.327 -11.945 -12.742 -12.608 -13.344 -13.321 -13.722 -14.098 -14.499 -14.731 -15.079 -15.185 -15.101
4.100 -4.446 -3.608 -6.661 -9.656 -11.254 -11.882 -12.692 -12.559 -13.305 -13.286 -13.691 -14.073 -14.483 -14.721 -15.078 -15.191 -15.111
4.200 -4.334 -3.430 -6.551 -9.556 -11.180 -11.819 -12.642 -12.509 -13.265 -13.252 -13.660 -14.048 -14.466 -14.711 -15.077 -15.198 -15.122
4.300 -4.223 -3.249 -6.440 -9.453 -11.105 -11.754 -12.589 -12.457 -13.224 -13.216 -13.627 -14.022 -14.449 -14.699 -15.075 -15.203 -15.132
4.400 -4.111 -3.067 -6.328 -9.349 -11.028 -11.688 -12.536 -12.404 -13.182 -13.178 -13.592 -13.994 -14.430 -14.685 -15.072 -15.207 -15.141
4.500 -4.000 -2.884 -6.217 -9.243 -10.950 -11.621 -12.481 -12.350 -13.138 -13.140 -13.557 -13.965 -14.409 -14.671 -15.067 -15.211 -15.150
4.600 -3.889 -2.701 -6.107 -9.138 -10.872 -11.553 -12.426 -12.296 -13.094 -13.101 -13.521 -13.935 -14.388 -14.656 -15.062 -15.214 -15.158
4.700 -3.778 -2.516 -5.995 -9.030 -10.792 -11.484 -12.369 -12.240 -13.048 -13.060 -13.483 -13.904 -14.366 -14.639 -15.056 -15.216 -15.166
4.800 -3.666 -2.329 -5.882 -8.921 -10.710 -11.413 -12.310 -12.182 -13.000 -13.018 -13.444 -13.871 -14.342 -14.622 -15.049 -15.217 -15.172
4.900 -3.555 -2.141 -5.770 -8.810 -10.628 -11.341 -12.250 -12.124 -12.952 -12.976 -13.404 -13.837 -14.317 -14.603 -15.041 -15.218 -15.179
5.000 -3.444 -1.953 -5.657 -8.698 -10.544 -11.267 -12.190 -12.064 -12.902 -12.932 -13.363 -13.802 -14.292 -14.584 -15.032 -15.219 -15.185
5.100 -3.332 -1.762 -5.544 -8.585 -10.458 -11.193 -12.127 -12.003 -12.851 -12.887 -13.321 -13.766 -14.265 -14.563 -15.022 -15.218 -15.190
5.200 -3.219 -1.569 -5.430 -8.470 -10.371 -11.116 -12.064 -11.940 -12.799 -12.841 -13.277 -13.729 -14.237 -14.541 -15.012 -15.216 -15.195
5.300 -3.107 -1.376 -5.316 -8.354 -10.284 -11.039 -11.999 -11.878 -12.746 -12.795 -13.233 -13.691 -14.208 -14.519 -15.000 -15.215 -15.199
5.400 -2.995 -1.182 -5.202 -8.237 -10.195 -10.961 -11.934 -11.813 -12.691 -12.747 -13.188 -13.652 -14.178 -14.495 -14.988 -15.212 -15.202
5.500 -2.882 -0.987 -5.087 -8.118 -10.105 -10.882 -11.867 -11.748 -12.636 -12.698 -13.141 -13.611 -14.147 -14.470 -14.975 -15.209 -15.206
5.600 -2.768 -0.788 -4.971 -7.997 -10.013 -10.801 -11.798 -11.681 -12.578 -12.647 -13.093 -13.569 -14.114 -14.445 -14.961 -15.204 -15.208
5.700 -2.655 -0.590 -4.855 -7.876 -9.921 -10.719 -11.729 -11.613 -12.520 -12.597 -13.044 -13.526 -14.081 -14.418 -14.946 -15.200 -15.210
5.800 -2.541 -0.391 -4.739 -7.753 -9.827 -10.636 -11.658 -11.544 -12.461 -12.544 -12.994 -13.483 -14.047 -14.391 -14.931 -15.195 -15.212
5.900 -2.426 -0.189 -4.622 -7.628 -9.731 -10.551 -11.586 -11.474 -12.400 -12.491 -12.943 -13.437 -14.012 -14.362 -14.914 -15.189 -15.213
6.000 -2.310 0.014 -4.504 -7.502 -9.634 -10.464 -11.512 -11.402 -12.338 -12.437 -12.890 -13.391 -13.975 -14.332 -14.897 -15.182 -15.213
6.100 -2.194 0.219 -4.385 -7.374 -9.536 -10.377 -11.437 -11.329 -12.275 -12.381 -12.837 -13.343 -13.938 -14.302 -14.879 -15.175 -15.213
6.200 -2.078 0.423 -4.267 -7.246 -9.437 -10.289 -11.361 -11.256 -12.211 -12.325 -12.782 -13.295 -13.900 -14.270 -14.860 -15.167 -15.213
6.300 -1.961 0.627 -4.148 -7.116 -9.337 -10.199 -11.285 -11.181 -12.146 -12.268 -12.727 -13.246 -13.860 -14.238 -14.841 -15.158 -15.212
6.400 -1.844 0.833 -4.028 -6.985 -9.236 -10.108 -11.207 -11.106 -12.080 -12.210 -12.671 -13.196 -13.820 -14.205 -14.820 -15.149 -15.210
6.500 -1.750 0.996 -3.932 -6.880 -9.153 -10.034 -11.142 -11.043 -12.024 -12.161 -12.623 -13.152 -13.785 -14.175 -14.801 -15.138 -15.205
6.600 -1.735 1.010 -3.918 -6.865 -9.139 -10.020 -11.128 -11.028 -12.010 -12.146 -12.609 -13.138 -13.771 -14.161 -14.786 -15.124 -15.191
6.700 -1.721 1.025 -3.903 -6.851 -9.124 -10.005 -11.113 -11.014 -11.996 -12.132 -12.594 -13.124 -13.756 -14.146 -14.772 -15.109 -15.176
6.800 -1.706 1.040 -3.888 -6.836 -9.109 -9.990 -11.098 -10.999 -11.981 -12.117 -12.579 -13.109 -13.741 -14.131 -14.757 -15.095 -15.162
6.900 -1.691 1.055 -3.873 -6.821 -9.094 -9.975 -11.083 -10.984 -11.965 -12.102 -12.564 -13.094 -13.726 -14.116 -14.742 -15.079 -15.146
7.000 -1.675 1.070 -3.858 -6.805 -9.079 -9.960 -11.068 -10.968 -11.950 -12.086 -12.549 -13.078 -13.710 -14.101 -14.726 -15.064 -15.131
7.100 -1.659 1.086 -3.842 -6.789 -9.063 -9.944 -11.052 -10.952 -11.934 -12.070 -12.533 -13.062 -13.695 -14.085 -14.710 -15.048 -15.115
7.200 -1.644 1.102 -3.826 -6.773 -9.047 -9.928 -11.036 -10.937 -11.918 -12.054 -12.517 -13.046 -13.679 -14.069 -14.694 -15.032 -15.099
7.300 -1.627 1.118 -3.810 -6.757 -9.031 -9.912 -11.020 -10.920 -11.902 -12.038 -12.501 -13.030 -13.663 -14.053 -14.678 -15.016 -15.083
7.400 -1.611 1.135 -3.793 -6.741 -9.014 -9.895 -11.003 -10.904 -11.886 -12.022 -12.484 -13.014 -13.646 -14.036 -14.662 -14.999 -15.067
7.500 -1.594 1.151 -3.777 -6.724 -8.998 -9.879 -10.986 -10.887 -11.869 -12.005 -12.467 -12.997 -13.629 -14.020 -14.645 -14.983 -15.050
7.600 -1.577 1.169 -3.759 -6.707 -8.980 -9.861 -10.969 -10.870 -11.852 -11.988 -12.450 -12.980 -13.612 -14.002 -14.628 -14.966 -15.033
7.700 -1.560 1.186 -3.742 -6.690 -8.963 -9.844 -10.952 -10.853 -11.834 -11.971 -12.433 -12.962 -13.595 -13.985 -14.611 -14.948 -15.015
7.800 -1.542 1.203 -3.725 -6.672 -8.946 -9.827 -10.935 -10.835 -11.817 -11.953 -12.416 -12.945 -13.577 -13.968 -14.593 -14.931 -14.998
7.900 -1.525 1.221 -3.707 -6.654 -8.928 -9.809 -10.917 -10.818 -11.799 -11.935 -12.398 -12.927 -13.560 -13.950 -14.575 -14.913 -14.980
8.000 -1.506 1.239 -3.689 -6.636 -8.910 -9.791 -10.899 -10.799 -11.781 -11.917 -12.380 -12.909 -13.542 -13.932 -14.557 -14.895 -14.962
8.100 -1.488 1.257 -3.671 -6.618 -8.892 -9.773 -10.880 -10.781 -11.763 -11.899 -12.361 -12.891 -13.523 -13.914 -14.539 -14.877 -14.944
8.200 -1.470 1.276 -3.652 -6.599 -8.873 -9.754 -10.862 -10.763 -11.744 -11.880 -12.343 -12.872 -13.505 -13.895 -14.521 -14.858 -14.925
8.300 -1.451 1.295 -3.633 -6.581 -8.854 -9.735 -10.843 -10.744 -11.725 -11.862 -12.324 -12.854 -13.486 -13.876 -14.502 -14.839 -14.906
8.400 -1.432 1.314 -3.614 -6.562 -8.835 -9.716 -10.824 -10.725 -11.707 -11.843 -12.305 -12.835 -13.467 -13.857 -14.483 -14.820 -14.887
8.500 -1.413 1.333 -3.595 -6.543 -8.816 -9.697 -10.805 -10.706 -11.687 -11.824 -12.286 -12.815 -13.448 -13.838 -14.464 -14.801 -14.868
8.600 -1.393 1.352 -3.576 -6.523 -8.797 -9.678 -10.786 -10.686 -11.668 -11.804 -12.267 -12.796 -13.429 -13.819 -14.444 -14.782 -14.849
8.700 -1.374 1.372 -3.556 -6.504 -8.777 -9.658 -10.766 -10.667 -11.649 -11.785 -12.247 -12.777 -13.409 -13.799 -14.425 -14.762 -14.829
8.800 -1.354 1.392 -3.536 -6.484 -8.757 -9.638 -10.746 -10.647 -11.629 -11.765 -12.227 -12.757 -13.389 -13.779 -14.405 -14.743 -14.810
8.900 -1.334 1.412 -3.516 -6.464 -8.737 -9.618 -10.726 -10.627 -11.609 -11.745 -12.207 -12.737 -13.369 -13.759 -14.385 -14.722 -14.789
9.000 -1.314 1.432 -3.496 -6.443 -8.717 -9.598 -10.706 -10.607 -11.588 -11.725 -12.187 -12.716 -13.349 -13.739 -14.365 -14.702 -14.769
9.100 -1.293 1.452 -3.476 -6.423 -8.697 -9.578 -10.686 -10.586 -11.568 -11.704 -12.167 -12.696 -13.328 -13.719 -14.344 -14.682 -14.749
9.200 -1.273 1.473 -3.455 -6.403 -8.676 -9.557 -10.665 -10.566 -11.547 -11.684 -12.146 -12.675 -13.308 -13.698 -14.324 -14.661 -14.728
9.300 -1.252 1.494 -3.434 -6.382 -8.655 -9.536 -10.644 -10.545 -11.527 -11.663 -12.125 -12.655 -13.287 -13.677 -14.303 -14.640 -14.707
9.400 -1.231 1.515 -3.413 -6.361 -8.634 -9.515 -10.623 -10.524 -11.506 -11.642 -12.104 -12.634 -13.266 -13.656 -14.282 -14.619 -14.686
9.500 -1.210 1.536 -3.392 -6.339 -8.613 -9.494 -10.602 -10.503 -11.484 -11.621 -12.083 -12.612 -13.245 -13.635 -14.261 -14.598 -14.665
9.600 -1.188 1.557 -3.371 -6.318 -8.592 -9.473 -10.581 -10.481 -11.463 -11.599 -12.062 -12.591 -13.223 -13.614 -14.239 -14.577 -14.644
9.700 -1.167 1.579 -3.349 -6.296 -8.570 -9.451 -10.559 -10.460 -11.441 -11.578 -12.040 -12.569 -13.202 -13.592 -14.218 -14.555 -14.622
9.800 -1.145 1.601 -3.327 -6.275 -8.548 -9.429 -10.537 -10.438 -11.420 -11.556 -12.018 -12.548 -13.180 -13.570 -14.196 -14.534 -14.601
9.900 -1.123 1.622 -3.306 -6.253 -8.527 -9.408 -10.515 -10.416 -11.398 -11.534 -11.996 -12.526 -13.158 -13.549 -14.174 -14.512 -14.579
10.000 -1.101 1.644 -3.284 -6.231 -8.505 -9.386 -10.494 -10.394 -11.376 -11.512 -11.975 -12.504 -13.136 -13.527 -14.152 -14.490 -14.557
10.100 -1.079 1.666 -3.262 -6.209 -8.483 -9.364 -10.471 -10.372 -11.354 -11.490 -11.952 -12.482 -13.114 -13.505 -14.130 -14.468 -14.535
10.200 -1.057 1.689 -3.239 -6.187 -8.460 -9.341 -10.449 -10.350 -11.332 -11.468 -11.930 -12.460 -13.092 -13.482 -14.108 -14.445 -14.512
10.300 -1.034 1.711 -3.217 -6.164 -8.438 -9.319 -10.427 -10.327 -11.309 -11.445 -11.908 -12.437 -13.069 -13.460 -14.085 -14.423 -14.490
10.400 -1.012 1.734 -3.194 -6.142 -8.415 -9.296 -10.404 -10.305 -11.286 -11.423 -11.885 -12.414 -13.047 -13.437 -14.063 -14.400 -14.467
10.500 -0.989 1.756 -3.171 -6.119 -8.392 -9.273 -10.381 -10.282 -11.264 -11.400 -11.862 -12.392 -13.024 -13.414 -14.040 -14.378 -14.445
10.600 -0.966 1.779 -3.149 -6.096 -8.370 -9.251 -10.359 -10.259 -11.241 -11.377 -11.840 -12.369 -13.001 -13.392 -14.017 -14.355 -14.422
10.700 -0.943 1.802 -3.126 -6.073 -8.347 -9.228 -10.336 -10.236 -11.218 -11.354 -11.817 -12.346 -12.979 -13.369 -13.994 -14.332 -14.399
10.800 -0.920 1.825 -3.103 -6.050 -8.324 -9.205 -10.313 -10.213 -11.195 -11.331 -11.794 -12.323 -12.956 -13.346 -13.971 -14.309 -14.376
10.900 -0.897 1.848 -3.080 -6.027 -8.301 -9.182 -10.290 -10.190 -11.172 -11.308 -11.771 -12.300 -12.932 -13.323 -13.948 -14.286 -14.353
11.000 -0.874 1.872 -3.056 -6.004 -8.277 -9.158 -10.266 -10.167 -11.149 -11.285 -11.747 -12.277 -12.909 -13.299 -13.925 -14.263 -14.330
11.100 -0.851 1.895 -3.033 -5.980 -8.254 -9.135 -10.243 -10.144 -11.125 -11.262 -11.724 -12.253 -12.886 -13.276 -13.902 -14.239 -14.306
11.200 -0.827 1.918 -3.010 -5.957 -8.231 -9.112 -10.220 -10.120 -11.102 -11.238 -11.701 -12.230 -12.862 -13.253 -13.878 -14.216 -14.283
11.300 -0.804 1.942 -2.986 -5.934 -8.207 -9.088 -10.196 -10.097 -11.078 -11.215 -11.677 -12.206 -12.839 -13.229 -13.855 -14.192 -14.259
11.400 -0.780 1.965 -2.963 -5.910 -8.184 -9.065 -10.173 -10.073 -11.055 -11.191 -11.654 -12.183 -12.815 -13.206 -13.831 -14.169 -14.236
11.500 -0.757 1.989 -2.939 -5.887 -8.160 -9.041 -10.149 -10.050 -11.031 -11.168 -11.630 -12.159 -12.792 -13.182 -13.808 -14.145 -14.212
11.600 -0.733 2.012 -2.916 -5.863 -8.137 -9.018 -10.125 -10.026 -11.008 -11.144 -11.606 -12.136 -12.768 -13.159 -13.784 -14.122 -14.189
11.700 -0.710 2.036 -2.892 -5.839 -8.113 -8.994 -10.102 -10.003 -10.984 -11.120 -11.583 -12.112 -12.745 -13.135 -13.760 -14.098 -14.165
11.800 -0.686 2.060 -2.868 -5.816 -8.089 -8.970 -10.078 -9.979 -10.960 -11.097 -11.559 -12.089 -12.721 -13.111 -13.737 -14.074 -14.141
11.900 -0.662 2.083 -2.845 -5.792 -8.065 -8.946 -10.054 -9.955 -10.937 -11.073 -11.535 -12.065 -12.697 -13.087 -13.713 -14.051 -14.118
12.000 -0.638 2.107 -2.821 -5.768 -8.042 -8.923 -10.031 -9.931 -10.913 -11.049 -11.512 -12.041 -12.673 -13.064 -13.689 -14.027 -14.094
12.100 -0.615 2.131 -2.797 -5.744 -8.018 -8.899 -10.007 -9.908 -10.889 -11.025 -11.488 -12.017 -12.650 -13.040 -13.665 -14.003 -14.070
12.200 -0.591 2.155 -2.773 -5.721 -7.994 -8.875 -9.983 -9.884 -10.865 -11.002 -11.464 -11.993 -12.626 -13.016 -13.642 -13.979 -14.046
12.300 -0.567 2.179 -2.749 -5.697 -7.970 -8.851 -9.959 -9.860 -10.842 -10.978 -11.440 -11.970 -12.602 -12.992 -13.618 -13.956 -14.023
12.400 -0.543 2.202 -2.726 -5.673 -7.947 -8.828 -9.936 -9.836 -10.818 -10.954 -11.416 -11.946 -12.578 -12.969 -13.594 -13.932 -13.999
12.500 -0.520 2.226 -2.702 -5.649 -7.923 -8.804 -9.912 -9.813 -10.794 -10.930 -11.393 -11.922 -12.555 -12.945 -13.570 -13.908 -13.975
12.600 -0.496 2.250 -2.678 -5.626 -7.899 -8.780 -9.888 -9.789 -10.770 -10.907 -11.369 -11.899 -12.531 -12.921 -13.547 -13.884 -13.951
12.700 -0.472 2.273 -2.654 -5.602 -7.875 -8.756 -9.864 -9.765 -10.747 -10.883 -11.345 -11.875 -12.507 -12.897 -13.523 -13.861 -13.928
12.800 -0.448 2.297 -2.631 -5.578 -7.852 -8.733 -9.841 -9.741 -10.723 -10.859 -11.322 -11.851 -12.484 -12.874 -13.499 -13.837 -13.904
12.900 -0.425 2.321 -2.607 -5.555 -7.828 -8.709 -9.817 -9.718 -10.699 -10.836 -11.298 -11.828 -12.460 -12.850 -13.476 -13.813 -13.880
13.000 -0.401 2.344 -2.584 -5.531 -7.805 -8.686 -9.794 -9.694 -10.676 -10.812 -11.275 -11.804 -12.436 -12.827 -13.452 -13.790 -13.857
13.100 -0.378 2.368 -2.560 -5.508 -7.781 -8.662 -9.770 -9.671 -10.652 -10.789 -11.251 -11.780 -12.413 -12.803 -13.429 -13.766 -13.833
13.200 -0.354 2.391 -2.537 -5.484 -7.758 -8.639 -9.747 -9.647 -10.629 -10.765 -11.228 -11.757 -12.389 -12.780 -13.405 -13.743 -13.810
13.300 -0.331 2.415 -2.513 -5.461 -7.734 -8.615 -9.723 -9.624 -10.606 -10.742 -11.204 -11.734 -12.366 -12.756 -13.382 -13.719 -13.787
13.400 -0.308 2.438 -2.490 -5.438 -7.711 -8.592 -9.700 -9.601 -10.582 -10.719 -11.181 -11.710 -12.343 -12.733 -13.359 -13.696 -13.763
13.500 -0.285 2.461 -2.467 -5.414 -7.688 -8.569 -9.677 -9.578 -10.559 -10.695 -11.158 -11.687 -12.320 -12.710 -13.336 -13.673 -13.740
13.600 -0.262 2.484 -2.444 -5.391 -7.665 -8.546 -9.654 -9.555 -10.536 -10.672 -11.135 -11.664 -12.297 -12.687 -13.312 -13.650 -13.717
13.700 -0.239 2.507 -2.421 -5.368 -7.642 -8.523 -9.631 -9.532 -10.513 -10.649 -11.112 -11.641 -12.274 -12.664 -13.290 -13.627 -13.694
13.800 -0.216 2.530 -2.398 -5.345 -7.619 -8.500 -9.608 -9.509 -10.490 -10.627 -11.089 -11.618 -12.251 -12.641 -13.267 -13.604 -13.671
13.900 -0.193 2.553 -2.375 -5.323 -7.596 -8.477 -9.585 -9.486 -10.468 -10.604 -11.066 -11.596 -12.228 -12.618 -13.244 -13.581 -13.649
14.000 -0.170 2.575 -2.353 -5.300 -7.574 -8.455 -9.563 -9.463 -10.445 -10.581 -11.044 -11.573 -12.205 -12.596 -13.221 -13.559 -13.626
14.100 -0.148 2.598 -2.330 -5.278 -7.551 -8.432 -9.540 -9.441 -10.422 -10.559 -11.021 -11.551 -12.183 -12.573 -13.199 -13.536 -13.603
14.200 -0.125 2.620 -2.308 -5.255 -7.529 -8.410 -9.518 -9.418 -10.400 -10.536 -10.999 -11.528 -12.161 -12.551 -13.176 -13.514 -13.581
14.300 -0.103 2.642 -2.286 -5.233 -7.507 -8.388 -9.495 -9.396 -10.378 -10.514 -10.976 -11.506 -12.138 -12.529 -13.154 -13.492 -13.559
14.400 -0.081 2.664 -2.264 -5.211 -7.485 -8.366 -9.473 -9.374 -10.356 -10.492 -10.954 -11.484 -12.116 -12.507 -13.132 -13.470 -13.537
14.500 -0.059 2.686 -2.242 -5.189 -7.463 -8.344 -9.452 -9.352 -10.334 -10.470 -10.933 -11.462 -12.094 -12.485 -13.110 -13.448 -13.515
14.600 -0.038 2.708 -2.220 -5.167 -7.441 -8.322 -9.430 -9.330 -10.312 -10.448 -10.911 -11.440 -12.073 -12.463 -13.088 -13.426 -13.493
14.700 -0.016 2.730 -2.198 -5.146 -7.419 -8.300 -9.408 -9.309 -10.291 -10.427 -10.889 -11.419 -12.051 -12.441 -13.067 -13.404 -13.471
14.800 0.006 2.751 -2.177 -5.124 -7.398 -8.279 -9.387 -9.287 -10.269 -10.405 -10.868 -11.397 -12.030 -12.420 -13.045 -13.383 -13.450
14.900 0.027 2.772 -2.156 -5.103 -7.377 -8.258 -9.365 -9.266 -10.248 -10.384 -10.846 -11.376 -12.008 -12.399 -13.024 -13.362 -13.429
15.000 0.048 2.793 -2.134 -5.082 -7.355 -8.236 -9.344 -9.245 -10.227 -10.363 -10.825 -11.355 -11.987 -12.377 -13.003 -13.341 -13.408
