# day W2 M2 W1 u B g V c r w o i z y J H K
0.000 -6.738 -6.625 -6.472 -5.845 -5.541 -5.389 -5.121 -5.226 -4.895 -5.048 -4.768 -4.515 -4.225 -3.999 -3.537 -2.930 -2.362
0.100 -10.651 -10.939 -11.138 -11.590 -11.653 -11.659 -11.647 -11.649 -11.604 -11.609 -11.574 -11.488 -11.360 -11.242 -10.971 -10.538 -10.093
0.200 -10.695 -11.088 -11.421 -12.153 -12.314 -12.362 -12.414 -12.395 -12.422 -12.400 -12.421 -12.380 -12.301 -12.216 -12.006 -11.630 -11.224
0.300 -10.581 -11.038 -11.479 -12.409 -12.640 -12.718 -12.813 -12.780 -12.855 -12.818 -12.873 -12.862 -12.815 -12.752 -12.585 -12.249 -11.872
0.400 -10.428 -10.929 -11.461 -12.550 -12.839 -12.940 -13.070 -13.027 -13.137 -13.091 -13.172 -13.183 -13.160 -13.115 -12.981 -12.677 -12.323
0.500 -10.262 -10.793 -11.407 -12.631 -12.971 -13.093 -13.252 -13.200 -13.341 -13.286 -13.388 -13.417 -13.415 -13.385 -13.278 -13.001 -12.666
0.600 -10.096 -10.646 -11.335 -12.676 -13.063 -13.203 -13.388 -13.329 -13.496 -13.435 -13.555 -13.599 -13.615 -13.596 -13.514 -13.260 -12.943
0.700 -9.931 -10.495 -11.253 -12.698 -13.127 -13.284 -13.493 -13.428 -13.619 -13.552 -13.688 -13.746 -13.777 -13.769 -13.708 -13.475 -13.173
0.800 -9.769 -10.341 -11.164 -12.703 -13.172 -13.345 -13.576 -13.505 -13.718 -13.646 -13.796 -13.867 -13.912 -13.914 -13.871 -13.657 -13.370
0.900 -9.611 -10.186 -11.071 -12.695 -13.203 -13.391 -13.642 -13.566 -13.799 -13.724 -13.886 -13.968 -14.026 -14.037 -14.011 -13.815 -13.540
1.000 -9.456 -10.031 -10.975 -12.678 -13.222 -13.425 -13.695 -13.614 -13.866 -13.788 -13.962 -14.055 -14.124 -14.144 -14.134 -13.954 -13.691
1.100 -9.305 -9.877 -10.878 -12.654 -13.232 -13.449 -13.738 -13.653 -13.923 -13.841 -14.027 -14.130 -14.210 -14.237 -14.242 -14.077 -13.826
1.200 -9.160 -9.726 -10.781 -12.625 -13.236 -13.466 -13.773 -13.684 -13.971 -13.887 -14.083 -14.195 -14.286 -14.320 -14.339 -14.188 -13.947
1.300 -9.016 -9.573 -10.682 -12.590 -13.233 -13.476 -13.799 -13.707 -14.010 -13.924 -14.130 -14.251 -14.352 -14.393 -14.426 -14.288 -14.058
1.400 -8.876 -9.422 -10.583 -12.551 -13.225 -13.480 -13.820 -13.724 -14.044 -13.956 -14.171 -14.301 -14.411 -14.459 -14.504 -14.378 -14.158
1.500 -8.738 -9.271 -10.483 -12.508 -13.212 -13.480 -13.836 -13.736 -14.071 -13.982 -14.205 -14.344 -14.464 -14.518 -14.575 -14.461 -14.251
1.600 -8.605 -9.123 -10.386 -12.463 -13.196 -13.476 -13.847 -13.745 -14.094 -14.004 -14.236 -14.383 -14.511 -14.571 -14.640 -14.538 -14.336
1.700 -8.472 -8.973 -10.285 -12.414 -13.176 -13.467 -13.854 -13.748 -14.112 -14.021 -14.261 -14.416 -14.553 -14.619 -14.699 -14.608 -14.415
1.800 -8.344 -8.826 -10.188 -12.365 -13.154 -13.457 -13.858 -13.750 -14.128 -14.036 -14.283 -14.446 -14.592 -14.664 -14.754 -14.674 -14.489
1.900 -8.216 -8.678 -10.088 -12.311 -13.128 -13.442 -13.857 -13.747 -14.139 -14.046 -14.301 -14.471 -14.626 -14.703 -14.804 -14.734 -14.558
2.000 -8.090 -8.530 -9.989 -12.256 -13.100 -13.424 -13.854 -13.741 -14.146 -14.053 -14.315 -14.493 -14.656 -14.739 -14.850 -14.791 -14.622
2.100 -7.968 -8.385 -9.891 -12.200 -13.070 -13.405 -13.849 -13.734 -14.152 -14.059 -14.328 -14.513 -14.684 -14.772 -14.893 -14.844 -14.683
2.200 -7.845 -8.239 -9.792 -12.142 -13.038 -13.385 -13.843 -13.726 -14.157 -14.065 -14.340 -14.533 -14.713 -14.807 -14.936 -14.891 -14.732
2.300 -7.724 -8.092 -9.693 -12.081 -13.004 -13.362 -13.834 -13.715 -14.160 -14.068 -14.350 -14.552 -14.740 -14.839 -14.975 -14.935 -14.778
2.400 -7.606 -7.946 -9.595 -12.020 -12.969 -13.337 -13.823 -13.703 -14.161 -14.070 -14.359 -14.568 -14.765 -14.869 -15.013 -14.977 -14.821
2.500 -7.489 -7.801 -9.497 -11.958 -12.933 -13.311 -13.811 -13.689 -14.160 -14.070 -14.365 -14.581 -14.787 -14.896 -15.048 -15.017 -14.863
2.600 -7.373 -7.655 -9.399 -11.894 -12.894 -13.283 -13.796 -13.673 -14.156 -14.067 -14.368 -14.592 -14.807 -14.921 -15.081 -15.054 -14.902
2.700 -7.256 -7.507 -9.299 -11.827 -12.852 -13.252 -13.779 -13.654 -14.150 -14.062 -14.369 -14.601 -14.823 -14.943 -15.111 -15.090 -14.940
2.800 -7.143 -7.362 -9.201 -11.761 -12.811 -13.221 -13.761 -13.634 -14.143 -14.056 -14.369 -14.608 -14.839 -14.964 -15.140 -15.123 -14.976
2.900 -7.031 -7.216 -9.103 -11.693 -12.768 -13.188 -13.741 -13.613 -14.134 -14.049 -14.367 -14.613 -14.852 -14.983 -15.166 -15.156 -15.010
3.000 -6.918 -7.068 -9.004 -11.623 -12.723 -13.153 -13.719 -13.590 -14.122 -14.039 -14.363 -14.616 -14.864 -14.999 -15.191 -15.186 -15.043
3.100 -6.807 -6.921 -8.906 -11.553 -12.677 -13.117 -13.695 -13.566 -14.110 -14.029 -14.357 -14.617 -14.874 -15.014 -15.214 -15.214 -15.075
3.200 -6.695 -6.772 -8.806 -11.480 -12.628 -13.079 -13.670 -13.539 -14.095 -14.016 -14.350 -14.617 -14.881 -15.027 -15.236 -15.242 -15.105
3.300 -6.586 -6.625 -8.708 -11.408 -12.580 -13.040 -13.644 -13.512 -14.079 -14.003 -14.341 -14.615 -14.888 -15.039 -15.256 -15.268 -15.134
3.400 -6.477 -6.476 -8.609 -11.333 -12.530 -13.000 -13.616 -13.484 -14.062 -13.988 -14.331 -14.612 -14.893 -15.049 -15.274 -15.292 -15.161
3.500 -6.368 -6.326 -8.509 -11.258 -12.479 -12.958 -13.586 -13.454 -14.043 -13.972 -14.319 -14.607 -14.896 -15.058 -15.292 -15.315 -15.187
3.600 -6.260 -6.176 -8.410 -11.181 -12.426 -12.916 -13.556 -13.423 -14.023 -13.954 -14.307 -14.601 -14.898 -15.065 -15.307 -15.337 -15.213
3.700 -6.151 -6.024 -8.310 -11.103 -12.372 -12.871 -13.524 -13.390 -14.001 -13.936 -14.292 -14.593 -14.899 -15.071 -15.322 -15.358 -15.237
3.800 -6.044 -5.872 -8.210 -11.024 -12.317 -12.826 -13.491 -13.357 -13.979 -13.916 -14.277 -14.584 -14.898 -15.076 -15.335 -15.377 -15.260
3.900 -5.938 -5.721 -8.111 -10.944 -12.261 -12.780 -13.457 -13.323 -13.955 -13.896 -14.261 -14.575 -14.897 -15.080 -15.348 -15.396 -15.282
4.000 -5.831 -5.567 -8.010 -10.862 -12.204 -12.733 -13.421 -13.287 -13.930 -13.873 -14.243 -14.563 -14.894 -15.082 -15.358 -15.413 -15.303
4.100 -5.725 -5.412 -7.910 -10.780 -12.146 -12.684 -13.385 -13.250 -13.904 -13.851 -14.224 -14.551 -14.889 -15.083 -15.368 -15.430 -15.323
4.200 -5.619 -5.257 -7.809 -10.696 -12.086 -12.634 -13.347 -13.212 -13.876 -13.827 -14.203 -14.537 -14.884 -15.083 -15.377 -15.445 -15.342
4.300 -5.513 -5.100 -7.708 -10.611 -12.025 -12.583 -13.308 -13.173 -13.848 -13.802 -14.182 -14.522 -14.877 -15.082 -15.385 -15.460 -15.360
4.400 -5.408 -4.943 -7.607 -10.525 -11.964 -12.531 -13.268 -13.133 -13.818 -13.776 -14.160 -14.506 -14.870 -15.079 -15.391 -15.473 -15.378
4.500 -5.304 -4.785 -7.506 -10.438 -11.901 -12.479 -13.227 -13.092 -13.788 -13.749 -14.137 -14.490 -14.861 -15.076 -15.397 -15.486 -15.394
4.600 -5.198 -4.625 -7.404 -10.349 -11.837 -12.425 -13.185 -13.050 -13.756 -13.721 -14.113 -14.472 -14.852 -15.072 -15.402 -15.498 -15.410
4.700 -5.094 -4.464 -7.302 -10.260 -11.772 -12.369 -13.142 -13.007 -13.723 -13.693 -14.087 -14.453 -14.841 -15.067 -15.406 -15.508 -15.425
4.800 -4.989 -4.302 -7.200 -10.169 -11.707 -12.313 -13.098 -12.964 -13.689 -13.663 -14.061 -14.433 -14.829 -15.061 -15.409 -15.518 -15.439
4.900 -4.884 -4.139 -7.097 -10.077 -11.640 -12.256 -13.052 -12.919 -13.654 -13.633 -14.034 -14.412 -14.816 -15.053 -15.411 -15.528 -15.453
5.000 -4.780 -3.974 -6.994 -9.984 -11.571 -12.198 -13.006 -12.873 -13.618 -13.601 -14.006 -14.390 -14.803 -15.045 -15.412 -15.536 -15.466
5.100 -4.676 -3.808 -6.891 -9.890 -11.503 -12.139 -12.959 -12.826 -13.582 -13.569 -13.977 -14.367 -14.788 -15.036 -15.412 -15.544 -15.478
5.200 -4.572 -3.642 -6.788 -9.795 -11.433 -12.079 -12.911 -12.779 -13.545 -13.537 -13.947 -14.343 -14.773 -15.026 -15.412 -15.551 -15.489
5.300 -4.468 -3.474 -6.685 -9.699 -11.363 -12.019 -12.862 -12.731 -13.506 -13.503 -13.917 -14.319 -14.757 -15.016 -15.410 -15.557 -15.500
5.400 -4.364 -3.305 -6.581 -9.601 -11.291 -11.957 -12.812 -12.681 -13.466 -13.469 -13.885 -14.293 -14.740 -15.004 -15.408 -15.562 -15.510
5.500 -4.260 -3.134 -6.477 -9.502 -11.218 -11.894 -12.761 -12.631 -13.426 -13.433 -13.852 -14.266 -14.721 -14.991 -15.405 -15.566 -15.519
5.600 -4.157 -2.962 -6.373 -9.403 -11.145 -11.830 -12.709 -12.580 -13.385 -13.397 -13.819 -14.239 -14.703 -14.978 -15.402 -15.570 -15.528
5.700 -4.053 -2.789 -6.269 -9.302 -11.070 -11.766 -12.657 -12.529 -13.343 -13.361 -13.785 -14.211 -14.683 -14.964 -15.397 -15.574 -15.536
5.800 -3.949 -2.615 -6.165 -9.200 -10.995 -11.700 -12.603 -12.476 -13.300 -13.323 -13.750 -14.182 -14.662 -14.949 -15.392 -15.576 -15.543
5.900 -3.846 -2.439 -6.060 -9.098 -10.918 -11.634 -12.549 -12.423 -13.256 -13.285 -13.714 -14.152 -14.641 -14.933 -15.386 -15.578 -15.550
6.000 -3.743 -2.263 -5.956 -8.994 -10.842 -11.567 -12.494 -12.369 -13.212 -13.246 -13.678 -14.121 -14.619 -14.917 -15.379 -15.579 -15.556
6.100 -3.640 -2.085 -5.852 -8.890 -10.764 -11.500 -12.438 -12.315 -13.166 -13.207 -13.641 -14.090 -14.596 -14.900 -15.372 -15.580 -15.562
6.200 -3.537 -1.907 -5.748 -8.785 -10.686 -11.432 -12.382 -12.259 -13.120 -13.166 -13.603 -14.058 -14.572 -14.882 -15.363 -15.580 -15.567
6.300 -3.434 -1.727 -5.643 -8.679 -10.607 -11.363 -12.324 -12.203 -13.074 -13.126 -13.565 -14.025 -14.548 -14.863 -15.354 -15.579 -15.571
6.400 -3.331 -1.546 -5.539 -8.572 -10.527 -11.293 -12.266 -12.146 -13.026 -13.084 -13.525 -13.991 -14.522 -14.843 -15.345 -15.577 -15.575
6.500 -3.229 -1.365 -5.435 -8.465 -10.447 -11.223 -12.207 -12.089 -12.978 -13.042 -13.485 -13.957 -14.496 -14.823 -15.335 -15.576 -15.578
6.600 -3.128 -1.184 -5.331 -8.357 -10.366 -11.152 -12.148 -12.032 -12.929 -12.999 -13.445 -13.922 -14.470 -14.802 -15.324 -15.573 -15.581
6.700 -3.026 -1.002 -5.227 -8.248 -10.285 -11.080 -12.088 -11.973 -12.879 -12.956 -13.403 -13.886 -14.442 -14.780 -15.312 -15.570 -15.583
6.800 -2.925 -0.819 -5.124 -8.139 -10.203 -11.008 -12.028 -11.914 -12.829 -12.912 -13.361 -13.849 -14.414 -14.758 -15.300 -15.566 -15.585
6.900 -2.824 -0.637 -5.022 -8.030 -10.121 -10.936 -11.967 -11.855 -12.778 -12.868 -13.319 -13.812 -14.385 -14.735 -15.287 -15.561 -15.586
7.000 -2.725 -0.457 -4.920 -7.922 -10.039 -10.863 -11.905 -11.795 -12.727 -12.823 -13.276 -13.774 -14.356 -14.711 -15.273 -15.556 -15.587
7.100 -2.626 -0.278 -4.819 -7.813 -9.956 -10.791 -11.844 -11.735 -12.676 -12.778 -13.232 -13.736 -14.326 -14.687 -15.259 -15.551 -15.587
7.200 -2.528 -0.100 -4.719 -7.705 -9.874 -10.718 -11.782 -11.675 -12.624 -12.732 -13.188 -13.697 -14.295 -14.662 -15.244 -15.545 -15.587
7.300 -2.430 0.077 -4.619 -7.596 -9.791 -10.644 -11.719 -11.614 -12.571 -12.686 -13.144 -13.658 -14.264 -14.636 -15.229 -15.538 -15.586
7.400 -2.334 0.250 -4.520 -7.489 -9.709 -10.571 -11.656 -11.553 -12.518 -12.639 -13.099 -13.617 -14.232 -14.610 -15.212 -15.530 -15.584
7.500 -2.238 0.420 -4.423 -7.382 -9.627 -10.497 -11.593 -11.491 -12.464 -12.592 -13.053 -13.577 -14.199 -14.583 -15.196 -15.522 -15.582
7.600 -2.145 0.585 -4.327 -7.277 -9.545 -10.424 -11.530 -11.430 -12.410 -12.545 -13.007 -13.536 -14.166 -14.555 -15.178 -15.514 -15.580
7.700 -2.113 0.633 -4.296 -7.243 -9.517 -10.398 -11.506 -11.407 -12.388 -12.525 -12.987 -13.516 -14.149 -14.539 -15.165 -15.503 -15.570
7.800 -2.101 0.645 -4.283 -7.231 -9.504 -10.385 -11.493 -11.394 -12.376 -12.512 -12.974 -13.504 -14.136 -14.527 -15.152 -15.490 -15.557
7.900 -2.088 0.658 -4.271 -7.218 -9.492 -10.373 -11.481 -11.381 -12.363 -12.499 -12.962 -13.491 -14.124 -14.514 -15.140 -15.477 -15.544
8.000 -2.075 0.671 -4.258 -7.205 -9.479 -10.360 -11.468 -11.368 -12.350 -12.486 -12.949 -13.478 -14.111 -14.501 -15.127 -15.464 -15.531
8.100 -2.062 0.684 -4.244 -7.192 -9.466 -10.347 -11.455 -11.355 -12.337 -12.473 -12.936 -13.465 -14.098 -14.488 -15.114 -15.451 -15.518
8.200 -2.049 0.697 -4.231 -7.178 -9.452 -10.333 -11.441 -11.342 -12.324 -12.460 -12.922 -13.452 -14.084 -14.475 -15.100 -15.438 -15.505
8.300 -2.035 0.711 -4.217 -7.165 -9.438 -10.319 -11.427 -11.328 -12.310 -12.446 -12.909 -13.438 -14.071 -14.461 -15.087 -15.424 -15.491
8.400 -2.021 0.725 -4.203 -7.151 -9.424 -10.305 -11.413 -11.314 -12.296 -12.432 -12.895 -13.424 -14.056 -14.447 -15.072 -15.410 -15.477
8.500 -2.007 0.739 -4.189 -7.136 -9.410 -10.291 -11.399 -11.300 -12.282 -12.418 -12.880 -13.410 -14.042 -14.433 -15.058 -15.396 -15.463
8.600 -1.992 0.754 -4.175 -7.122 -9.396 -10.277 -11.385 -11.285 -12.267 -12.403 -12.866 -13.395 -14.028 -14.418 -15.044 -15.381 -15.448
8.700 -1.977 0.769 -4.160 -7.107 -9.381 -10.262 -11.370 -11.271 -12.252 -12.389 -12.851 -13.380 -14.013 -14.403 -15.029 -15.367 -15.434
8.800 -1.962 0.784 -4.145 -7.092 -9.366 -10.247 -11.355 -11.256 -12.237 -12.374 -12.836 -13.366 -13.998 -14.388 -15.014 -15.352 -15.419
8.900 -1.947 0.799 -4.130 -7.077 -9.351 -10.232 -11.340 -11.240 -12.222 -12.358 -12.821 -13.350 -13.983 -14.373 -14.999 -15.336 -15.404
9.000 -1.932 0.814 -4.114 -7.061 -9.335 -10.216 -11.324 -11.225 -12.207 -12.343 -12.805 -13.335 -13.967 -14.358 -14.983 -15.321 -15.388
9.100 -1.916 0.830 -4.098 -7.046 -9.320 -10.201 -11.309 -11.209 -12.191 -12.327 -12.790 -13.319 -13.952 -14.342 -14.968 -15.305 -15.372
9.200 -1.900 0.846 -4.083 -7.030 -9.304 -10.185 -11.293 -11.193 -12.175 -12.311 -12.774 -13.303 -13.936 -14.326 -14.952 -15.289 -15.356
9.300 -1.884 0.862 -4.067 -7.014 -9.288 -10.169 -11.277 -11.177 -12.159 -12.295 -12.758 -13.287 -13.920 -14.310 -14.936 -15.273 -15.340
9.400 -1.868 0.878 -4.050 -6.998 -9.271 -10.153 -11.260 -11.161 -12.143 -12.279 -12.742 -13.271 -13.904 -14.294 -14.920 -15.257 -15.324
9.500 -1.852 0.894 -4.034 -6.981 -9.255 -10.136 -11.244 -11.145 -12.126 -12.263 -12.725 -13.255 -13.887 -14.277 -14.903 -15.241 -15.308
9.600 -1.835 0.911 -4.017 -6.965 -9.238 -10.119 -11.227 -11.128 -12.110 -12.246 -12.709 -13.238 -13.871 -14.261 -14.886 -15.224 -15.291
9.700 -1.818 0.928 -4.000 -6.948 -9.222 -10.103 -11.211 -11.111 -12.093 -12.229 -12.692 -13.221 -13.854 -14.244 -14.870 -15.207 -15.274
9.800 -1.801 0.945 -3.983 -6.931 -9.204 -10.085 -11.193 -11.094 -12.076 -12.212 -12.675 -13.204 -13.837 -14.227 -14.853 -15.190 -15.257
9.900 -1.784 0.962 -3.966 -6.913 -9.187 -10.068 -11.176 -11.077 -12.059 -12.195 -12.657 -13.187 -13.819 -14.210 -14.835 -15.173 -15.240
10.000 -1.766 0.980 -3.949 -6.896 -9.170 -10.051 -11.159 -11.059 -12.041 -12.177 -12.640 -13.169 -13.802 -14.192 -14.818 -15.155 -15.222
10.100 -1.749 0.997 -3.931 -6.878 -9.152 -10.033 -11.141 -11.042 -12.024 -12.160 -12.622 -13.152 -13.784 -14.175 -14.800 -15.138 -15.205
10.200 -1.731 1.015 -3.913 -6.861 -9.134 -10.015 -11.123 -11.024 -12.006 -12.142 -12.604 -13.134 -13.766 -14.157 -14.782 -15.120 -15.187
10.300 -1.713 1.033 -3.895 -6.843 -9.116 -9.997 -11.105 -11.006 -11.988 -12.124 -12.586 -13.116 -13.748 -14.139 -14.764 -15.102 -15.169
10.400 -1.695 1.051 -3.877 -6.824 -9.098 -9.979 -11.087 -10.988 -11.970 -12.106 -12.568 -13.098 -13.730 -14.121 -14.746 -15.084 -15.151
10.500 -1.676 1.070 -3.859 -6.806 -9.080 -9.961 -11.069 -10.970 -11.951 -12.088 -12.550 -13.080 -13.712 -14.102 -14.728 -15.066 -15.133
10.600 -1.658 1.088 -3.840 -6.788 -9.061 -9.942 -11.050 -10.951 -11.933 -12.069 -12.532 -13.061 -13.694 -14.084 -14.710 -15.047 -15.114
10.700 -1.639 1.107 -3.822 -6.769 -9.043 -9.924 -11.032 -10.933 -11.914 -12.051 -12.513 -13.042 -13.675 -14.065 -14.691 -15.029 -15.096
10.800 -1.621 1.125 -3.803 -6.750 -9.024 -9.905 -11.013 -10.914 -11.896 -12.032 -12.494 -13.024 -13.656 -14.047 -14.672 -15.010 -15.077
10.900 -1.602 1.144 -3.784 -6.731 -9.005 -9.886 -10.994 -10.895 -11.877 -12.013 -12.475 -13.005 -13.637 -14.028 -14.653 -14.991 -15.058
11.000 -1.583 1.163 -3.765 -6.712 -8.986 -9.867 -10.975 -10.876 -11.858 -11.994 -12.456 -12.986 -13.618 -14.009 -14.634 -14.972 -15.039
11.100 -1.564 1.182 -3.746 -6.693 -8.967 -9.848 -10.956 -10.857 -11.839 -11.975 -12.437 -12.967 -13.599 -13.989 -14.615 -14.953 -15.020
11.200 -1.544 1.202 -3.727 -6.674 -8.948 -9.829 -10.937 -10.837 -11.819 -11.955 -12.418 -12.947 -13.580 -13.970 -14.596 -14.933 -15.001
11.300 -1.525 1.221 -3.707 -6.655 -8.928 -9.809 -10.917 -10.818 -11.800 -11.936 -12.398 -12.928 -13.560 -13.951 -14.576 -14.914 -14.981
11.400 -1.505 1.241 -3.688 -6.635 -8.909 -9.790 -10.898 -10.798 -11.780 -11.916 -12.379 -12.908 -13.541 -13.931 -14.557 -14.894 -14.961
11.500 -1.486 1.261 -3.668 -6.615 -8.889 -9.770 -10.878 -10.779 -11.760 -11.897 -12.359 -12.889 -13.521 -13.911 -14.537 -14.875 -14.942
11.600 -1.466 1.280 -3.648 -6.595 -8.869 -9.750 -10.858 -10.759 -11.741 -11.877 -12.339 -12.869 -13.501 -13.892 -14.517 -14.855 -14.922
11.700 -1.446 1.300 -3.628 -6.575 -8.849 -9.730 -10.838 -10.739 -11.721 -11.857 -12.319 -12.849 -13.481 -13.872 -14.497 -14.835 -14.902
11.800 -1.426 1.320 -3.608 -6.555 -8.829 -9.710 -10.818 -10.719 -11.701 -11.837 -12.299 -12.829 -13.461 -13.852 -14.477 -14.815 -14.882
11.900 -1.406 1.341 -3.588 -6.535 -8.809 -9.690 -10.798 -10.699 -11.680 -11.817 -12.279 -12.809 -13.441 -13.831 -14.457 -14.795 -14.862
12.000 -1.385 1.361 -3.568 -6.515 -8.789 -9.670 -10.778 -10.678 -11.660 -11.796 -12.259 -12.788 -13.421 -13.811 -14.437 -14.774 -14.841
12.100 -1.365 1.381 -3.547 -6.495 -8.768 -9.649 -10.757 -10.658 -11.640 -11.776 -12.239 -12.768 -13.400 -13.791 -14.416 -14.754 -14.821
12.200 -1.344 1.402 -3.527 -6.474 -8.748 -9.629 -10.737 -10.638 -11.619 -11.756 -12.218 -12.748 -13.380 -13.770 -14.396 -14.734 -14.801
12.300 -1.324 1.422 -3.506 -6.454 -8.727 -9.608 -10.716 -10.617 -11.599 -11.735 -12.198 -12.727 -13.359 -13.750 -14.375 -14.713 -14.780
12.400 -1.303 1.443 -3.486 -6.433 -8.707 -9.588 -10.696 -10.597 -11.578 -11.714 -12.177 -12.706 -13.339 -13.729 -14.355 -14.692 -14.760
12.500 -1.283 1.463 -3.465 -6.412 -8.686 -9.567 -10.675 -10.576 -11.558 -11.694 -12.156 -12.686 -13.318 -13.709 -14.334 -14.672 -14.739
12.600 -1.262 1.484 -3.444 -6.391 -8.665 -9.546 -10.654 -10.555 -11.537 -11.673 -12.135 -12.665 -13.297 -13.688 -14.313 -14.651 -14.718
12.700 -1.241 1.505 -3.423 -6.371 -8.644 -9.525 -10.633 -10.534 -11.516 -11.652 -12.115 -12.644 -13.277 -13.667 -14.292 -14.630 -14.697
12.800 -1.220 1.526 -3.402 -6.350 -8.623 -9.505 -10.613 -10.513 -11.495 -11.631 -12.094 -12.623 -13.256 -13.646 -14.272 -14.609 -14.676
12.900 -1.199 1.547 -3.381 -6.329 -8.603 -9.484 -10.592 -10.492 -11.474 -11.610 -12.073 -12.602 -13.235 -13.625 -14.251 -14.588 -14.655
13.000 -1.178 1.568 -3.360 -6.308 -8.582 -9.463 -10.571 -10.471 -11.453 -11.589 -12.052 -12.581 -13.214 -13.604 -14.230 -14.567 -14.634
13.100 -1.157 1.589 -3.339 -6.287 -8.560 -9.441 -10.549 -10.450 -11.432 -11.568 -12.031 -12.560 -13.193 -13.583 -14.209 -14.546 -14.613
13.200 -1.136 1.610 -3.318 -6.266 -8.539 -9.420 -10.528 -10.429 -11.411 -11.547 -12.009 -12.539 -13.171 -13.562 -14.187 -14.525 -14.592
13.300 -1.115 1.631 -3.297 -6.244 -8.518 -9.399 -10.507 -10.408 -11.390 -11.526 -11.988 -12.518 -13.150 -13.540 -14.166 -14.504 -14.571
13.400 -1.093 1.653 -3.276 -6.223 -8.497 -9.378 -10.486 -10.387 -11.368 -11.504 -11.967 -12.496 -13.129 -13.519 -14.145 -14.482 -14.550
13.500 -1.072 1.674 -3.254 -6.202 -8.475 -9.357 -10.465 -10.365 -11.347 -11.483 -11.946 -12.475 -13.108 -13.498 -14.124 -14.461 -14.528
13.600 -1.051 1.695 -3.233 -6.180 -8.454 -9.335 -10.443 -10.344 -11.326 -11.462 -11.924 -12.454 -13.086 -13.477 -14.102 -14.440 -14.507
13.700 -1.029 1.717 -3.212 -6.159 -8.433 -9.314 -10.422 -10.323 -11.304 -11.441 -11.903 -12.432 -13.065 -13.455 -14.081 -14.419 -14.486
13.800 -1.008 1.738 -3.190 -6.138 -8.411 -9.292 -10.400 -10.301 -11.283 -11.419 -11.882 -12.411 -13.044 -13.434 -14.059 -14.397 -14.464
13.900 -0.987 1.759 -3.169 -6.116 -8.390 -9.271 -10.379 -10.280 -11.261 -11.398 -11.860 -12.390 -13.022 -13.412 -14.038 -14.376 -14.443
14.000 -0.965 1.781 -3.148 -6.095 -8.369 -9.250 -10.358 -10.258 -11.240 -11.376 -11.839 -12.368 -13.001 -13.391 -14.017 -14.354 -14.421
14.100 -0.944 1.802 -3.126 -6.073 -8.347 -9.228 -10.336 -10.237 -11.219 -11.355 -11.817 -12.347 -12.979 -13.370 -13.995 -14.333 -14.400
14.200 -0.922 1.824 -3.105 -6.052 -8.326 -9.207 -10.315 -10.215 -11.197 -11.333 -11.796 -12.325 -12.958 -13.348 -13.974 -14.311 -14.378
14.300 -0.901 1.845 -3.083 -6.031 -8.304 -9.185 -10.293 -10.194 -11.176 -11.312 -11.774 -12.304 -12.936 -13.327 -13.952 -14.290 -14.357
14.400 -0.879 1.867 -3.062 -6.009 -8.283 -9.164 -10.272 -10.173 -11.154 -11.291 -11.753 -12.282 -12.915 -13.305 -13.931 -14.269 -14.336
14.500 -0.858 1.888 -3.040 -5.988 -8.261 -9.142 -10.250 -10.151 -11.133 -11.269 -11.732 -12.261 -12.893 -13.284 -13.909 -14.247 -14.314
14.600 -0.837 1.910 -3.019 -5.966 -8.240 -9.121 -10.229 -10.130 -11.111 -11.248 -11.710 -12.240 -12.872 -13.262 -13.888 -14.226 -14.293
14.700 -0.815 1.931 -2.997 -5.945 -8.219 -9.100 -10.208 -10.108 -11.090 -11.226 -11.689 -12.218 -12.851 -13.241 -13.867 -14.204 -14.271
14.800 -0.794 1.952 -2.976 -5.923 -8.197 -9.078 -10.186 -10.087 -11.069 -11.205 -11.667 -12.197 -12.829 -13.220 -13.845 -14.183 -14.250
14.900 -0.772 1.974 -2.955 -5.902 -8.176 -9.057 -10.165 -10.066 -11.047 -11.183 -11.646 -12.175 -12.808 -13.198 -13.824 -14.161 -14.229
15.000 -0.751 1.995 -2.933 -5.881 -8.154 -9.035 -10.143 -10.044 -11.026 -11.162 -11.625 -12.154 -12.787 -13.177 -13.803 -14.140 -14.207
