# day W2 M2 W1 u B g V c r w o i z y J H K
0.000 -7.834 -7.679 -7.503 -6.777 -6.447 -6.284 -5.999 -6.111 -5.761 -5.926 -5.628 -5.365 -5.065 -4.833 -4.360 -3.742 -3.168
0.100 -13.683 -13.769 -13.756 -13.623 -13.468 -13.379 -13.217 -13.277 -13.066 -13.150 -12.979 -12.799 -12.581 -12.405 -12.036 -11.519 -11.018
0.200 -14.100 -14.277 -14.346 -14.440 -14.353 -14.292 -14.172 -14.214 -14.050 -14.110 -13.977 -13.822 -13.628 -13.468 -13.129 -12.643 -12.166
0.300 -14.110 -14.363 -14.508 -14.797 -14.772 -14.736 -14.654 -14.681 -14.558 -14.597 -14.498 -14.364 -14.191 -14.045 -13.730 -13.268 -12.809
0.400 -13.919 -14.241 -14.467 -14.946 -14.984 -14.974 -14.930 -14.943 -14.860 -14.879 -14.814 -14.702 -14.549 -14.416 -14.125 -13.685 -13.242
0.500 -13.597 -13.984 -14.300 -14.969 -15.074 -15.090 -15.086 -15.084 -15.043 -15.044 -15.011 -14.922 -14.790 -14.670 -14.403 -13.985 -13.559
0.600 -13.159 -13.607 -14.025 -14.893 -15.069 -15.114 -15.153 -15.136 -15.141 -15.122 -15.124 -15.059 -14.950 -14.845 -14.604 -14.209 -13.800
0.700 -12.628 -13.131 -13.663 -14.736 -14.990 -15.067 -15.152 -15.120 -15.171 -15.135 -15.172 -15.132 -15.049 -14.960 -14.746 -14.377 -13.985
0.800 -12.050 -12.595 -13.248 -14.521 -14.855 -14.965 -15.097 -15.051 -15.151 -15.098 -15.170 -15.158 -15.101 -15.029 -14.846 -14.503 -14.130
0.900 -11.492 -12.058 -12.824 -14.274 -14.685 -14.827 -15.005 -14.946 -15.094 -15.027 -15.132 -15.147 -15.118 -15.064 -14.912 -14.597 -14.244
1.000 -11.027 -11.598 -12.447 -14.026 -14.504 -14.675 -14.894 -14.823 -15.013 -14.937 -15.071 -15.111 -15.109 -15.073 -14.953 -14.667 -14.335
1.100 -10.685 -11.254 -12.153 -13.810 -14.335 -14.528 -14.779 -14.701 -14.926 -14.844 -15.000 -15.063 -15.086 -15.067 -14.977 -14.718 -14.403
1.200 -10.447 -11.015 -11.945 -13.648 -14.202 -14.409 -14.681 -14.598 -14.847 -14.763 -14.934 -15.015 -15.058 -15.054 -14.992 -14.757 -14.459
1.300 -10.260 -10.830 -11.792 -13.532 -14.104 -14.319 -14.605 -14.520 -14.784 -14.699 -14.881 -14.973 -15.032 -15.040 -15.001 -14.789 -14.506
1.400 -10.101 -10.671 -11.670 -13.452 -14.040 -14.262 -14.556 -14.469 -14.743 -14.658 -14.846 -14.945 -15.016 -15.032 -15.011 -14.818 -14.549
1.500 -9.951 -10.518 -11.560 -13.389 -13.996 -14.224 -14.527 -14.438 -14.720 -14.635 -14.827 -14.932 -15.009 -15.032 -15.024 -14.846 -14.589
1.600 -9.803 -10.364 -11.451 -13.333 -13.962 -14.198 -14.511 -14.419 -14.710 -14.623 -14.820 -14.930 -15.012 -15.039 -15.042 -14.875 -14.628
1.700 -9.662 -10.214 -11.347 -13.281 -13.934 -14.179 -14.503 -14.409 -14.710 -14.620 -14.824 -14.937 -15.025 -15.054 -15.064 -14.907 -14.667
1.800 -9.516 -10.057 -11.237 -13.224 -13.903 -14.159 -14.495 -14.399 -14.711 -14.619 -14.829 -14.948 -15.041 -15.073 -15.089 -14.938 -14.705
1.900 -9.372 -9.901 -11.128 -13.166 -13.872 -14.138 -14.488 -14.389 -14.714 -14.620 -14.837 -14.962 -15.060 -15.095 -15.116 -14.971 -14.744
2.000 -9.231 -9.746 -11.019 -13.107 -13.840 -14.117 -14.481 -14.378 -14.716 -14.621 -14.845 -14.977 -15.081 -15.120 -15.145 -15.004 -14.781
2.100 -9.086 -9.584 -10.905 -13.041 -13.802 -14.091 -14.470 -14.365 -14.718 -14.621 -14.854 -14.993 -15.104 -15.147 -15.176 -15.035 -14.807
2.200 -8.942 -9.421 -10.790 -12.973 -13.762 -14.062 -14.457 -14.349 -14.716 -14.618 -14.859 -15.007 -15.126 -15.173 -15.207 -15.066 -14.837
2.300 -8.800 -9.260 -10.676 -12.904 -13.720 -14.032 -14.441 -14.331 -14.712 -14.614 -14.862 -15.018 -15.145 -15.197 -15.237 -15.098 -14.867
2.400 -8.656 -9.095 -10.559 -12.831 -13.675 -13.997 -14.422 -14.309 -14.704 -14.605 -14.861 -15.025 -15.161 -15.218 -15.265 -15.129 -14.898
2.500 -8.511 -8.925 -10.438 -12.754 -13.625 -13.959 -14.398 -14.283 -14.693 -14.594 -14.857 -15.029 -15.174 -15.236 -15.291 -15.158 -14.928
2.600 -8.365 -8.754 -10.317 -12.674 -13.572 -13.918 -14.372 -14.254 -14.678 -14.579 -14.850 -15.031 -15.184 -15.252 -15.314 -15.187 -14.958
2.700 -8.222 -8.584 -10.196 -12.593 -13.519 -13.875 -14.344 -14.224 -14.662 -14.564 -14.841 -15.030 -15.192 -15.266 -15.336 -15.214 -14.987
2.800 -8.077 -8.410 -10.072 -12.509 -13.462 -13.830 -14.313 -14.191 -14.643 -14.545 -14.829 -15.026 -15.198 -15.277 -15.356 -15.240 -15.015
2.900 -7.930 -8.231 -9.945 -12.420 -13.401 -13.780 -14.277 -14.154 -14.619 -14.523 -14.814 -15.019 -15.200 -15.285 -15.374 -15.263 -15.042
3.000 -7.783 -8.051 -9.818 -12.330 -13.338 -13.728 -14.241 -14.116 -14.595 -14.499 -14.797 -15.010 -15.200 -15.291 -15.389 -15.286 -15.067
3.100 -7.637 -7.869 -9.689 -12.237 -13.273 -13.675 -14.201 -14.075 -14.567 -14.473 -14.777 -14.999 -15.198 -15.295 -15.403 -15.306 -15.092
3.200 -7.491 -7.685 -9.560 -12.142 -13.205 -13.619 -14.160 -14.032 -14.538 -14.445 -14.756 -14.985 -15.194 -15.297 -15.415 -15.326 -15.115
3.300 -7.343 -7.498 -9.427 -12.044 -13.135 -13.560 -14.115 -13.986 -14.505 -14.414 -14.731 -14.969 -15.188 -15.297 -15.425 -15.343 -15.137
3.400 -7.193 -7.306 -9.292 -11.941 -13.061 -13.497 -14.068 -13.937 -14.470 -14.381 -14.704 -14.950 -15.179 -15.294 -15.433 -15.359 -15.158
3.500 -7.044 -7.113 -9.158 -11.838 -12.986 -13.434 -14.019 -13.887 -14.433 -14.347 -14.676 -14.930 -15.168 -15.290 -15.440 -15.374 -15.177
3.600 -6.894 -6.917 -9.020 -11.731 -12.908 -13.367 -13.967 -13.834 -14.394 -14.310 -14.644 -14.907 -15.155 -15.284 -15.444 -15.387 -15.195
3.700 -6.744 -6.719 -8.882 -11.622 -12.828 -13.299 -13.913 -13.780 -14.352 -14.271 -14.611 -14.882 -15.141 -15.276 -15.447 -15.399 -15.213
3.800 -6.593 -6.517 -8.743 -11.511 -12.745 -13.228 -13.857 -13.723 -14.309 -14.230 -14.576 -14.855 -15.124 -15.266 -15.449 -15.410 -15.228
3.900 -6.441 -6.312 -8.601 -11.396 -12.660 -13.154 -13.798 -13.663 -14.263 -14.187 -14.539 -14.826 -15.105 -15.254 -15.449 -15.419 -15.243
4.000 -6.288 -6.102 -8.456 -11.277 -12.571 -13.078 -13.736 -13.601 -14.214 -14.142 -14.499 -14.795 -15.084 -15.240 -15.446 -15.426 -15.257
4.100 -6.135 -5.891 -8.312 -11.157 -12.481 -13.000 -13.673 -13.537 -14.163 -14.096 -14.458 -14.762 -15.062 -15.224 -15.443 -15.433 -15.269
4.200 -5.980 -5.676 -8.165 -11.033 -12.388 -12.919 -13.607 -13.471 -14.110 -14.047 -14.414 -14.726 -15.037 -15.207 -15.438 -15.438 -15.281
4.300 -5.826 -5.459 -8.018 -10.908 -12.293 -12.836 -13.540 -13.403 -14.056 -13.997 -14.369 -14.689 -15.011 -15.188 -15.432 -15.442 -15.291
4.400 -5.671 -5.238 -7.868 -10.779 -12.195 -12.751 -13.469 -13.333 -13.999 -13.944 -14.321 -14.650 -14.983 -15.167 -15.424 -15.445 -15.301
4.500 -5.516 -5.014 -7.718 -10.648 -12.095 -12.663 -13.397 -13.261 -13.940 -13.890 -14.272 -14.609 -14.953 -15.145 -15.414 -15.446 -15.309
4.600 -5.358 -4.784 -7.564 -10.512 -11.992 -12.573 -13.322 -13.186 -13.878 -13.834 -14.220 -14.566 -14.921 -15.121 -15.403 -15.446 -15.316
4.700 -5.200 -4.552 -7.410 -10.374 -11.886 -12.480 -13.244 -13.108 -13.815 -13.775 -14.167 -14.521 -14.887 -15.094 -15.391 -15.445 -15.323
4.800 -5.041 -4.316 -7.254 -10.234 -11.778 -12.385 -13.165 -13.030 -13.749 -13.715 -14.111 -14.474 -14.852 -15.067 -15.377 -15.443 -15.328
4.900 -4.882 -4.077 -7.097 -10.090 -11.667 -12.287 -13.083 -12.948 -13.681 -13.653 -14.054 -14.425 -14.815 -15.038 -15.362 -15.439 -15.332
5.000 -4.722 -3.835 -6.939 -9.943 -11.555 -12.187 -12.999 -12.865 -13.612 -13.590 -13.994 -14.374 -14.776 -15.007 -15.345 -15.435 -15.336
5.100 -4.561 -3.589 -6.779 -9.794 -11.439 -12.085 -12.913 -12.780 -13.540 -13.524 -13.933 -14.321 -14.735 -14.974 -15.327 -15.429 -15.338
5.200 -4.399 -3.339 -6.618 -9.642 -11.321 -11.980 -12.825 -12.692 -13.466 -13.457 -13.870 -14.267 -14.693 -14.940 -15.308 -15.423 -15.340
5.300 -4.237 -3.085 -6.455 -9.486 -11.201 -11.873 -12.734 -12.602 -13.389 -13.388 -13.805 -14.210 -14.649 -14.905 -15.287 -15.415 -15.340
5.400 -4.072 -2.826 -6.290 -9.326 -11.077 -11.763 -12.640 -12.510 -13.310 -13.317 -13.737 -14.152 -14.602 -14.867 -15.265 -15.405 -15.340
5.500 -3.906 -2.563 -6.123 -9.163 -10.950 -11.650 -12.544 -12.415 -13.229 -13.243 -13.668 -14.091 -14.554 -14.827 -15.241 -15.395 -15.338
5.600 -3.741 -2.298 -5.956 -8.998 -10.822 -11.536 -12.446 -12.319 -13.147 -13.169 -13.597 -14.029 -14.505 -14.787 -15.216 -15.384 -15.336
5.700 -3.574 -2.028 -5.787 -8.830 -10.690 -11.419 -12.346 -12.220 -13.062 -13.092 -13.524 -13.964 -14.454 -14.745 -15.190 -15.371 -15.333
5.800 -3.405 -1.754 -5.616 -8.658 -10.556 -11.299 -12.243 -12.119 -12.974 -13.014 -13.449 -13.898 -14.400 -14.700 -15.162 -15.358 -15.329
5.900 -3.236 -1.477 -5.445 -8.484 -10.420 -11.177 -12.138 -12.017 -12.885 -12.934 -13.372 -13.830 -14.346 -14.655 -15.133 -15.343 -15.324
6.000 -3.066 -1.196 -5.272 -8.306 -10.281 -11.053 -12.031 -11.912 -12.794 -12.852 -13.294 -13.760 -14.289 -14.608 -15.103 -15.328 -15.318
6.100 -2.894 -0.911 -5.097 -8.125 -10.140 -10.926 -11.922 -11.805 -12.700 -12.768 -13.213 -13.688 -14.231 -14.559 -15.072 -15.311 -15.311
6.200 -2.721 -0.622 -4.921 -7.940 -9.995 -10.796 -11.810 -11.695 -12.605 -12.682 -13.130 -13.614 -14.171 -14.509 -15.038 -15.293 -15.303
6.300 -2.546 -0.328 -4.743 -7.752 -9.848 -10.664 -11.695 -11.583 -12.506 -12.594 -13.045 -13.538 -14.109 -14.456 -15.004 -15.274 -15.295
6.400 -2.370 -0.031 -4.564 -7.561 -9.697 -10.529 -11.578 -11.469 -12.406 -12.505 -12.959 -13.460 -14.045 -14.402 -14.968 -15.253 -15.285
6.500 -2.193 0.269 -4.383 -7.367 -9.545 -10.392 -11.459 -11.353 -12.304 -12.414 -12.870 -13.380 -13.980 -14.347 -14.931 -15.232 -15.274
6.600 -2.015 0.573 -4.201 -7.170 -9.391 -10.252 -11.338 -11.234 -12.199 -12.320 -12.780 -13.298 -13.913 -14.290 -14.892 -15.210 -15.263
6.700 -1.835 0.880 -4.018 -6.970 -9.233 -10.110 -11.214 -11.114 -12.092 -12.226 -12.687 -13.215 -13.844 -14.231 -14.853 -15.186 -15.251
6.800 -1.768 0.978 -3.951 -6.898 -9.172 -10.053 -11.161 -11.061 -12.043 -12.179 -12.642 -13.171 -13.804 -14.194 -14.820 -15.157 -15.224
6.900 -1.738 1.008 -3.920 -6.867 -9.141 -10.022 -11.130 -11.031 -12.013 -12.149 -12.611 -13.141 -13.773 -14.164 -14.789 -15.127 -15.194
7.000 -1.707 1.039 -3.889 -6.836 -9.110 -9.991 -11.099 -11.000 -11.982 -12.118 -12.580 -13.110 -13.742 -14.133 -14.758 -15.096 -15.163
7.100 -1.675 1.071 -3.858 -6.805 -9.079 -9.960 -11.068 -10.969 -11.950 -12.086 -12.549 -13.078 -13.711 -14.101 -14.727 -15.064 -15.132
7.200 -1.644 1.102 -3.826 -6.773 -9.047 -9.928 -11.036 -10.937 -11.919 -12.055 -12.517 -13.047 -13.679 -14.070 -14.695 -15.033 -15.100
7.300 -1.612 1.134 -3.794 -6.741 -9.015 -9.896 -11.004 -10.905 -11.887 -12.023 -12.485 -13.015 -13.647 -14.038 -14.663 -15.001 -15.068
7.400 -1.579 1.167 -3.762 -6.709 -8.983 -9.864 -10.972 -10.872 -11.854 -11.990 -12.453 -12.982 -13.615 -14.005 -14.631 -14.968 -15.035
7.500 -1.546 1.200 -3.729 -6.676 -8.950 -9.831 -10.939 -10.840 -11.821 -11.957 -12.420 -12.949 -13.582 -13.972 -14.598 -14.935 -15.003
7.600 -1.513 1.233 -3.696 -6.643 -8.917 -9.798 -10.906 -10.807 -11.788 -11.925 -12.387 -12.916 -13.549 -13.939 -14.565 -14.903 -14.970
7.700 -1.480 1.266 -3.663 -6.610 -8.884 -9.765 -10.873 -10.773 -11.755 -11.891 -12.354 -12.883 -13.516 -13.906 -14.532 -14.869 -14.936
7.800 -1.447 1.299 -3.629 -6.576 -8.850 -9.731 -10.839 -10.740 -11.722 -11.858 -12.320 -12.850 -13.482 -13.873 -14.498 -14.836 -14.903
7.900 -1.413 1.333 -3.595 -6.543 -8.816 -9.697 -10.805 -10.706 -11.688 -11.824 -12.287 -12.816 -13.448 -13.839 -14.464 -14.802 -14.869
8.000 -1.379 1.367 -3.561 -6.509 -8.782 -9.663 -10.771 -10.672 -11.654 -11.790 -12.253 -12.782 -13.415 -13.805 -14.431 -14.768 -14.835
8.100 -1.345 1.401 -3.527 -6.475 -8.748 -9.629 -10.737 -10.638 -11.620 -11.756 -12.218 -12.748 -13.380 -13.771 -14.396 -14.734 -14.801
8.200 -1.311 1.436 -3.493 -6.440 -8.714 -9.595 -10.703 -10.604 -11.585 -11.722 -12.184 -12.714 -13.346 -13.736 -14.362 -14.700 -14.767
8.300 -1.276 1.470 -3.458 -6.406 -8.679 -9.560 -10.668 -10.569 -11.551 -11.687 -12.150 -12.679 -13.312 -13.702 -14.328 -14.665 -14.732
8.400 -1.241 1.505 -3.424 -6.371 -8.645 -9.526 -10.634 -10.534 -11.516 -11.652 -12.115 -12.644 -13.277 -13.667 -14.293 -14.630 -14.697
8.500 -1.206 1.540 -3.389 -6.336 -8.610 -9.491 -10.599 -10.500 -11.481 -11.618 -12.080 -12.609 -13.242 -13.632 -14.258 -14.596 -14.663
8.600 -1.171 1.575 -3.354 -6.301 -8.575 -9.456 -10.564 -10.464 -11.446 -11.582 -12.045 -12.574 -13.207 -13.597 -14.223 -14.560 -14.627
8.700 -1.136 1.610 -3.318 -6.266 -8.539 -9.420 -10.528 -10.429 -11.411 -11.547 -12.010 -12.539 -13.172 -13.562 -14.187 -14.525 -14.592
8.800 -1.101 1.646 -3.283 -6.230 -8.504 -9.385 -10.493 -10.394 -11.375 -11.512 -11.974 -12.504 -13.136 -13.526 -14.152 -14.490 -14.557
8.900 -1.065 1.681 -3.248 -6.195 -8.469 -9.350 -10.458 -10.358 -11.340 -11.476 -11.939 -12.468 -13.101 -13.491 -14.117 -14.454 -14.521
9.000 -1.030 1.716 -3.212 -6.159 -8.433 -9.314 -10.422 -10.323 -11.305 -11.441 -11.903 -12.433 -13.065 -13.456 -14.081 -14.419 -14.486
9.100 -0.994 1.752 -3.176 -6.124 -8.398 -9.279 -10.387 -10.287 -11.269 -11.405 -11.868 -12.397 -13.030 -13.420 -14.046 -14.383 -14.450
9.200 -0.958 1.788 -3.141 -6.088 -8.362 -9.243 -10.351 -10.252 -11.233 -11.370 -11.832 -12.362 -12.994 -13.384 -14.010 -14.348 -14.415
9.300 -0.923 1.823 -3.105 -6.052 -8.326 -9.207 -10.315 -10.216 -11.198 -11.334 -11.796 -12.326 -12.958 -13.349 -13.974 -14.312 -14.379
9.400 -0.887 1.859 -3.069 -6.017 -8.291 -9.172 -10.280 -10.180 -11.162 -11.298 -11.761 -12.290 -12.923 -13.313 -13.939 -14.276 -14.343
9.500 -0.851 1.895 -3.034 -5.981 -8.255 -9.136 -10.244 -10.145 -11.126 -11.263 -11.725 -12.255 -12.887 -13.277 -13.903 -14.241 -14.308
9.600 -0.816 1.930 -2.998 -5.945 -8.219 -9.100 -10.208 -10.109 -11.091 -11.227 -11.689 -12.219 -12.851 -13.242 -13.867 -14.205 -14.272
9.700 -0.780 1.966 -2.962 -5.910 -8.184 -9.065 -10.173 -10.073 -11.055 -11.191 -11.654 -12.183 -12.816 -13.206 -13.832 -14.169 -14.236
9.800 -0.744 2.002 -2.927 -5.874 -8.148 -9.029 -10.137 -10.038 -11.019 -11.156 -11.618 -12.148 -12.780 -13.170 -13.796 -14.134 -14.201
9.900 -0.709 2.037 -2.891 -5.839 -8.112 -8.993 -10.101 -10.002 -10.984 -11.120 -11.583 -12.112 -12.744 -13.135 -13.760 -14.098 -14.165
10.000 -0.673 2.073 -2.856 -5.803 -8.077 -8.958 -10.066 -9.967 -10.948 -11.085 -11.547 -12.076 -12.709 -13.099 -13.725 -14.063 -14.130
10.100 -0.638 2.108 -2.820 -5.768 -8.041 -8.922 -10.030 -9.931 -10.913 -11.049 -11.512 -12.041 -12.673 -13.064 -13.689 -14.027 -14.094
10.200 -0.603 2.144 -2.785 -5.732 -8.006 -8.887 -9.995 -9.896 -10.877 -11.014 -11.476 -12.006 -12.638 -13.028 -13.654 -13.992 -14.059
10.300 -0.567 2.179 -2.750 -5.697 -7.971 -8.852 -9.960 -9.860 -10.842 -10.978 -11.441 -11.970 -12.603 -12.993 -13.619 -13.956 -14.023
10.400 -0.532 2.214 -2.714 -5.662 -7.936 -8.817 -9.925 -9.825 -10.807 -10.943 -11.406 -11.935 -12.568 -12.958 -13.584 -13.921 -13.988
10.500 -0.497 2.249 -2.680 -5.627 -7.901 -8.782 -9.890 -9.790 -10.772 -10.908 -11.371 -11.900 -12.533 -12.923 -13.549 -13.886 -13.953
10.600 -0.462 2.284 -2.645 -5.592 -7.866 -8.747 -9.855 -9.756 -10.737 -10.874 -11.336 -11.865 -12.498 -12.888 -13.514 -13.852 -13.919
10.700 -0.428 2.318 -2.610 -5.557 -7.831 -8.712 -9.820 -9.721 -10.703 -10.839 -11.301 -11.831 -12.463 -12.854 -13.479 -13.817 -13.884
10.800 -0.393 2.353 -2.576 -5.523 -7.797 -8.678 -9.786 -9.686 -10.668 -10.804 -11.267 -11.796 -12.429 -12.819 -13.445 -13.782 -13.849
10.900 -0.359 2.387 -2.541 -5.489 -7.762 -8.643 -9.751 -9.652 -10.634 -10.770 -11.233 -11.762 -12.394 -12.785 -13.410 -13.748 -13.815
11.000 -0.325 2.421 -2.507 -5.455 -7.728 -8.609 -9.717 -9.618 -10.600 -10.736 -11.198 -11.728 -12.360 -12.751 -13.376 -13.714 -13.781
11.100 -0.291 2.455 -2.473 -5.421 -7.695 -8.576 -9.684 -9.584 -10.566 -10.702 -11.165 -11.694 -12.327 -12.717 -13.343 -13.680 -13.747
11.200 -0.258 2.489 -2.440 -5.387 -7.661 -8.542 -9.650 -9.551 -10.532 -10.669 -11.131 -11.661 -12.293 -12.683 -13.309 -13.647 -13.714
11.300 -0.224 2.522 -2.407 -5.354 -7.628 -8.509 -9.617 -9.517 -10.499 -10.635 -11.098 -11.627 -12.260 -12.650 -13.276 -13.613 -13.680
11.400 -0.191 2.555 -2.373 -5.321 -7.595 -8.476 -9.584 -9.484 -10.466 -10.602 -11.065 -11.594 -12.227 -12.617 -13.243 -13.580 -13.647
11.500 -0.158 2.588 -2.341 -5.288 -7.562 -8.443 -9.551 -9.451 -10.433 -10.569 -11.032 -11.561 -12.194 -12.584 -13.210 -13.547 -13.615
11.600 -0.126 2.620 -2.308 -5.255 -7.529 -8.410 -9.518 -9.419 -10.401 -10.537 -10.999 -11.529 -12.161 -12.552 -13.177 -13.515 -13.582
11.700 -0.093 2.653 -2.276 -5.223 -7.497 -8.378 -9.486 -9.387 -10.368 -10.505 -10.967 -11.497 -12.129 -12.519 -13.145 -13.483 -13.550
11.800 -0.062 2.685 -2.244 -5.191 -7.465 -8.346 -9.454 -9.355 -10.336 -10.473 -10.935 -11.465 -12.097 -12.487 -13.113 -13.451 -13.518
11.900 -0.030 2.716 -2.212 -5.160 -7.433 -8.314 -9.422 -9.323 -10.305 -10.441 -10.903 -11.433 -12.065 -12.456 -13.081 -13.419 -13.486
12.000 0.001 2.748 -2.181 -5.128 -7.402 -8.283 -9.391 -9.292 -10.273 -10.410 -10.872 -11.402 -12.034 -12.424 -13.050 -13.388 -13.455
12.100 0.033 2.779 -2.150 -5.097 -7.371 -8.252 -9.360 -9.261 -10.242 -10.379 -10.841 -11.371 -12.003 -12.393 -13.019 -13.357 -13.424
12.200 0.063 2.809 -2.119 -5.067 -7.340 -8.221 -9.329 -9.230 -10.212 -10.348 -10.810 -11.340 -11.972 -12.363 -12.988 -13.326 -13.393
12.300 0.093 2.840 -2.089 -5.036 -7.310 -8.191 -9.299 -9.200 -10.181 -10.318 -10.780 -11.310 -11.942 -12.332 -12.958 -13.296 -13.363
12.400 0.123 2.869 -2.059 -5.006 -7.280 -8.161 -9.269 -9.170 -10.151 -10.288 -10.750 -11.280 -11.912 -12.302 -12.928 -13.266 -13.333
12.500 0.153 2.899 -2.029 -4.977 -7.250 -8.131 -9.239 -9.140 -10.122 -10.258 -10.721 -11.250 -11.883 -12.273 -12.898 -13.236 -13.303
12.600 0.182 2.928 -2.000 -4.947 -7.221 -8.102 -9.210 -9.111 -10.093 -10.229 -10.691 -11.221 -11.853 -12.244 -12.869 -13.207 -13.274
12.700 0.211 2.957 -1.971 -4.918 -7.192 -8.073 -9.181 -9.082 -10.064 -10.200 -10.662 -11.192 -11.824 -12.215 -12.840 -13.178 -13.245
12.800 0.240 2.986 -1.943 -4.890 -7.164 -8.045 -9.153 -9.053 -10.035 -10.171 -10.634 -11.163 -11.796 -12.186 -12.812 -13.149 -13.216
12.900 0.268 3.014 -1.914 -4.862 -7.136 -8.017 -9.125 -9.025 -10.007 -10.143 -10.606 -11.135 -11.768 -12.158 -12.784 -13.121 -13.188
13.000 0.296 3.042 -1.887 -4.834 -7.108 -7.989 -9.097 -8.998 -9.979 -10.116 -10.578 -11.107 -11.740 -12.130 -12.756 -13.094 -13.161
13.100 0.323 3.069 -1.859 -4.807 -7.080 -7.961 -9.069 -8.970 -9.952 -10.088 -10.551 -11.080 -11.713 -12.103 -12.728 -13.066 -13.133
13.200 0.350 3.096 -1.832 -4.780 -7.053 -7.934 -9.042 -8.943 -9.925 -10.061 -10.524 -11.053 -11.685 -12.076 -12.701 -13.039 -13.106
13.300 0.377 3.123 -1.806 -4.753 -7.027 -7.908 -9.016 -8.917 -9.898 -10.034 -10.497 -11.026 -11.659 -12.049 -12.675 -13.012 -13.080
13.400 0.403 3.149 -1.779 -4.727 -7.000 -7.882 -8.989 -8.890 -9.872 -10.008 -10.471 -11.000 -11.633 -12.023 -12.649 -12.986 -13.053
13.500 0.429 3.175 -1.754 -4.701 -6.975 -7.856 -8.964 -8.864 -9.846 -9.982 -10.445 -10.974 -11.607 -11.997 -12.623 -12.960 -13.027
13.600 0.454 3.200 -1.728 -4.675 -6.949 -7.830 -8.938 -8.839 -9.821 -9.957 -10.419 -10.949 -11.581 -11.972 -12.597 -12.935 -13.002
13.700 0.479 3.226 -1.703 -4.650 -6.924 -7.805 -8.913 -8.814 -9.795 -9.932 -10.394 -10.924 -11.556 -11.946 -12.572 -12.910 -12.977
13.800 0.504 3.250 -1.678 -4.625 -6.899 -7.780 -8.888 -8.789 -9.771 -9.907 -10.369 -10.899 -11.531 -11.922 -12.547 -12.885 -12.952
13.900 0.529 3.275 -1.654 -4.601 -6.875 -7.756 -8.864 -8.765 -9.746 -9.883 -10.345 -10.874 -11.507 -11.897 -12.523 -12.861 -12.928
14.000 0.553 3.299 -1.630 -4.577 -6.851 -7.732 -8.840 -8.741 -9.722 -9.858 -10.321 -10.850 -11.483 -11.873 -12.499 -12.836 -12.904
14.100 0.576 3.322 -1.606 -4.553 -6.827 -7.708 -8.816 -8.717 -9.699 -9.835 -10.297 -10.827 -11.459 -11.850 -12.475 -12.813 -12.880
14.200 0.600 3.346 -1.583 -4.530 -6.804 -7.685 -8.793 -8.694 -9.675 -9.812 -10.274 -10.803 -11.436 -11.826 -12.452 -12.790 -12.857
14.300 0.623 3.369 -1.560 -4.507 -6.781 -7.662 -8.770 -8.671 -9.652 -9.789 -10.251 -10.781 -11.413 -11.803 -12.429 -12.767 -12.834
14.400 0.645 3.391 -1.537 -4.485 -6.758 -7.639 -8.747 -8.648 -9.630 -9.766 -10.229 -10.758 -11.390 -11.781 -12.406 -12.744 -12.811
14.500 0.667 3.413 -1.515 -4.462 -6.736 -7.617 -8.725 -8.626 -9.608 -9.744 -10.206 -10.736 -11.368 -11.759 -12.384 -12.722 -12.789
14.600 0.689 3.435 -1.493 -4.441 -6.714 -7.595 -8.703 -8.604 -9.586 -9.722 -10.184 -10.714 -11.346 -11.737 -12.362 -12.700 -12.767
14.700 0.711 3.457 -1.472 -4.419 -6.693 -7.574 -8.682 -8.583 -9.564 -9.700 -10.163 -10.692 -11.325 -11.715 -12.341 -12.678 -12.746
14.800 0.732 3.478 -1.451 -4.398 -6.672 -7.553 -8.661 -8.561 -9.543 -9.679 -10.142 -10.671 -11.304 -11.694 -12.320 -12.657 -12.724
14.900 0.753 3.499 -1.430 -4.377 -6.651 -7.532 -8.640 -8.541 -9.522 -9.658 -10.121 -10.650 -11.283 -11.673 -12.299 -12.636 -12.704
15.000 0.773 3.519 -1.409 -4.356 -6.630 -7.511 -8.619 -8.520 -9.502 -9.638 -10.100 -10.630 -11.262 -11.653 -12.278 -12.616 -12.683
