# day W2 M2 W1 u B g V c r w o i z y J H K
0.000 -6.772 -6.672 -6.526 -5.923 -5.625 -5.475 -5.210 -5.313 -4.986 -5.137 -4.860 -4.609 -4.321 -4.096 -3.636 -3.030 -2.464
0.100 -8.919 -9.426 -9.966 -11.052 -11.309 -11.387 -11.473 -11.440 -11.491 -11.453 -11.489 -11.446 -11.354 -11.257 -11.017 -10.606 -10.174
0.200 -8.302 -8.874 -9.704 -11.250 -11.707 -11.868 -12.073 -12.005 -12.180 -12.105 -12.227 -12.255 -12.234 -12.183 -12.023 -11.682 -11.296
0.300 -7.765 -8.329 -9.379 -11.219 -11.821 -12.042 -12.330 -12.242 -12.501 -12.410 -12.587 -12.664 -12.696 -12.679 -12.578 -12.288 -11.936
0.400 -7.299 -7.822 -9.060 -11.116 -11.834 -12.104 -12.459 -12.357 -12.682 -12.583 -12.799 -12.916 -12.991 -13.002 -12.951 -12.704 -12.379
0.500 -6.894 -7.356 -8.760 -10.984 -11.803 -12.115 -12.524 -12.413 -12.793 -12.691 -12.938 -13.088 -13.200 -13.236 -13.227 -13.017 -12.717
0.600 -6.533 -6.920 -8.478 -10.839 -11.745 -12.094 -12.552 -12.434 -12.861 -12.759 -13.031 -13.210 -13.355 -13.413 -13.442 -13.265 -12.987
0.700 -6.207 -6.512 -8.214 -10.686 -11.673 -12.055 -12.556 -12.433 -12.900 -12.802 -13.094 -13.299 -13.474 -13.551 -13.616 -13.469 -13.212
0.800 -5.912 -6.127 -7.966 -10.532 -11.592 -12.004 -12.544 -12.417 -12.921 -12.827 -13.137 -13.364 -13.567 -13.663 -13.760 -13.642 -13.403
0.900 -5.638 -5.760 -7.730 -10.375 -11.503 -11.944 -12.520 -12.389 -12.927 -12.838 -13.163 -13.411 -13.640 -13.753 -13.882 -13.789 -13.568
1.000 -5.390 -5.415 -7.511 -10.222 -11.413 -11.879 -12.488 -12.355 -12.924 -12.841 -13.180 -13.447 -13.700 -13.829 -13.986 -13.919 -13.714
1.100 -5.156 -5.083 -7.300 -10.068 -11.319 -11.810 -12.450 -12.315 -12.912 -12.836 -13.186 -13.471 -13.747 -13.892 -14.076 -14.032 -13.843
1.200 -4.938 -4.765 -7.100 -9.916 -11.223 -11.737 -12.406 -12.271 -12.893 -12.825 -13.185 -13.487 -13.784 -13.944 -14.154 -14.133 -13.959
1.300 -4.734 -4.461 -6.910 -9.766 -11.127 -11.663 -12.359 -12.223 -12.870 -12.809 -13.180 -13.497 -13.814 -13.988 -14.224 -14.224 -14.065
1.400 -4.541 -4.167 -6.727 -9.618 -11.031 -11.587 -12.309 -12.173 -12.843 -12.790 -13.169 -13.501 -13.838 -14.025 -14.285 -14.306 -14.161
1.500 -4.357 -3.882 -6.552 -9.471 -10.933 -11.509 -12.256 -12.120 -12.811 -12.767 -13.153 -13.499 -13.855 -14.055 -14.338 -14.380 -14.248
1.600 -4.184 -3.611 -6.385 -9.329 -10.837 -11.433 -12.202 -12.067 -12.778 -12.743 -13.136 -13.495 -13.869 -14.081 -14.387 -14.448 -14.329
1.700 -4.016 -3.343 -6.222 -9.186 -10.739 -11.353 -12.145 -12.010 -12.741 -12.714 -13.114 -13.486 -13.877 -14.102 -14.429 -14.509 -14.404
1.800 -3.859 -3.090 -6.068 -9.048 -10.645 -11.276 -12.089 -11.955 -12.704 -12.686 -13.092 -13.475 -13.884 -14.120 -14.468 -14.567 -14.473
1.900 -3.706 -2.840 -5.917 -8.910 -10.549 -11.196 -12.030 -11.898 -12.664 -12.655 -13.066 -13.461 -13.886 -14.133 -14.502 -14.619 -14.538
2.000 -3.558 -2.597 -5.770 -8.774 -10.453 -11.117 -11.970 -11.839 -12.622 -12.622 -13.038 -13.444 -13.885 -14.143 -14.532 -14.667 -14.597
2.100 -3.418 -2.364 -5.630 -8.642 -10.359 -11.039 -11.911 -11.782 -12.581 -12.590 -13.010 -13.426 -13.882 -14.152 -14.560 -14.711 -14.654
2.200 -3.281 -2.135 -5.494 -8.510 -10.266 -10.960 -11.850 -11.723 -12.537 -12.555 -12.980 -13.406 -13.877 -14.157 -14.584 -14.753 -14.706
2.300 -3.148 -1.911 -5.360 -8.380 -10.172 -10.881 -11.789 -11.663 -12.492 -12.520 -12.948 -13.384 -13.870 -14.160 -14.606 -14.791 -14.756
2.400 -3.020 -1.696 -5.232 -8.253 -10.081 -10.804 -11.729 -11.605 -12.448 -12.484 -12.916 -13.361 -13.861 -14.161 -14.626 -14.826 -14.802
2.500 -2.895 -1.484 -5.105 -8.127 -9.989 -10.725 -11.667 -11.545 -12.401 -12.447 -12.883 -13.336 -13.850 -14.160 -14.642 -14.859 -14.846
2.600 -2.774 -1.278 -4.983 -8.004 -9.899 -10.648 -11.606 -11.486 -12.355 -12.410 -12.849 -13.311 -13.838 -14.158 -14.658 -14.890 -14.887
2.700 -2.656 -1.076 -4.863 -7.881 -9.809 -10.571 -11.544 -11.426 -12.308 -12.372 -12.814 -13.284 -13.825 -14.153 -14.671 -14.918 -14.926
2.800 -2.541 -0.880 -4.746 -7.761 -9.720 -10.494 -11.482 -11.366 -12.261 -12.334 -12.778 -13.257 -13.810 -14.148 -14.682 -14.945 -14.963
2.900 -2.427 -0.686 -4.630 -7.641 -9.631 -10.417 -11.420 -11.306 -12.212 -12.294 -12.741 -13.228 -13.794 -14.141 -14.692 -14.969 -14.998
3.000 -2.318 -0.498 -4.519 -7.525 -9.544 -10.342 -11.359 -11.247 -12.164 -12.255 -12.705 -13.199 -13.777 -14.133 -14.700 -14.992 -15.031
3.100 -2.236 -0.335 -4.436 -7.438 -9.484 -10.292 -11.320 -11.210 -12.135 -12.233 -12.684 -13.184 -13.771 -14.132 -14.711 -15.012 -15.057
3.200 -2.196 -0.211 -4.394 -7.394 -9.462 -10.277 -11.313 -11.203 -12.134 -12.235 -12.688 -13.189 -13.780 -14.143 -14.725 -15.028 -15.074
3.300 -2.157 -0.092 -4.354 -7.351 -9.441 -10.263 -11.305 -11.197 -12.133 -12.236 -12.690 -13.194 -13.788 -14.153 -14.737 -15.043 -15.090
3.400 -2.121 0.021 -4.316 -7.310 -9.420 -10.248 -11.298 -11.190 -12.130 -12.236 -12.691 -13.197 -13.795 -14.162 -14.749 -15.057 -15.105
3.500 -2.088 0.126 -4.282 -7.272 -9.401 -10.235 -11.290 -11.183 -12.128 -12.237 -12.692 -13.201 -13.801 -14.170 -14.761 -15.070 -15.119
3.600 -2.056 0.224 -4.249 -7.236 -9.382 -10.221 -11.283 -11.177 -12.125 -12.237 -12.693 -13.204 -13.807 -14.178 -14.771 -15.083 -15.133
3.700 -2.028 0.315 -4.220 -7.203 -9.365 -10.209 -11.276 -11.170 -12.123 -12.237 -12.694 -13.206 -13.813 -14.186 -14.782 -15.095 -15.147
3.800 -2.001 0.400 -4.191 -7.171 -9.348 -10.197 -11.269 -11.164 -12.120 -12.236 -12.694 -13.208 -13.817 -14.192 -14.791 -15.107 -15.160
3.900 -1.975 0.479 -4.164 -7.139 -9.331 -10.184 -11.261 -11.157 -12.116 -12.235 -12.693 -13.209 -13.821 -14.197 -14.799 -15.117 -15.171
4.000 -1.951 0.552 -4.139 -7.111 -9.315 -10.172 -11.253 -11.150 -12.112 -12.233 -12.692 -13.210 -13.825 -14.203 -14.807 -15.127 -15.183
4.100 -1.928 0.618 -4.115 -7.084 -9.299 -10.160 -11.246 -11.143 -12.108 -12.232 -12.691 -13.211 -13.828 -14.207 -14.815 -15.137 -15.194
4.200 -1.907 0.679 -4.093 -7.058 -9.284 -10.149 -11.239 -11.136 -12.104 -12.230 -12.690 -13.211 -13.830 -14.212 -14.821 -15.146 -15.204
4.300 -1.887 0.734 -4.073 -7.034 -9.270 -10.138 -11.231 -11.130 -12.100 -12.228 -12.688 -13.211 -13.833 -14.216 -14.828 -15.155 -15.214
4.400 -1.868 0.785 -4.053 -7.011 -9.256 -10.127 -11.224 -11.123 -12.096 -12.225 -12.686 -13.210 -13.834 -14.219 -14.834 -15.163 -15.224
4.500 -1.850 0.831 -4.034 -6.989 -9.243 -10.117 -11.216 -11.115 -12.091 -12.222 -12.683 -13.209 -13.835 -14.221 -14.839 -15.170 -15.232
4.600 -1.833 0.873 -4.016 -6.969 -9.229 -10.106 -11.208 -11.108 -12.086 -12.219 -12.680 -13.207 -13.836 -14.223 -14.844 -15.177 -15.241
4.700 -1.816 0.911 -3.999 -6.949 -9.217 -10.095 -11.201 -11.101 -12.081 -12.215 -12.677 -13.206 -13.836 -14.225 -14.848 -15.183 -15.249
4.800 -1.801 0.945 -3.983 -6.931 -9.204 -10.085 -11.193 -11.094 -12.076 -12.212 -12.674 -13.204 -13.836 -14.226 -14.852 -15.189 -15.256
4.900 -1.806 0.940 -3.988 -6.936 -9.209 -10.090 -11.198 -11.099 -12.081 -12.217 -12.679 -13.209 -13.841 -14.231 -14.857 -15.195 -15.262
5.000 -1.811 0.935 -3.993 -6.940 -9.214 -10.095 -11.203 -11.104 -12.085 -12.221 -12.684 -13.213 -13.846 -14.236 -14.862 -15.199 -15.266
5.100 -1.815 0.931 -3.997 -6.944 -9.218 -10.099 -11.207 -11.108 -12.089 -12.226 -12.688 -13.217 -13.850 -14.240 -14.866 -15.203 -15.270
5.200 -1.818 0.927 -4.001 -6.948 -9.222 -10.103 -11.211 -11.111 -12.093 -12.229 -12.692 -13.221 -13.853 -14.244 -14.869 -15.207 -15.274
5.300 -1.822 0.924 -4.004 -6.952 -9.225 -10.106 -11.214 -11.115 -12.096 -12.233 -12.695 -13.225 -13.857 -14.247 -14.873 -15.210 -15.277
5.400 -1.825 0.921 -4.007 -6.955 -9.228 -10.109 -11.217 -11.118 -12.100 -12.236 -12.698 -13.228 -13.860 -14.250 -14.876 -15.213 -15.280
5.500 -1.828 0.918 -4.010 -6.957 -9.231 -10.112 -11.220 -11.121 -12.102 -12.238 -12.701 -13.230 -13.863 -14.253 -14.879 -15.216 -15.283
5.600 -1.830 0.915 -4.013 -6.960 -9.234 -10.115 -11.222 -11.123 -12.105 -12.241 -12.703 -13.233 -13.865 -14.256 -14.881 -15.219 -15.286
5.700 -1.832 0.913 -4.015 -6.962 -9.236 -10.117 -11.225 -11.125 -12.107 -12.243 -12.706 -13.235 -13.868 -14.258 -14.883 -15.221 -15.288
5.800 -1.834 0.911 -4.017 -6.964 -9.238 -10.119 -11.227 -11.127 -12.109 -12.245 -12.708 -13.237 -13.869 -14.260 -14.885 -15.223 -15.290
5.900 -1.836 0.910 -4.018 -6.966 -9.239 -10.120 -11.228 -11.129 -12.111 -12.247 -12.709 -13.239 -13.871 -14.261 -14.887 -15.224 -15.291
6.000 -1.837 0.908 -4.020 -6.967 -9.241 -10.122 -11.229 -11.130 -12.112 -12.248 -12.710 -13.240 -13.872 -14.263 -14.888 -15.226 -15.293
6.100 -1.838 0.908 -4.020 -6.968 -9.241 -10.122 -11.230 -11.131 -12.113 -12.249 -12.711 -13.241 -13.873 -14.263 -14.889 -15.226 -15.293
6.200 -1.839 0.907 -4.021 -6.968 -9.242 -10.123 -11.231 -11.132 -12.113 -12.249 -12.712 -13.241 -13.874 -14.264 -14.890 -15.227 -15.294
6.300 -1.839 0.907 -4.021 -6.969 -9.242 -10.123 -11.231 -11.132 -12.114 -12.250 -12.712 -13.242 -13.874 -14.264 -14.890 -15.227 -15.294
6.400 -1.839 0.907 -4.021 -6.969 -9.242 -10.123 -11.231 -11.132 -12.114 -12.250 -12.712 -13.242 -13.874 -14.264 -14.890 -15.228 -15.295
6.500 -1.839 0.907 -4.021 -6.969 -9.242 -10.123 -11.231 -11.132 -12.113 -12.250 -12.712 -13.242 -13.874 -14.264 -14.890 -15.227 -15.294
6.600 -1.839 0.907 -4.021 -6.968 -9.242 -10.123 -11.231 -11.132 -12.113 -12.249 -12.712 -13.241 -13.874 -14.264 -14.890 -15.227 -15.294
6.700 -1.838 0.908 -4.020 -6.968 -9.241 -10.122 -11.230 -11.131 -12.113 -12.249 -12.711 -13.241 -13.873 -14.263 -14.889 -15.226 -15.293
6.800 -1.837 0.909 -4.019 -6.967 -9.240 -10.121 -11.229 -11.130 -12.112 -12.248 -12.710 -13.240 -13.872 -14.262 -14.888 -15.226 -15.293
6.900 -1.836 0.910 -4.018 -6.966 -9.239 -10.120 -11.228 -11.129 -12.111 -12.247 -12.709 -13.239 -13.871 -14.261 -14.887 -15.224 -15.291
7.000 -1.834 0.911 -4.017 -6.964 -9.238 -10.119 -11.226 -11.127 -12.109 -12.245 -12.707 -13.237 -13.869 -14.260 -14.885 -15.223 -15.290
7.100 -1.833 0.913 -4.015 -6.962 -9.236 -10.117 -11.225 -11.125 -12.107 -12.243 -12.706 -13.235 -13.868 -14.258 -14.883 -15.221 -15.288
7.200 -1.831 0.915 -4.013 -6.960 -9.234 -10.115 -11.223 -11.124 -12.105 -12.241 -12.704 -13.233 -13.866 -14.256 -14.881 -15.219 -15.286
7.300 -1.828 0.917 -4.011 -6.958 -9.232 -10.113 -11.221 -11.121 -12.103 -12.239 -12.702 -13.231 -13.863 -14.254 -14.879 -15.217 -15.284
7.400 -1.826 0.920 -4.008 -6.956 -9.229 -10.110 -11.218 -11.119 -12.100 -12.237 -12.699 -13.229 -13.861 -14.251 -14.877 -15.214 -15.281
7.500 -1.823 0.922 -4.006 -6.953 -9.227 -10.108 -11.215 -11.116 -12.098 -12.234 -12.696 -13.226 -13.858 -14.249 -14.874 -15.212 -15.279
7.600 -1.820 0.925 -4.003 -6.950 -9.224 -10.105 -11.213 -11.113 -12.095 -12.231 -12.694 -13.223 -13.855 -14.246 -14.871 -15.209 -15.276
7.700 -1.817 0.928 -4.000 -6.947 -9.221 -10.102 -11.210 -11.110 -12.092 -12.228 -12.691 -13.220 -13.852 -14.243 -14.868 -15.206 -15.273
7.800 -1.814 0.932 -3.996 -6.944 -9.217 -10.098 -11.206 -11.107 -12.089 -12.225 -12.687 -13.217 -13.849 -14.239 -14.865 -15.203 -15.270
7.900 -1.810 0.935 -3.993 -6.940 -9.214 -10.095 -11.203 -11.103 -12.085 -12.221 -12.684 -13.213 -13.846 -14.236 -14.861 -15.199 -15.266
8.000 -1.807 0.939 -3.989 -6.936 -9.210 -10.091 -11.199 -11.100 -12.081 -12.217 -12.680 -13.209 -13.842 -14.232 -14.858 -15.195 -15.262
8.100 -1.803 0.943 -3.985 -6.932 -9.206 -10.087 -11.195 -11.095 -12.077 -12.213 -12.676 -13.205 -13.838 -14.228 -14.853 -15.191 -15.258
8.200 -1.798 0.947 -3.981 -6.928 -9.202 -10.083 -11.191 -11.091 -12.073 -12.209 -12.672 -13.201 -13.833 -14.224 -14.849 -15.187 -15.254
8.300 -1.794 0.952 -3.976 -6.924 -9.197 -10.078 -11.186 -11.087 -12.068 -12.205 -12.667 -13.197 -13.829 -14.219 -14.845 -15.182 -15.249
8.400 -1.789 0.956 -3.972 -6.919 -9.193 -10.074 -11.181 -11.082 -12.064 -12.200 -12.662 -13.192 -13.824 -14.215 -14.840 -15.178 -15.245
8.500 -1.784 0.961 -3.967 -6.914 -9.188 -10.069 -11.177 -11.077 -12.059 -12.195 -12.658 -13.187 -13.819 -14.210 -14.835 -15.173 -15.240
8.600 -1.779 0.966 -3.962 -6.909 -9.183 -10.064 -11.171 -11.072 -12.054 -12.190 -12.652 -13.182 -13.814 -14.205 -14.830 -15.168 -15.235
8.700 -1.774 0.972 -3.956 -6.904 -9.177 -10.058 -11.166 -11.067 -12.049 -12.185 -12.647 -13.177 -13.809 -14.199 -14.825 -15.162 -15.229
8.800 -1.768 0.977 -3.951 -6.898 -9.172 -10.053 -11.161 -11.061 -12.043 -12.179 -12.642 -13.171 -13.804 -14.194 -14.819 -15.157 -15.224
8.900 -1.763 0.983 -3.945 -6.893 -9.166 -10.047 -11.155 -11.056 -12.037 -12.174 -12.636 -13.166 -13.798 -14.188 -14.814 -15.151 -15.218
9.000 -1.757 0.989 -3.939 -6.887 -9.160 -10.041 -11.149 -11.050 -12.032 -12.168 -12.630 -13.160 -13.792 -14.182 -14.808 -15.145 -15.212
9.100 -1.751 0.995 -3.933 -6.881 -9.154 -10.035 -11.143 -11.044 -12.026 -12.162 -12.624 -13.154 -13.786 -14.176 -14.802 -15.139 -15.206
9.200 -1.745 1.001 -3.927 -6.874 -9.148 -10.029 -11.137 -11.038 -12.019 -12.155 -12.618 -13.147 -13.780 -14.170 -14.796 -15.133 -15.200
9.300 -1.738 1.008 -3.920 -6.868 -9.141 -10.022 -11.130 -11.031 -12.013 -12.149 -12.611 -13.141 -13.773 -14.163 -14.789 -15.127 -15.194
9.400 -1.731 1.014 -3.914 -6.861 -9.135 -10.016 -11.124 -11.024 -12.006 -12.142 -12.604 -13.134 -13.766 -14.157 -14.782 -15.120 -15.187
9.500 -1.724 1.021 -3.907 -6.854 -9.128 -10.009 -11.117 -11.017 -11.999 -12.135 -12.598 -13.127 -13.759 -14.150 -14.775 -15.113 -15.180
9.600 -1.717 1.028 -3.900 -6.847 -9.121 -10.002 -11.110 -11.010 -11.992 -12.128 -12.591 -13.120 -13.752 -14.143 -14.768 -15.106 -15.173
9.700 -1.710 1.035 -3.892 -6.840 -9.113 -9.994 -11.102 -11.003 -11.985 -12.121 -12.583 -13.113 -13.745 -14.135 -14.761 -15.099 -15.166
9.800 -1.703 1.043 -3.885 -6.832 -9.106 -9.987 -11.095 -10.996 -11.977 -12.113 -12.576 -13.105 -13.738 -14.128 -14.754 -15.091 -15.158
9.900 -1.695 1.051 -3.877 -6.825 -9.098 -9.979 -11.087 -10.988 -11.970 -12.106 -12.568 -13.098 -13.730 -14.120 -14.746 -15.084 -15.151
10.000 -1.687 1.058 -3.870 -6.817 -9.091 -9.972 -11.079 -10.980 -11.962 -12.098 -12.560 -13.090 -13.722 -14.113 -14.738 -15.076 -15.143
10.100 -1.679 1.066 -3.862 -6.809 -9.083 -9.964 -11.071 -10.972 -11.954 -12.090 -12.552 -13.082 -13.714 -14.105 -14.730 -15.068 -15.135
10.200 -1.671 1.074 -3.854 -6.801 -9.075 -9.956 -11.063 -10.964 -11.946 -12.082 -12.544 -13.074 -13.706 -14.097 -14.722 -15.060 -15.127
10.300 -1.663 1.083 -3.845 -6.793 -9.066 -9.947 -11.055 -10.956 -11.937 -12.074 -12.536 -13.066 -13.698 -14.088 -14.714 -15.051 -15.118
10.400 -1.654 1.091 -3.837 -6.784 -9.058 -9.939 -11.047 -10.947 -11.929 -12.065 -12.528 -13.057 -13.689 -14.080 -14.705 -15.043 -15.110
10.500 -1.646 1.100 -3.828 -6.775 -9.049 -9.930 -11.038 -10.939 -11.920 -12.056 -12.519 -13.048 -13.681 -14.071 -14.697 -15.034 -15.101
10.600 -1.637 1.109 -3.819 -6.767 -9.040 -9.921 -11.029 -10.930 -11.911 -12.048 -12.510 -13.039 -13.672 -14.062 -14.688 -15.025 -15.092
10.700 -1.628 1.118 -3.810 -6.757 -9.031 -9.912 -11.020 -10.921 -11.902 -12.039 -12.501 -13.030 -13.663 -14.053 -14.679 -15.016 -15.083
10.800 -1.618 1.127 -3.801 -6.748 -9.022 -9.903 -11.011 -10.911 -11.893 -12.029 -12.492 -13.021 -13.654 -14.044 -14.669 -15.007 -15.074
10.900 -1.609 1.137 -3.791 -6.739 -9.012 -9.893 -11.001 -10.902 -11.884 -12.020 -12.482 -13.012 -13.644 -14.034 -14.660 -14.998 -15.065
11.000 -1.599 1.146 -3.782 -6.729 -9.003 -9.884 -10.992 -10.892 -11.874 -12.010 -12.473 -13.002 -13.635 -14.025 -14.650 -14.988 -15.055
11.100 -1.590 1.156 -3.772 -6.719 -8.993 -9.874 -10.982 -10.883 -11.864 -12.001 -12.463 -12.992 -13.625 -14.015 -14.641 -14.978 -15.045
11.200 -1.580 1.166 -3.762 -6.710 -8.983 -9.864 -10.972 -10.873 -11.855 -11.991 -12.453 -12.983 -13.615 -14.005 -14.631 -14.968 -15.035
11.300 -1.570 1.176 -3.752 -6.700 -8.973 -9.854 -10.962 -10.863 -11.844 -11.981 -12.443 -12.973 -13.605 -13.995 -14.621 -14.958 -15.025
11.400 -1.560 1.186 -3.742 -6.689 -8.963 -9.844 -10.952 -10.853 -11.834 -11.970 -12.433 -12.962 -13.595 -13.985 -14.611 -14.948 -15.015
11.500 -1.549 1.196 -3.732 -6.679 -8.953 -9.834 -10.942 -10.842 -11.824 -11.960 -12.423 -12.952 -13.584 -13.975 -14.600 -14.938 -15.005
11.600 -1.539 1.207 -3.721 -6.668 -8.942 -9.823 -10.931 -10.832 -11.813 -11.950 -12.412 -12.941 -13.574 -13.964 -14.590 -14.927 -14.994
11.700 -1.528 1.218 -3.710 -6.658 -8.931 -9.812 -10.920 -10.821 -11.803 -11.939 -12.401 -12.931 -13.563 -13.953 -14.579 -14.917 -14.984
11.800 -1.517 1.228 -3.700 -6.647 -8.921 -9.802 -10.910 -10.810 -11.792 -11.928 -12.391 -12.920 -13.552 -13.943 -14.568 -14.906 -14.973
11.900 -1.506 1.239 -3.689 -6.636 -8.910 -9.791 -10.899 -10.799 -11.781 -11.917 -12.380 -12.909 -13.541 -13.932 -14.557 -14.895 -14.962
12.000 -1.495 1.250 -3.678 -6.625 -8.899 -9.780 -10.888 -10.788 -11.770 -11.906 -12.369 -12.898 -13.530 -13.921 -14.546 -14.884 -14.951
12.100 -1.484 1.262 -3.666 -6.614 -8.887 -9.768 -10.876 -10.777 -11.759 -11.895 -12.357 -12.887 -13.519 -13.909 -14.535 -14.873 -14.940
12.200 -1.473 1.273 -3.655 -6.602 -8.876 -9.757 -10.865 -10.766 -11.747 -11.883 -12.346 -12.875 -13.508 -13.898 -14.524 -14.861 -14.928
12.300 -1.461 1.285 -3.643 -6.591 -8.864 -9.745 -10.853 -10.754 -11.736 -11.872 -12.334 -12.864 -13.496 -13.886 -14.512 -14.850 -14.917
12.400 -1.449 1.296 -3.632 -6.579 -8.853 -9.734 -10.842 -10.742 -11.724 -11.860 -12.323 -12.852 -13.484 -13.875 -14.500 -14.838 -14.905
12.500 -1.437 1.308 -3.620 -6.567 -8.841 -9.722 -10.830 -10.730 -11.712 -11.848 -12.311 -12.840 -13.473 -13.863 -14.488 -14.826 -14.893
12.600 -1.425 1.320 -3.608 -6.555 -8.829 -9.710 -10.818 -10.718 -11.700 -11.836 -12.299 -12.828 -13.460 -13.851 -14.476 -14.814 -14.881
12.700 -1.413 1.332 -3.596 -6.543 -8.817 -9.698 -10.805 -10.706 -11.688 -11.824 -12.286 -12.816 -13.448 -13.839 -14.464 -14.802 -14.869
12.800 -1.401 1.345 -3.583 -6.531 -8.804 -9.685 -10.793 -10.694 -11.676 -11.812 -12.274 -12.804 -13.436 -13.826 -14.452 -14.789 -14.856
12.900 -1.389 1.357 -3.571 -6.518 -8.792 -9.673 -10.781 -10.681 -11.663 -11.799 -12.262 -12.791 -13.424 -13.814 -14.439 -14.777 -14.844
13.000 -1.376 1.370 -3.558 -6.506 -8.779 -9.660 -10.768 -10.669 -11.651 -11.787 -12.249 -12.779 -13.411 -13.801 -14.427 -14.764 -14.831
13.100 -1.363 1.382 -3.546 -6.493 -8.767 -9.648 -10.756 -10.656 -11.638 -11.774 -12.237 -12.766 -13.398 -13.789 -14.414 -14.752 -14.819
13.200 -1.350 1.395 -3.533 -6.480 -8.754 -9.635 -10.743 -10.643 -11.625 -11.761 -12.224 -12.753 -13.386 -13.776 -14.401 -14.739 -14.806
13.300 -1.338 1.408 -3.520 -6.467 -8.741 -9.622 -10.730 -10.631 -11.612 -11.748 -12.211 -12.740 -13.373 -13.763 -14.388 -14.726 -14.793
13.400 -1.324 1.421 -3.507 -6.454 -8.728 -9.609 -10.717 -10.617 -11.599 -11.735 -12.198 -12.727 -13.360 -13.750 -14.375 -14.713 -14.780
13.500 -1.311 1.434 -3.494 -6.441 -8.715 -9.596 -10.704 -10.604 -11.586 -11.722 -12.185 -12.714 -13.346 -13.737 -14.362 -14.700 -14.767
13.600 -1.298 1.448 -3.480 -6.428 -8.701 -9.582 -10.690 -10.591 -11.573 -11.709 -12.171 -12.701 -13.333 -13.723 -14.349 -14.687 -14.754
13.700 -1.285 1.461 -3.467 -6.414 -8.688 -9.569 -10.677 -10.578 -11.559 -11.695 -12.158 -12.687 -13.320 -13.710 -14.336 -14.673 -14.740
13.800 -1.271 1.474 -3.454 -6.401 -8.675 -9.556 -10.663 -10.564 -11.546 -11.682 -12.144 -12.674 -13.306 -13.697 -14.322 -14.660 -14.727
13.900 -1.258 1.488 -3.440 -6.387 -8.661 -9.542 -10.650 -10.550 -11.532 -11.668 -12.131 -12.660 -13.293 -13.683 -14.308 -14.646 -14.713
14.000 -1.244 1.502 -3.426 -6.373 -8.647 -9.528 -10.636 -10.537 -11.518 -11.655 -12.117 -12.646 -13.279 -13.669 -14.295 -14.632 -14.699
14.100 -1.230 1.516 -3.412 -6.360 -8.633 -9.514 -10.622 -10.523 -11.504 -11.641 -12.103 -12.633 -13.265 -13.655 -14.281 -14.618 -14.685
14.200 -1.216 1.530 -3.398 -6.346 -8.619 -9.500 -10.608 -10.509 -11.490 -11.627 -12.089 -12.619 -13.251 -13.641 -14.267 -14.604 -14.671
14.300 -1.202 1.544 -3.384 -6.331 -8.605 -9.486 -10.594 -10.495 -11.476 -11.613 -12.075 -12.604 -13.237 -13.627 -14.253 -14.590 -14.657
14.400 -1.188 1.558 -3.370 -6.317 -8.591 -9.472 -10.580 -10.481 -11.462 -11.598 -12.061 -12.590 -13.223 -13.613 -14.238 -14.576 -14.643
14.500 -1.173 1.572 -3.356 -6.303 -8.577 -9.458 -10.565 -10.466 -11.448 -11.584 -12.046 -12.576 -13.208 -13.599 -14.224 -14.562 -14.629
14.600 -1.159 1.587 -3.341 -6.288 -8.562 -9.443 -10.551 -10.452 -11.433 -11.570 -12.032 -12.561 -13.194 -13.584 -14.210 -14.547 -14.614
14.700 -1.144 1.601 -3.327 -6.274 -8.548 -9.429 -10.536 -10.437 -11.419 -11.555 -12.017 -12.547 -13.179 -13.570 -14.195 -14.533 -14.600
14.800 -1.130 1.616 -3.312 -6.259 -8.533 -9.414 -10.522 -10.423 -11.404 -11.540 -12.003 -12.532 -13.165 -13.555 -14.180 -14.518 -14.585
14.900 -1.115 1.631 -3.297 -6.245 -8.518 -9.399 -10.507 -10.408 -11.389 -11.526 -11.988 -12.518 -13.150 -13.540 -14.166 -14.503 -14.570
15.000 -1.100 1.646 -3.282 -6.230 -8.503 -9.384 -10.492 -10.393 -11.375 -11.511 -11.973 -12.503 -13.135 -13.525 -14.151 -14.489 -14.556
