# day W2 M2 W1 u B g V c r w o i z y J H K
0.000 -10.695 -10.489 -10.285 -9.424 -9.056 -8.877 -8.564 -8.689 -8.307 -8.492 -8.165 -7.884 -7.568 -7.325 -6.831 -6.195 -5.608
0.100 -15.192 -15.160 -15.065 -14.682 -14.468 -14.357 -14.161 -14.235 -13.988 -14.093 -13.890 -13.691 -13.454 -13.265 -12.871 -12.329 -11.810
0.200 -14.793 -14.926 -14.958 -14.973 -14.881 -14.821 -14.706 -14.747 -14.591 -14.648 -14.523 -14.376 -14.191 -14.035 -13.703 -13.218 -12.738
0.300 -14.035 -14.318 -14.504 -14.908 -14.940 -14.931 -14.894 -14.905 -14.834 -14.850 -14.795 -14.695 -14.555 -14.430 -14.151 -13.714 -13.268
0.400 -13.157 -13.567 -13.926 -14.696 -14.853 -14.896 -14.935 -14.919 -14.928 -14.911 -14.917 -14.861 -14.765 -14.668 -14.438 -14.045 -13.629
0.500 -12.260 -12.763 -13.305 -14.408 -14.689 -14.781 -14.893 -14.854 -14.938 -14.894 -14.956 -14.942 -14.887 -14.817 -14.634 -14.283 -13.895
0.600 -11.392 -11.949 -12.674 -14.068 -14.469 -14.610 -14.792 -14.732 -14.888 -14.823 -14.934 -14.961 -14.947 -14.904 -14.768 -14.457 -14.097
0.700 -10.564 -11.139 -12.038 -13.685 -14.201 -14.391 -14.639 -14.562 -14.787 -14.707 -14.863 -14.928 -14.956 -14.940 -14.852 -14.583 -14.251
0.800 -9.757 -10.317 -11.387 -13.257 -13.887 -14.125 -14.440 -14.348 -14.639 -14.549 -14.746 -14.851 -14.922 -14.934 -14.895 -14.670 -14.367
0.900 -8.935 -9.452 -10.701 -12.776 -13.523 -13.810 -14.191 -14.087 -14.444 -14.349 -14.585 -14.730 -14.846 -14.888 -14.902 -14.723 -14.451
1.000 -8.084 -8.523 -9.971 -12.241 -13.110 -13.448 -13.898 -13.783 -14.207 -14.113 -14.384 -14.570 -14.733 -14.808 -14.878 -14.748 -14.508
1.100 -7.195 -7.511 -9.190 -11.648 -12.646 -13.039 -13.560 -13.436 -13.928 -13.839 -14.144 -14.373 -14.586 -14.694 -14.825 -14.747 -14.542
1.200 -6.303 -6.444 -8.386 -11.014 -12.147 -12.596 -13.188 -13.058 -13.617 -13.540 -13.875 -14.145 -14.410 -14.554 -14.747 -14.724 -14.556
1.300 -5.448 -5.367 -7.594 -10.361 -11.629 -12.133 -12.794 -12.661 -13.283 -13.223 -13.584 -13.894 -14.211 -14.391 -14.649 -14.683 -14.553
1.400 -4.696 -4.392 -6.876 -9.738 -11.125 -11.678 -12.401 -12.267 -12.944 -12.904 -13.286 -13.632 -14.000 -14.214 -14.536 -14.627 -14.537
1.500 -4.090 -3.628 -6.283 -9.193 -10.668 -11.258 -12.029 -11.898 -12.618 -12.599 -12.996 -13.372 -13.784 -14.030 -14.413 -14.561 -14.510
1.600 -3.657 -3.107 -5.853 -8.779 -10.315 -10.933 -11.740 -11.610 -12.363 -12.361 -12.768 -13.166 -13.610 -13.878 -14.301 -14.481 -14.452
1.700 -3.348 -2.743 -5.546 -8.480 -10.053 -10.688 -11.518 -11.391 -12.165 -12.176 -12.589 -13.002 -13.468 -13.751 -14.200 -14.400 -14.384
1.800 -3.116 -2.462 -5.317 -8.260 -9.852 -10.497 -11.340 -11.214 -12.001 -12.021 -12.438 -12.860 -13.342 -13.636 -14.106 -14.325 -14.321
1.900 -2.927 -2.213 -5.132 -8.087 -9.696 -10.347 -11.198 -11.073 -11.867 -11.892 -12.311 -12.739 -13.231 -13.534 -14.020 -14.256 -14.264
2.000 -2.782 -1.987 -4.991 -7.961 -9.596 -10.255 -11.114 -10.989 -11.788 -11.814 -12.235 -12.665 -13.159 -13.463 -13.951 -14.188 -14.197
2.100 -2.656 -1.772 -4.867 -7.852 -9.516 -10.184 -11.053 -10.927 -11.732 -11.759 -12.182 -12.613 -13.107 -13.410 -13.894 -14.127 -14.132
2.200 -2.533 -1.560 -4.746 -7.743 -9.437 -10.114 -10.993 -10.867 -11.679 -11.707 -12.131 -12.565 -13.060 -13.362 -13.844 -14.073 -14.075
2.300 -2.414 -1.353 -4.628 -7.635 -9.359 -10.046 -10.934 -10.809 -11.627 -11.658 -12.083 -12.520 -13.016 -13.319 -13.800 -14.027 -14.027
2.400 -2.299 -1.150 -4.513 -7.529 -9.282 -9.978 -10.877 -10.752 -11.578 -11.610 -12.038 -12.477 -12.977 -13.280 -13.761 -13.986 -13.984
2.500 -2.189 -0.954 -4.404 -7.425 -9.206 -9.913 -10.822 -10.697 -11.530 -11.565 -11.995 -12.437 -12.940 -13.245 -13.727 -13.951 -13.948
2.600 -2.081 -0.759 -4.295 -7.321 -9.131 -9.847 -10.766 -10.642 -11.482 -11.521 -11.953 -12.399 -12.905 -13.212 -13.696 -13.921 -13.917
2.700 -1.974 -0.567 -4.187 -7.217 -9.055 -9.781 -10.711 -10.588 -11.436 -11.478 -11.911 -12.361 -12.872 -13.182 -13.669 -13.895 -13.891
2.800 -1.872 -0.380 -4.084 -7.116 -8.982 -9.717 -10.657 -10.535 -11.390 -11.436 -11.872 -12.326 -12.842 -13.154 -13.646 -13.874 -13.871
2.900 -1.773 -0.198 -3.984 -7.017 -8.909 -9.654 -10.604 -10.483 -11.346 -11.396 -11.834 -12.292 -12.813 -13.129 -13.625 -13.856 -13.854
3.000 -1.675 -0.016 -3.884 -6.917 -8.836 -9.590 -10.551 -10.431 -11.302 -11.357 -11.796 -12.258 -12.786 -13.105 -13.606 -13.841 -13.841
3.100 -1.579 0.161 -3.787 -6.819 -8.764 -9.528 -10.499 -10.380 -11.259 -11.318 -11.759 -12.226 -12.760 -13.083 -13.590 -13.829 -13.832
3.200 -1.484 0.339 -3.690 -6.719 -8.691 -9.464 -10.447 -10.329 -11.216 -11.280 -11.723 -12.194 -12.734 -13.062 -13.576 -13.820 -13.826
3.300 -1.392 0.510 -3.596 -6.623 -8.621 -9.403 -10.396 -10.279 -11.174 -11.243 -11.688 -12.164 -12.711 -13.043 -13.564 -13.814 -13.823
3.400 -1.301 0.681 -3.504 -6.526 -8.550 -9.342 -10.345 -10.229 -11.132 -11.207 -11.653 -12.134 -12.688 -13.024 -13.553 -13.809 -13.822
3.500 -1.212 0.850 -3.412 -6.430 -8.480 -9.280 -10.294 -10.180 -11.091 -11.171 -11.619 -12.104 -12.665 -13.007 -13.544 -13.807 -13.824
3.600 -1.125 1.015 -3.323 -6.336 -8.410 -9.220 -10.244 -10.131 -11.050 -11.136 -11.586 -12.076 -12.644 -12.990 -13.536 -13.806 -13.828
3.700 -1.037 1.181 -3.233 -6.240 -8.340 -9.158 -10.193 -10.082 -11.009 -11.100 -11.552 -12.047 -12.623 -12.974 -13.529 -13.806 -13.833
3.800 -0.951 1.343 -3.146 -6.145 -8.270 -9.098 -10.143 -10.033 -10.968 -11.065 -11.518 -12.018 -12.602 -12.958 -13.523 -13.808 -13.839
3.900 -0.868 1.502 -3.060 -6.053 -8.202 -9.039 -10.094 -9.986 -10.928 -11.031 -11.486 -11.991 -12.582 -12.944 -13.518 -13.811 -13.848
4.000 -0.784 1.661 -2.974 -5.959 -8.133 -8.978 -10.044 -9.937 -10.887 -10.997 -11.453 -11.963 -12.562 -12.929 -13.513 -13.814 -13.856
4.100 -0.701 1.818 -2.889 -5.866 -8.064 -8.918 -9.994 -9.889 -10.847 -10.963 -11.421 -11.935 -12.542 -12.915 -13.508 -13.818 -13.866
4.200 -0.619 1.972 -2.806 -5.774 -7.996 -8.858 -9.944 -9.841 -10.807 -10.929 -11.388 -11.907 -12.522 -12.900 -13.504 -13.822 -13.876
4.300 -0.537 2.126 -2.722 -5.681 -7.927 -8.798 -9.894 -9.793 -10.766 -10.894 -11.355 -11.879 -12.502 -12.886 -13.499 -13.826 -13.886
4.400 -0.457 2.277 -2.640 -5.589 -7.858 -8.738 -9.844 -9.745 -10.725 -10.860 -11.322 -11.851 -12.482 -12.871 -13.495 -13.831 -13.897
4.500 -0.445 2.300 -2.628 -5.575 -7.849 -8.730 -9.838 -9.738 -10.720 -10.856 -11.319 -11.848 -12.480 -12.871 -13.496 -13.834 -13.901
4.600 -0.447 2.298 -2.630 -5.577 -7.851 -8.732 -9.840 -9.740 -10.722 -10.858 -11.321 -11.850 -12.483 -12.873 -13.498 -13.836 -13.903
4.700 -0.450 2.296 -2.632 -5.579 -7.853 -8.734 -9.842 -9.742 -10.724 -10.860 -11.323 -11.852 -12.485 -12.875 -13.500 -13.838 -13.905
4.800 -0.452 2.294 -2.634 -5.582 -7.855 -8.736 -9.844 -9.745 -10.726 -10.863 -11.325 -11.855 -12.487 -12.877 -13.503 -13.840 -13.907
4.900 -0.454 2.291 -2.636 -5.584 -7.857 -8.738 -9.846 -9.747 -10.729 -10.865 -11.327 -11.857 -12.489 -12.879 -13.505 -13.843 -13.910
5.000 -0.456 2.289 -2.639 -5.586 -7.860 -8.741 -9.848 -9.749 -10.731 -10.867 -11.329 -11.859 -12.491 -12.882 -13.507 -13.845 -13.912
5.100 -0.458 2.287 -2.641 -5.588 -7.862 -8.743 -9.851 -9.751 -10.733 -10.869 -11.332 -11.861 -12.494 -12.884 -13.509 -13.847 -13.914
5.200 -0.461 2.285 -2.643 -5.590 -7.864 -8.745 -9.853 -9.754 -10.735 -10.872 -11.334 -11.863 -12.496 -12.886 -13.512 -13.849 -13.916
5.300 -0.463 2.283 -2.645 -5.593 -7.866 -8.747 -9.855 -9.756 -10.737 -10.874 -11.336 -11.865 -12.498 -12.888 -13.514 -13.851 -13.918
5.400 -0.465 2.281 -2.647 -5.594 -7.868 -8.749 -9.857 -9.758 -10.739 -10.875 -11.338 -11.867 -12.500 -12.890 -13.515 -13.853 -13.920
5.500 -0.466 2.280 -2.648 -5.596 -7.869 -8.750 -9.858 -9.759 -10.741 -10.877 -11.339 -11.869 -12.501 -12.891 -13.517 -13.855 -13.922
5.600 -0.468 2.278 -2.650 -5.597 -7.871 -8.752 -9.860 -9.761 -10.742 -10.878 -11.341 -11.870 -12.503 -12.893 -13.518 -13.856 -13.923
5.700 -0.469 2.277 -2.651 -5.599 -7.872 -8.753 -9.861 -9.762 -10.743 -10.880 -11.342 -11.871 -12.504 -12.894 -13.520 -13.857 -13.924
5.800 -0.470 2.276 -2.652 -5.599 -7.873 -8.754 -9.862 -9.763 -10.744 -10.880 -11.343 -11.872 -12.505 -12.895 -13.521 -13.858 -13.925
5.900 -0.470 2.275 -2.653 -5.600 -7.874 -8.755 -9.863 -9.763 -10.745 -10.881 -11.344 -11.873 -12.505 -12.896 -13.521 -13.859 -13.926
6.000 -0.471 2.275 -2.653 -5.600 -7.874 -8.755 -9.863 -9.764 -10.745 -10.881 -11.344 -11.873 -12.506 -12.896 -13.522 -13.859 -13.926
6.100 -0.471 2.275 -2.653 -5.601 -7.874 -8.755 -9.863 -9.764 -10.746 -10.882 -11.344 -11.874 -12.506 -12.896 -13.522 -13.859 -13.927
6.200 -0.471 2.275 -2.653 -5.601 -7.874 -8.755 -9.863 -9.764 -10.746 -10.882 -11.344 -11.874 -12.506 -12.896 -13.522 -13.859 -13.926
6.300 -0.470 2.275 -2.653 -5.600 -7.874 -8.755 -9.863 -9.763 -10.745 -10.881 -11.344 -11.873 -12.505 -12.896 -13.521 -13.859 -13.926
6.400 -0.470 2.276 -2.652 -5.599 -7.873 -8.754 -9.862 -9.763 -10.744 -10.880 -11.343 -11.872 -12.505 -12.895 -13.521 -13.858 -13.925
6.500 -0.469 2.277 -2.651 -5.598 -7.872 -8.753 -9.861 -9.761 -10.743 -10.879 -11.342 -11.871 -12.504 -12.894 -13.519 -13.857 -13.924
6.600 -0.467 2.278 -2.650 -5.597 -7.871 -8.752 -9.860 -9.760 -10.742 -10.878 -11.341 -11.870 -12.502 -12.893 -13.518 -13.856 -13.923
6.700 -0.466 2.280 -2.648 -5.595 -7.869 -8.750 -9.858 -9.759 -10.740 -10.876 -11.339 -11.868 -12.501 -12.891 -13.516 -13.854 -13.921
6.800 -0.463 2.282 -2.646 -5.593 -7.867 -8.748 -9.856 -9.756 -10.738 -10.874 -11.337 -11.866 -12.498 -12.889 -13.514 -13.852 -13.919
6.900 -0.461 2.285 -2.643 -5.591 -7.864 -8.745 -9.853 -9.754 -10.736 -10.872 -11.334 -11.864 -12.496 -12.886 -13.512 -13.850 -13.917
7.000 -0.458 2.287 -2.641 -5.588 -7.862 -8.743 -9.851 -9.751 -10.733 -10.869 -11.332 -11.861 -12.493 -12.884 -13.509 -13.847 -13.914
7.100 -0.456 2.290 -2.638 -5.585 -7.859 -8.740 -9.848 -9.749 -10.730 -10.866 -11.329 -11.858 -12.491 -12.881 -13.506 -13.844 -13.911
7.200 -0.452 2.293 -2.635 -5.582 -7.856 -8.737 -9.845 -9.745 -10.727 -10.863 -11.326 -11.855 -12.487 -12.878 -13.503 -13.841 -13.908
7.300 -0.449 2.297 -2.631 -5.578 -7.852 -8.733 -9.841 -9.742 -10.723 -10.859 -11.322 -11.851 -12.484 -12.874 -13.500 -13.837 -13.904
7.400 -0.445 2.301 -2.627 -5.574 -7.848 -8.729 -9.837 -9.738 -10.719 -10.855 -11.318 -11.847 -12.480 -12.870 -13.496 -13.833 -13.900
7.500 -0.440 2.305 -2.623 -5.570 -7.844 -8.725 -9.833 -9.733 -10.715 -10.851 -11.314 -11.843 -12.475 -12.866 -13.491 -13.829 -13.896
7.600 -0.436 2.310 -2.618 -5.565 -7.839 -8.720 -9.828 -9.729 -10.710 -10.847 -11.309 -11.838 -12.471 -12.861 -13.487 -13.824 -13.891
7.700 -0.431 2.315 -2.613 -5.561 -7.834 -8.715 -9.823 -9.724 -10.705 -10.842 -11.304 -11.833 -12.466 -12.856 -13.482 -13.819 -13.886
7.800 -0.425 2.320 -2.608 -5.555 -7.829 -8.710 -9.818 -9.718 -10.700 -10.836 -11.299 -11.828 -12.460 -12.851 -13.476 -13.814 -13.881
7.900 -0.420 2.326 -2.602 -5.549 -7.823 -8.704 -9.812 -9.713 -10.694 -10.831 -11.293 -11.822 -12.455 -12.845 -13.471 -13.808 -13.875
8.000 -0.414 2.332 -2.596 -5.544 -7.817 -8.698 -9.806 -9.707 -10.688 -10.825 -11.287 -11.817 -12.449 -12.839 -13.465 -13.802 -13.869
8.100 -0.408 2.338 -2.590 -5.537 -7.811 -8.692 -9.800 -9.701 -10.682 -10.818 -11.281 -11.810 -12.443 -12.833 -13.459 -13.796 -13.863
8.200 -0.401 2.344 -2.583 -5.531 -7.804 -8.685 -9.793 -9.694 -10.676 -10.812 -11.274 -11.804 -12.436 -12.826 -13.452 -13.790 -13.857
8.300 -0.394 2.351 -2.577 -5.524 -7.798 -8.679 -9.787 -9.687 -10.669 -10.805 -11.268 -11.797 -12.429 -12.820 -13.445 -13.783 -13.850
8.400 -0.387 2.358 -2.569 -5.517 -7.790 -8.671 -9.779 -9.680 -10.662 -10.798 -11.260 -11.790 -12.422 -12.812 -13.438 -13.776 -13.843
8.500 -0.379 2.366 -2.562 -5.509 -7.783 -8.664 -9.772 -9.672 -10.654 -10.790 -11.253 -11.782 -12.415 -12.805 -13.430 -13.768 -13.835
8.600 -0.372 2.374 -2.554 -5.501 -7.775 -8.656 -9.764 -9.665 -10.646 -10.782 -11.245 -11.774 -12.407 -12.797 -13.423 -13.760 -13.827
8.700 -0.363 2.382 -2.546 -5.493 -7.767 -8.648 -9.756 -9.656 -10.638 -10.774 -11.237 -11.766 -12.399 -12.789 -13.414 -13.752 -13.819
8.800 -0.355 2.391 -2.537 -5.485 -7.758 -8.639 -9.747 -9.648 -10.630 -10.766 -11.228 -11.758 -12.390 -12.780 -13.406 -13.744 -13.811
8.900 -0.346 2.399 -2.529 -5.476 -7.750 -8.631 -9.739 -9.639 -10.621 -10.757 -11.220 -11.749 -12.381 -12.772 -13.397 -13.735 -13.802
9.000 -0.337 2.408 -2.520 -5.467 -7.741 -8.622 -9.730 -9.630 -10.612 -10.748 -11.211 -11.740 -12.372 -12.763 -13.388 -13.726 -13.793
9.100 -0.328 2.418 -2.510 -5.458 -7.731 -8.612 -9.720 -9.621 -10.602 -10.739 -11.201 -11.731 -12.363 -12.753 -13.379 -13.716 -13.783
9.200 -0.318 2.427 -2.500 -5.448 -7.721 -8.602 -9.710 -9.611 -10.593 -10.729 -11.191 -11.721 -12.353 -12.743 -13.369 -13.707 -13.774
9.300 -0.308 2.437 -2.491 -5.438 -7.712 -8.593 -9.700 -9.601 -10.583 -10.719 -11.181 -11.711 -12.343 -12.734 -13.359 -13.697 -13.764
9.400 -0.298 2.448 -2.480 -5.428 -7.701 -8.582 -9.690 -9.591 -10.573 -10.709 -11.171 -11.701 -12.333 -12.723 -13.349 -13.686 -13.754
9.500 -0.287 2.458 -2.470 -5.417 -7.691 -8.572 -9.680 -9.580 -10.562 -10.698 -11.161 -11.690 -12.323 -12.713 -13.338 -13.676 -13.743
9.600 -0.277 2.469 -2.459 -5.407 -7.680 -8.561 -9.669 -9.570 -10.551 -10.688 -11.150 -11.679 -12.312 -12.702 -13.328 -13.665 -13.732
9.700 -0.266 2.480 -2.448 -5.396 -7.669 -8.550 -9.658 -9.559 -10.540 -10.677 -11.139 -11.668 -12.301 -12.691 -13.317 -13.654 -13.721
9.800 -0.254 2.491 -2.437 -5.384 -7.658 -8.539 -9.647 -9.547 -10.529 -10.665 -11.128 -11.657 -12.290 -12.680 -13.305 -13.643 -13.710
9.900 -0.243 2.503 -2.425 -5.373 -7.646 -8.527 -9.635 -9.536 -10.517 -10.654 -11.116 -11.646 -12.278 -12.668 -13.294 -13.631 -13.698
10.000 -0.231 2.515 -2.413 -5.361 -7.634 -8.515 -9.623 -9.524 -10.506 -10.642 -11.104 -11.634 -12.266 -12.656 -13.282 -13.619 -13.686
10.100 -0.219 2.527 -2.401 -5.349 -7.622 -8.503 -9.611 -9.512 -10.493 -10.630 -11.092 -11.622 -12.254 -12.644 -13.270 -13.607 -13.674
10.200 -0.206 2.539 -2.389 -5.336 -7.610 -8.491 -9.599 -9.499 -10.481 -10.617 -11.080 -11.609 -12.241 -12.632 -13.257 -13.595 -13.662
10.300 -0.194 2.552 -2.376 -5.324 -7.597 -8.478 -9.586 -9.487 -10.468 -10.605 -11.067 -11.596 -12.229 -12.619 -13.245 -13.582 -13.649
10.400 -0.181 2.565 -2.363 -5.311 -7.584 -8.465 -9.573 -9.474 -10.456 -10.592 -11.054 -11.584 -12.216 -12.606 -13.232 -13.570 -13.637
10.500 -0.168 2.578 -2.350 -5.298 -7.571 -8.452 -9.560 -9.461 -10.443 -10.579 -11.041 -11.571 -12.203 -12.593 -13.219 -13.556 -13.623
10.600 -0.154 2.591 -2.337 -5.284 -7.558 -8.439 -9.547 -9.447 -10.429 -10.565 -11.028 -11.557 -12.190 -12.580 -13.205 -13.543 -13.610
10.700 -0.141 2.605 -2.323 -5.271 -7.544 -8.425 -9.533 -9.434 -10.415 -10.552 -11.014 -11.544 -12.176 -12.566 -13.192 -13.529 -13.596
10.800 -0.127 2.619 -2.309 -5.257 -7.530 -8.411 -9.519 -9.420 -10.402 -10.538 -11.000 -11.530 -12.162 -12.552 -13.178 -13.516 -13.583
10.900 -0.113 2.633 -2.295 -5.243 -7.516 -8.397 -9.505 -9.406 -10.388 -10.524 -10.986 -11.516 -12.148 -12.538 -13.164 -13.502 -13.569
11.000 -0.099 2.647 -2.281 -5.229 -7.502 -8.383 -9.491 -9.392 -10.373 -10.510 -10.972 -11.502 -12.134 -12.524 -13.150 -13.487 -13.554
11.100 -0.084 2.661 -2.267 -5.214 -7.488 -8.369 -9.477 -9.377 -10.359 -10.495 -10.958 -11.487 -12.120 -12.510 -13.135 -13.473 -13.540
11.200 -0.070 2.676 -2.252 -5.200 -7.473 -8.354 -9.462 -9.363 -10.344 -10.481 -10.943 -11.473 -12.105 -12.495 -13.121 -13.458 -13.525
11.300 -0.055 2.691 -2.237 -5.185 -7.458 -8.339 -9.447 -9.348 -10.330 -10.466 -10.928 -11.458 -12.090 -12.480 -13.106 -13.444 -13.511
11.400 -0.040 2.706 -2.222 -5.170 -7.443 -8.324 -9.432 -9.333 -10.315 -10.451 -10.913 -11.443 -12.075 -12.465 -13.091 -13.429 -13.496
11.500 -0.025 2.721 -2.207 -5.155 -7.428 -8.309 -9.417 -9.318 -10.299 -10.436 -10.898 -11.428 -12.060 -12.450 -13.076 -13.413 -13.480
11.600 -0.009 2.736 -2.192 -5.139 -7.413 -8.294 -9.402 -9.302 -10.284 -10.420 -10.883 -11.412 -12.044 -12.435 -13.060 -13.398 -13.465
11.700 0.006 2.752 -2.176 -5.124 -7.397 -8.278 -9.386 -9.287 -10.268 -10.405 -10.867 -11.397 -12.029 -12.419 -13.045 -13.382 -13.449
11.800 0.022 2.768 -2.160 -5.108 -7.381 -8.262 -9.370 -9.271 -10.253 -10.389 -10.851 -11.381 -12.013 -12.403 -13.029 -13.367 -13.434
11.900 0.038 2.783 -2.144 -5.092 -7.365 -8.246 -9.354 -9.255 -10.237 -10.373 -10.835 -11.365 -11.997 -12.387 -13.013 -13.351 -13.418
12.000 0.054 2.800 -2.128 -5.076 -7.349 -8.230 -9.338 -9.239 -10.221 -10.357 -10.819 -11.349 -11.981 -12.371 -12.997 -13.335 -13.402
12.100 0.070 2.816 -2.112 -5.060 -7.333 -8.214 -9.322 -9.223 -10.205 -10.341 -10.803 -11.333 -11.965 -12.355 -12.981 -13.318 -13.385
12.200 0.086 2.832 -2.096 -5.043 -7.317 -8.198 -9.306 -9.206 -10.188 -10.324 -10.787 -11.316 -11.949 -12.339 -12.964 -13.302 -13.369
12.300 0.103 2.849 -2.079 -5.027 -7.300 -8.181 -9.289 -9.190 -10.172 -10.308 -10.770 -11.300 -11.932 -12.322 -12.948 -13.285 -13.353
12.400 0.120 2.865 -2.063 -5.010 -7.284 -8.165 -9.273 -9.173 -10.155 -10.291 -10.754 -11.283 -11.915 -12.306 -12.931 -13.269 -13.336
12.500 0.137 2.882 -2.046 -4.993 -7.267 -8.148 -9.256 -9.156 -10.138 -10.274 -10.737 -11.266 -11.899 -12.289 -12.914 -13.252 -13.319
12.600 0.153 2.899 -2.029 -4.976 -7.250 -8.131 -9.239 -9.140 -10.121 -10.257 -10.720 -11.249 -11.882 -12.272 -12.898 -13.235 -13.302
12.700 0.170 2.916 -2.012 -4.959 -7.233 -8.114 -9.222 -9.123 -10.104 -10.240 -10.703 -11.232 -11.865 -12.255 -12.880 -13.218 -13.285
12.800 0.188 2.933 -1.995 -4.942 -7.216 -8.097 -9.205 -9.105 -10.087 -10.223 -10.686 -11.215 -11.848 -12.238 -12.863 -13.201 -13.268
12.900 0.205 2.950 -1.978 -4.925 -7.199 -8.080 -9.187 -9.088 -10.070 -10.206 -10.668 -11.198 -11.830 -12.221 -12.846 -13.184 -13.251
13.000 0.222 2.968 -1.960 -4.908 -7.181 -8.062 -9.170 -9.071 -10.053 -10.189 -10.651 -11.181 -11.813 -12.203 -12.829 -13.166 -13.234
13.100 0.239 2.985 -1.943 -4.890 -7.164 -8.045 -9.153 -9.054 -10.035 -10.171 -10.634 -11.163 -11.796 -12.186 -12.812 -13.149 -13.216
13.200 0.257 3.002 -1.926 -4.873 -7.147 -8.028 -9.135 -9.036 -10.018 -10.154 -10.616 -11.146 -11.778 -12.169 -12.794 -13.132 -13.199
13.300 0.274 3.020 -1.908 -4.855 -7.129 -8.010 -9.118 -9.019 -10.000 -10.136 -10.599 -11.128 -11.761 -12.151 -12.777 -13.114 -13.181
13.400 0.292 3.038 -1.890 -4.838 -7.111 -7.992 -9.100 -9.001 -9.983 -10.119 -10.581 -11.111 -11.743 -12.133 -12.759 -13.096 -13.163
13.500 0.310 3.055 -1.873 -4.820 -7.094 -7.975 -9.082 -8.983 -9.965 -10.101 -10.563 -11.093 -11.725 -12.116 -12.741 -13.079 -13.146
13.600 0.328 3.073 -1.855 -4.802 -7.076 -7.957 -9.065 -8.965 -9.947 -10.083 -10.546 -11.075 -11.707 -12.098 -12.723 -13.061 -13.128
13.700 0.345 3.091 -1.837 -4.784 -7.058 -7.939 -9.047 -8.948 -9.929 -10.065 -10.528 -11.057 -11.690 -12.080 -12.706 -13.043 -13.110
13.800 0.363 3.109 -1.819 -4.766 -7.040 -7.921 -9.029 -8.930 -9.911 -10.048 -10.510 -11.039 -11.672 -12.062 -12.688 -13.025 -13.092
13.900 0.381 3.127 -1.801 -4.749 -7.022 -7.903 -9.011 -8.912 -9.893 -10.030 -10.492 -11.021 -11.654 -12.044 -12.670 -13.007 -13.074
14.000 0.399 3.145 -1.783 -4.731 -7.004 -7.885 -8.993 -8.894 -9.875 -10.012 -10.474 -11.004 -11.636 -12.026 -12.652 -12.989 -13.056
14.100 0.417 3.163 -1.765 -4.713 -6.986 -7.867 -8.975 -8.876 -9.858 -9.994 -10.456 -10.986 -11.618 -12.008 -12.634 -12.971 -13.038
14.200 0.435 3.181 -1.747 -4.695 -6.968 -7.849 -8.957 -8.858 -9.840 -9.976 -10.438 -10.968 -11.600 -11.990 -12.616 -12.953 -13.020
14.300 0.453 3.199 -1.729 -4.677 -6.950 -7.831 -8.939 -8.840 -9.822 -9.958 -10.420 -10.950 -11.582 -11.972 -12.598 -12.935 -13.002
14.400 0.471 3.217 -1.711 -4.659 -6.932 -7.813 -8.921 -8.822 -9.804 -9.940 -10.402 -10.932 -11.564 -11.954 -12.580 -12.917 -12.984
14.500 0.489 3.235 -1.693 -4.641 -6.914 -7.795 -8.903 -8.804 -9.785 -9.922 -10.384 -10.914 -11.546 -11.936 -12.562 -12.899 -12.966
14.600 0.507 3.253 -1.675 -4.623 -6.896 -7.777 -8.885 -8.786 -9.767 -9.904 -10.366 -10.896 -11.528 -11.918 -12.544 -12.881 -12.948
14.700 0.525 3.271 -1.657 -4.605 -6.878 -7.759 -8.867 -8.768 -9.749 -9.886 -10.348 -10.878 -11.510 -11.900 -12.526 -12.863 -12.930
14.800 0.543 3.289 -1.639 -4.587 -6.860 -7.741 -8.849 -8.750 -9.731 -9.868 -10.330 -10.860 -11.492 -11.882 -12.508 -12.845 -12.912
14.900 0.561 3.307 -1.621 -4.569 -6.842 -7.723 -8.831 -8.732 -9.713 -9.850 -10.312 -10.842 -11.474 -11.864 -12.490 -12.827 -12.894
15.000 0.579 3.325 -1.603 -4.551 -6.824 -7.705 -8.813 -8.714 -9.696 -9.832 -10.294 -10.824 -11.456 -11.846 -12.472 -12.809 -12.876
