# day W2 M2 W1 u B g V c r w o i z y J H K
0.000 -10.790 -10.583 -10.378 -9.515 -9.145 -8.966 -8.653 -8.778 -8.395 -8.581 -8.254 -7.971 -7.655 -7.412 -6.918 -6.282 -5.694
0.100 -15.518 -15.454 -15.337 -14.868 -14.629 -14.507 -14.294 -14.375 -14.109 -14.225 -14.005 -13.794 -13.548 -13.352 -12.946 -12.394 -11.868
0.200 -15.362 -15.429 -15.406 -15.258 -15.115 -15.035 -14.888 -14.941 -14.751 -14.826 -14.672 -14.506 -14.303 -14.137 -13.786 -13.285 -12.795
0.300 -14.846 -15.040 -15.130 -15.298 -15.253 -15.213 -15.130 -15.158 -15.037 -15.077 -14.982 -14.856 -14.692 -14.551 -14.246 -13.788 -13.328
0.400 -14.193 -14.502 -14.720 -15.194 -15.250 -15.251 -15.229 -15.235 -15.181 -15.190 -15.148 -15.059 -14.931 -14.814 -14.551 -14.131 -13.697
0.500 -13.482 -13.890 -14.246 -15.013 -15.169 -15.211 -15.250 -15.234 -15.244 -15.227 -15.234 -15.180 -15.086 -14.992 -14.768 -14.383 -13.974
0.600 -12.756 -13.242 -13.746 -14.785 -15.042 -15.124 -15.222 -15.187 -15.257 -15.218 -15.270 -15.248 -15.188 -15.115 -14.929 -14.578 -14.191
0.700 -12.047 -12.588 -13.242 -14.529 -14.883 -15.005 -15.158 -15.106 -15.234 -15.177 -15.269 -15.279 -15.250 -15.198 -15.048 -14.730 -14.366
0.800 -11.377 -11.947 -12.748 -14.254 -14.701 -14.861 -15.068 -15.001 -15.183 -15.111 -15.239 -15.280 -15.282 -15.250 -15.136 -14.849 -14.507
0.900 -10.758 -11.333 -12.271 -13.966 -14.501 -14.697 -14.954 -14.875 -15.107 -15.025 -15.186 -15.255 -15.288 -15.276 -15.197 -14.942 -14.621
1.000 -10.186 -10.749 -11.811 -13.667 -14.284 -14.515 -14.819 -14.729 -15.009 -14.920 -15.110 -15.208 -15.271 -15.279 -15.236 -15.012 -14.713
1.100 -9.646 -10.184 -11.362 -13.357 -14.052 -14.316 -14.665 -14.566 -14.891 -14.797 -15.014 -15.139 -15.232 -15.260 -15.253 -15.061 -14.785
1.200 -9.119 -9.621 -10.912 -13.032 -13.802 -14.098 -14.491 -14.384 -14.752 -14.657 -14.898 -15.050 -15.173 -15.222 -15.251 -15.092 -14.839
1.300 -8.588 -9.044 -10.453 -12.689 -13.533 -13.861 -14.297 -14.184 -14.594 -14.499 -14.763 -14.940 -15.094 -15.164 -15.231 -15.107 -14.878
1.400 -8.043 -8.438 -9.977 -12.325 -13.246 -13.606 -14.084 -13.965 -14.417 -14.324 -14.609 -14.813 -14.998 -15.089 -15.195 -15.105 -14.901
1.500 -7.481 -7.794 -9.479 -11.940 -12.941 -13.335 -13.857 -13.733 -14.226 -14.139 -14.444 -14.674 -14.892 -15.004 -15.147 -15.087 -14.901
1.600 -6.899 -7.104 -8.956 -11.530 -12.615 -13.044 -13.611 -13.484 -14.019 -13.938 -14.263 -14.520 -14.770 -14.904 -15.085 -15.057 -14.890
1.700 -6.309 -6.376 -8.419 -11.099 -12.275 -12.741 -13.354 -13.223 -13.801 -13.728 -14.071 -14.354 -14.636 -14.793 -15.012 -15.017 -14.871
1.800 -5.718 -5.612 -7.869 -10.650 -11.922 -12.426 -13.086 -12.952 -13.572 -13.510 -13.870 -14.178 -14.493 -14.671 -14.929 -14.967 -14.843
1.900 -5.140 -4.830 -7.323 -10.191 -11.562 -12.105 -12.812 -12.677 -13.337 -13.288 -13.663 -13.996 -14.343 -14.542 -14.839 -14.910 -14.808
2.000 -4.600 -4.061 -6.803 -9.739 -11.213 -11.795 -12.549 -12.415 -13.116 -13.080 -13.469 -13.826 -14.203 -14.422 -14.750 -14.845 -14.758
2.100 -4.110 -3.344 -6.323 -9.307 -10.878 -11.497 -12.296 -12.163 -12.901 -12.880 -13.282 -13.661 -14.067 -14.305 -14.662 -14.778 -14.703
2.200 -3.682 -2.720 -5.898 -8.908 -10.562 -11.214 -12.053 -11.921 -12.692 -12.687 -13.099 -13.498 -13.932 -14.187 -14.575 -14.714 -14.652
2.300 -3.320 -2.215 -5.535 -8.555 -10.275 -10.954 -11.825 -11.696 -12.495 -12.504 -12.925 -13.341 -13.800 -14.072 -14.489 -14.652 -14.605
2.400 -3.024 -1.828 -5.238 -8.259 -10.025 -10.724 -11.620 -11.493 -12.314 -12.337 -12.763 -13.194 -13.675 -13.963 -14.408 -14.595 -14.563
2.500 -2.783 -1.527 -4.996 -8.016 -9.813 -10.525 -11.440 -11.315 -12.151 -12.186 -12.617 -13.059 -13.559 -13.860 -14.331 -14.541 -14.525
2.600 -2.584 -1.281 -4.797 -7.817 -9.634 -10.356 -11.283 -11.161 -12.008 -12.052 -12.486 -12.937 -13.452 -13.765 -14.259 -14.492 -14.492
2.700 -2.437 -1.074 -4.649 -7.671 -9.508 -10.237 -11.173 -11.051 -11.906 -11.956 -12.391 -12.848 -13.372 -13.692 -14.199 -14.444 -14.454
2.800 -2.338 -0.898 -4.549 -7.575 -9.435 -10.171 -11.114 -10.993 -11.854 -11.905 -12.342 -12.801 -13.327 -13.647 -14.155 -14.399 -14.408
2.900 -2.241 -0.724 -4.451 -7.479 -9.362 -10.106 -11.058 -10.938 -11.804 -11.858 -12.296 -12.757 -13.286 -13.608 -14.118 -14.362 -14.370
3.000 -2.146 -0.552 -4.356 -7.385 -9.292 -10.044 -11.004 -10.884 -11.756 -11.814 -12.253 -12.718 -13.250 -13.574 -14.086 -14.331 -14.340
3.100 -2.055 -0.384 -4.263 -7.293 -9.223 -9.983 -10.952 -10.833 -11.712 -11.772 -12.213 -12.681 -13.218 -13.544 -14.059 -14.306 -14.316
3.200 -1.966 -0.219 -4.173 -7.202 -9.156 -9.924 -10.902 -10.784 -11.669 -11.733 -12.175 -12.647 -13.188 -13.517 -14.036 -14.286 -14.297
3.300 -1.880 -0.058 -4.086 -7.112 -9.090 -9.866 -10.853 -10.736 -11.628 -11.696 -12.140 -12.615 -13.161 -13.493 -14.017 -14.271 -14.283
3.400 -1.796 0.101 -4.000 -7.024 -9.025 -9.809 -10.806 -10.689 -11.588 -11.660 -12.106 -12.584 -13.136 -13.472 -14.001 -14.259 -14.273
3.500 -1.713 0.257 -3.916 -6.937 -8.961 -9.754 -10.759 -10.644 -11.549 -11.626 -12.073 -12.555 -13.113 -13.452 -13.987 -14.249 -14.267
3.600 -1.633 0.411 -3.833 -6.850 -8.898 -9.698 -10.713 -10.599 -11.511 -11.592 -12.041 -12.527 -13.090 -13.434 -13.975 -14.243 -14.263
3.700 -1.554 0.563 -3.752 -6.765 -8.835 -9.644 -10.667 -10.555 -11.473 -11.559 -12.009 -12.500 -13.069 -13.417 -13.965 -14.238 -14.262
3.800 -1.477 0.710 -3.674 -6.681 -8.774 -9.590 -10.623 -10.511 -11.437 -11.528 -11.979 -12.474 -13.050 -13.401 -13.957 -14.235 -14.262
3.900 -1.400 0.856 -3.596 -6.598 -8.713 -9.537 -10.579 -10.468 -11.401 -11.496 -11.949 -12.448 -13.030 -13.386 -13.949 -14.233 -14.265
4.000 -1.325 1.001 -3.519 -6.514 -8.651 -9.484 -10.534 -10.425 -11.364 -11.465 -11.920 -12.422 -13.011 -13.371 -13.942 -14.233 -14.268
4.100 -1.251 1.142 -3.443 -6.433 -8.591 -9.431 -10.491 -10.383 -11.329 -11.435 -11.890 -12.397 -12.992 -13.357 -13.936 -14.233 -14.273
4.200 -1.178 1.282 -3.368 -6.351 -8.531 -9.378 -10.447 -10.341 -11.293 -11.404 -11.861 -12.372 -12.974 -13.343 -13.930 -14.234 -14.279
4.300 -1.106 1.419 -3.295 -6.270 -8.471 -9.326 -10.403 -10.299 -11.258 -11.374 -11.832 -12.348 -12.956 -13.329 -13.925 -14.236 -14.285
4.400 -1.036 1.553 -3.222 -6.190 -8.412 -9.274 -10.360 -10.257 -11.222 -11.345 -11.804 -12.323 -12.938 -13.316 -13.920 -14.238 -14.292
4.500 -0.966 1.685 -3.151 -6.111 -8.353 -9.223 -10.317 -10.215 -11.187 -11.315 -11.775 -12.298 -12.920 -13.303 -13.915 -14.241 -14.300
4.600 -0.896 1.816 -3.079 -6.031 -8.294 -9.171 -10.274 -10.174 -11.152 -11.285 -11.746 -12.274 -12.902 -13.290 -13.910 -14.244 -14.308
4.700 -0.857 1.889 -3.039 -5.987 -8.260 -9.141 -10.249 -10.150 -11.132 -11.268 -11.730 -12.260 -12.892 -13.282 -13.908 -14.245 -14.312
4.800 -0.858 1.888 -3.040 -5.987 -8.261 -9.142 -10.250 -10.151 -11.132 -11.268 -11.731 -12.260 -12.893 -13.283 -13.909 -14.246 -14.313
4.900 -0.858 1.887 -3.041 -5.988 -8.262 -9.143 -10.251 -10.151 -11.133 -11.269 -11.732 -12.261 -12.893 -13.284 -13.909 -14.247 -14.314
5.000 -0.859 1.886 -3.042 -5.989 -8.263 -9.144 -10.252 -10.152 -11.134 -11.270 -11.733 -12.262 -12.894 -13.285 -13.910 -14.248 -14.315
5.100 -0.861 1.885 -3.043 -5.991 -8.264 -9.145 -10.253 -10.154 -11.135 -11.272 -11.734 -12.263 -12.896 -13.286 -13.912 -14.249 -14.316
5.200 -0.862 1.884 -3.044 -5.992 -8.265 -9.146 -10.254 -10.155 -11.137 -11.273 -11.735 -12.265 -12.897 -13.287 -13.913 -14.251 -14.318
5.300 -0.863 1.882 -3.046 -5.993 -8.267 -9.148 -10.256 -10.156 -11.138 -11.274 -11.737 -12.266 -12.898 -13.289 -13.914 -14.252 -14.319
5.400 -0.865 1.881 -3.047 -5.994 -8.268 -9.149 -10.257 -10.158 -11.139 -11.275 -11.738 -12.267 -12.900 -13.290 -13.916 -14.253 -14.320
5.500 -0.866 1.880 -3.048 -5.996 -8.269 -9.150 -10.258 -10.159 -11.141 -11.277 -11.739 -12.269 -12.901 -13.291 -13.917 -14.254 -14.321
5.600 -0.867 1.878 -3.050 -5.997 -8.271 -9.152 -10.260 -10.160 -11.142 -11.278 -11.741 -12.270 -12.902 -13.293 -13.918 -14.256 -14.323
5.700 -0.868 1.877 -3.051 -5.998 -8.272 -9.153 -10.261 -10.161 -11.143 -11.279 -11.742 -12.271 -12.903 -13.294 -13.919 -14.257 -14.324
5.800 -0.870 1.876 -3.052 -5.999 -8.273 -9.154 -10.262 -10.163 -11.144 -11.280 -11.743 -12.272 -12.905 -13.295 -13.920 -14.258 -14.325
5.900 -0.871 1.875 -3.053 -6.001 -8.274 -9.155 -10.263 -10.164 -11.145 -11.282 -11.744 -12.274 -12.906 -13.296 -13.922 -14.259 -14.326
6.000 -0.872 1.874 -3.054 -6.002 -8.275 -9.156 -10.264 -10.165 -11.146 -11.283 -11.745 -12.275 -12.907 -13.297 -13.923 -14.260 -14.327
6.100 -0.873 1.873 -3.055 -6.002 -8.276 -9.157 -10.265 -10.166 -11.147 -11.283 -11.746 -12.275 -12.908 -13.298 -13.924 -14.261 -14.328
6.200 -0.873 1.872 -3.056 -6.003 -8.277 -9.158 -10.266 -10.166 -11.148 -11.284 -11.747 -12.276 -12.908 -13.299 -13.924 -14.262 -14.329
6.300 -0.874 1.872 -3.056 -6.004 -8.277 -9.158 -10.266 -10.167 -11.148 -11.285 -11.747 -12.277 -12.909 -13.299 -13.925 -14.262 -14.329
6.400 -0.874 1.871 -3.057 -6.004 -8.278 -9.159 -10.266 -10.167 -11.149 -11.285 -11.747 -12.277 -12.909 -13.300 -13.925 -14.263 -14.330
6.500 -0.874 1.871 -3.057 -6.004 -8.278 -9.159 -10.267 -10.167 -11.149 -11.285 -11.748 -12.277 -12.910 -13.300 -13.925 -14.263 -14.330
6.600 -0.874 1.871 -3.057 -6.004 -8.278 -9.159 -10.267 -10.167 -11.149 -11.285 -11.748 -12.277 -12.909 -13.300 -13.925 -14.263 -14.330
6.700 -0.874 1.871 -3.057 -6.004 -8.278 -9.159 -10.266 -10.167 -11.149 -11.285 -11.747 -12.277 -12.909 -13.300 -13.925 -14.263 -14.330
6.800 -0.874 1.872 -3.056 -6.004 -8.277 -9.158 -10.266 -10.167 -11.149 -11.285 -11.747 -12.277 -12.909 -13.299 -13.925 -14.262 -14.329
6.900 -0.873 1.872 -3.056 -6.003 -8.277 -9.158 -10.266 -10.166 -11.148 -11.284 -11.747 -12.276 -12.908 -13.299 -13.924 -14.262 -14.329
7.000 -0.873 1.873 -3.055 -6.002 -8.276 -9.157 -10.265 -10.166 -11.147 -11.284 -11.746 -12.275 -12.908 -13.298 -13.924 -14.261 -14.328
7.100 -0.872 1.874 -3.054 -6.001 -8.275 -9.156 -10.264 -10.165 -11.146 -11.283 -11.745 -12.274 -12.907 -13.297 -13.923 -14.260 -14.327
7.200 -0.870 1.875 -3.053 -6.000 -8.274 -9.155 -10.263 -10.163 -11.145 -11.281 -11.744 -12.273 -12.906 -13.296 -13.921 -14.259 -14.326
7.300 -0.869 1.877 -3.051 -5.999 -8.272 -9.153 -10.261 -10.162 -11.144 -11.280 -11.742 -12.272 -12.904 -13.294 -13.920 -14.257 -14.325
7.400 -0.867 1.878 -3.050 -5.997 -8.271 -9.152 -10.259 -10.160 -11.142 -11.278 -11.740 -12.270 -12.902 -13.293 -13.918 -14.256 -14.323
7.500 -0.865 1.880 -3.048 -5.995 -8.269 -9.150 -10.258 -10.158 -11.140 -11.276 -11.739 -12.268 -12.900 -13.291 -13.916 -14.254 -14.321
7.600 -0.863 1.882 -3.046 -5.993 -8.267 -9.148 -10.255 -10.156 -11.138 -11.274 -11.736 -12.266 -12.898 -13.289 -13.914 -14.252 -14.319
7.700 -0.861 1.885 -3.043 -5.990 -8.264 -9.145 -10.253 -10.154 -11.135 -11.272 -11.734 -12.263 -12.896 -13.286 -13.912 -14.249 -14.316
7.800 -0.858 1.888 -3.040 -5.988 -8.261 -9.142 -10.250 -10.151 -11.133 -11.269 -11.731 -12.261 -12.893 -13.283 -13.909 -14.247 -14.314
7.900 -0.855 1.890 -3.038 -5.985 -8.259 -9.140 -10.247 -10.148 -11.130 -11.266 -11.728 -12.258 -12.890 -13.281 -13.906 -14.244 -14.311
8.000 -0.852 1.893 -3.035 -5.982 -8.256 -9.137 -10.244 -10.145 -11.127 -11.263 -11.725 -12.255 -12.887 -13.278 -13.903 -14.241 -14.308
8.100 -0.849 1.897 -3.031 -5.979 -8.252 -9.133 -10.241 -10.142 -11.124 -11.260 -11.722 -12.252 -12.884 -13.274 -13.900 -14.237 -14.304
8.200 -0.845 1.900 -3.028 -5.975 -8.249 -9.130 -10.238 -10.138 -11.120 -11.256 -11.719 -12.248 -12.880 -13.271 -13.896 -14.234 -14.301
8.300 -0.841 1.904 -3.024 -5.971 -8.245 -9.126 -10.234 -10.134 -11.116 -11.252 -11.715 -12.244 -12.876 -13.267 -13.892 -14.230 -14.297
8.400 -0.837 1.908 -3.020 -5.967 -8.241 -9.122 -10.229 -10.130 -11.112 -11.248 -11.710 -12.240 -12.872 -13.263 -13.888 -14.226 -14.293
8.500 -0.833 1.913 -3.015 -5.963 -8.236 -9.117 -10.225 -10.126 -11.107 -11.244 -11.706 -12.236 -12.868 -13.258 -13.884 -14.221 -14.288
8.600 -0.828 1.917 -3.011 -5.958 -8.232 -9.113 -10.220 -10.121 -11.103 -11.239 -11.701 -12.231 -12.863 -13.254 -13.879 -14.217 -14.284
8.700 -0.823 1.922 -3.006 -5.953 -8.227 -9.108 -10.216 -10.116 -11.098 -11.234 -11.697 -12.226 -12.858 -13.249 -13.874 -14.212 -14.279
8.800 -0.818 1.927 -3.001 -5.948 -8.222 -9.103 -10.210 -10.111 -11.093 -11.229 -11.691 -12.221 -12.853 -13.244 -13.869 -14.207 -14.274
8.900 -0.813 1.933 -2.995 -5.943 -8.216 -9.097 -10.205 -10.106 -11.087 -11.224 -11.686 -12.215 -12.848 -13.238 -13.864 -14.201 -14.268
9.000 -0.807 1.938 -2.990 -5.937 -8.211 -9.092 -10.199 -10.100 -11.082 -11.218 -11.680 -12.210 -12.842 -13.233 -13.858 -14.196 -14.263
9.100 -0.801 1.944 -2.984 -5.931 -8.205 -9.086 -10.194 -10.094 -11.076 -11.212 -11.674 -12.204 -12.836 -13.227 -13.852 -14.190 -14.257
9.200 -0.795 1.950 -2.978 -5.925 -8.199 -9.080 -10.187 -10.088 -11.070 -11.206 -11.668 -12.198 -12.830 -13.221 -13.846 -14.184 -14.251
9.300 -0.789 1.957 -2.971 -5.919 -8.192 -9.073 -10.181 -10.082 -11.064 -11.200 -11.662 -12.192 -12.824 -13.214 -13.840 -14.177 -14.244
9.400 -0.782 1.963 -2.965 -5.912 -8.186 -9.067 -10.175 -10.075 -11.057 -11.193 -11.656 -12.185 -12.817 -13.208 -13.833 -14.171 -14.238
9.500 -0.775 1.970 -2.958 -5.905 -8.179 -9.060 -10.168 -10.068 -11.050 -11.186 -11.649 -12.178 -12.811 -13.201 -13.826 -14.164 -14.231
9.600 -0.768 1.977 -2.951 -5.898 -8.172 -9.053 -10.161 -10.061 -11.043 -11.179 -11.642 -12.171 -12.803 -13.194 -13.819 -14.157 -14.224
9.700 -0.761 1.985 -2.943 -5.891 -8.164 -9.045 -10.153 -10.054 -11.036 -11.172 -11.634 -12.164 -12.796 -13.186 -13.812 -14.150 -14.217
9.800 -0.753 1.992 -2.936 -5.883 -8.157 -9.038 -10.146 -10.046 -11.028 -11.164 -11.627 -12.156 -12.789 -13.179 -13.804 -14.142 -14.209
9.900 -0.746 2.000 -2.928 -5.875 -8.149 -9.030 -10.138 -10.039 -11.020 -11.156 -11.619 -12.148 -12.781 -13.171 -13.797 -14.134 -14.201
10.000 -0.738 2.008 -2.920 -5.867 -8.141 -9.022 -10.130 -10.031 -11.012 -11.148 -11.611 -12.140 -12.773 -13.163 -13.788 -14.126 -14.193
10.100 -0.729 2.016 -2.912 -5.859 -8.133 -9.014 -10.122 -10.022 -11.004 -11.140 -11.603 -12.132 -12.764 -13.155 -13.780 -14.118 -14.185
10.200 -0.721 2.025 -2.903 -5.851 -8.124 -9.005 -10.113 -10.014 -10.995 -11.132 -11.594 -12.124 -12.756 -13.146 -13.772 -14.109 -14.176
10.300 -0.712 2.034 -2.894 -5.842 -8.115 -8.996 -10.104 -10.005 -10.987 -11.123 -11.585 -12.115 -12.747 -13.137 -13.763 -14.101 -14.168
10.400 -0.703 2.043 -2.885 -5.833 -8.106 -8.987 -10.095 -9.996 -10.978 -11.114 -11.576 -12.106 -12.738 -13.128 -13.754 -14.091 -14.159
10.500 -0.694 2.052 -2.876 -5.824 -8.097 -8.978 -10.086 -9.987 -10.968 -11.105 -11.567 -12.097 -12.729 -13.119 -13.745 -14.082 -14.149
10.600 -0.684 2.061 -2.867 -5.814 -8.088 -8.969 -10.077 -9.977 -10.959 -11.095 -11.558 -12.087 -12.720 -13.110 -13.735 -14.073 -14.140
10.700 -0.675 2.071 -2.857 -5.805 -8.078 -8.959 -10.067 -9.968 -10.949 -11.086 -11.548 -12.078 -12.710 -13.100 -13.726 -14.063 -14.130
10.800 -0.665 2.081 -2.847 -5.795 -8.068 -8.949 -10.057 -9.958 -10.940 -11.076 -11.538 -12.068 -12.700 -13.090 -13.716 -14.054 -14.121
10.900 -0.655 2.091 -2.837 -5.785 -8.058 -8.939 -10.047 -9.948 -10.930 -11.066 -11.528 -12.058 -12.690 -13.080 -13.706 -14.044 -14.111
11.000 -0.645 2.101 -2.827 -5.775 -8.048 -8.929 -10.037 -9.938 -10.919 -11.056 -11.518 -12.047 -12.680 -13.070 -13.696 -14.033 -14.100
11.100 -0.634 2.111 -2.817 -5.764 -8.038 -8.919 -10.027 -9.927 -10.909 -11.045 -11.508 -12.037 -12.669 -13.060 -13.685 -14.023 -14.090
11.200 -0.624 2.122 -2.806 -5.753 -8.027 -8.908 -10.016 -9.917 -10.898 -11.034 -11.497 -12.026 -12.659 -13.049 -13.675 -14.012 -14.079
11.300 -0.613 2.133 -2.795 -5.742 -8.016 -8.897 -10.005 -9.906 -10.887 -11.024 -11.486 -12.015 -12.648 -13.038 -13.664 -14.001 -14.068
11.400 -0.602 2.144 -2.784 -5.731 -8.005 -8.886 -9.994 -9.895 -10.876 -11.012 -11.475 -12.004 -12.637 -13.027 -13.653 -13.990 -14.057
11.500 -0.590 2.155 -2.773 -5.720 -7.994 -8.875 -9.983 -9.883 -10.865 -11.001 -11.464 -11.993 -12.625 -13.016 -13.641 -13.979 -14.046
11.600 -0.579 2.167 -2.761 -5.709 -7.982 -8.863 -9.971 -9.872 -10.853 -10.990 -11.452 -11.982 -12.614 -13.004 -13.630 -13.967 -14.034
11.700 -0.567 2.178 -2.750 -5.697 -7.971 -8.852 -9.959 -9.860 -10.842 -10.978 -11.440 -11.970 -12.602 -12.993 -13.618 -13.956 -14.023
11.800 -0.555 2.190 -2.738 -5.685 -7.959 -8.840 -9.948 -9.848 -10.830 -10.966 -11.429 -11.958 -12.590 -12.981 -13.606 -13.944 -14.011
11.900 -0.543 2.202 -2.726 -5.673 -7.947 -8.828 -9.936 -9.836 -10.818 -10.954 -11.417 -11.946 -12.578 -12.969 -13.594 -13.932 -13.999
12.000 -0.531 2.214 -2.714 -5.661 -7.935 -8.816 -9.923 -9.824 -10.806 -10.942 -11.404 -11.934 -12.566 -12.957 -13.582 -13.920 -13.987
12.100 -0.519 2.227 -2.701 -5.648 -7.922 -8.803 -9.911 -9.812 -10.793 -10.930 -11.392 -11.921 -12.554 -12.944 -13.570 -13.907 -13.974
12.200 -0.506 2.239 -2.689 -5.636 -7.910 -8.791 -9.898 -9.799 -10.781 -10.917 -11.379 -11.909 -12.541 -12.932 -13.557 -13.895 -13.962
12.300 -0.493 2.252 -2.676 -5.623 -7.897 -8.778 -9.886 -9.786 -10.768 -10.904 -11.367 -11.896 -12.529 -12.919 -13.544 -13.882 -13.949
12.400 -0.481 2.265 -2.663 -5.610 -7.884 -8.765 -9.873 -9.774 -10.755 -10.891 -11.354 -11.883 -12.516 -12.906 -13.532 -13.869 -13.936
12.500 -0.468 2.278 -2.650 -5.597 -7.871 -8.752 -9.860 -9.761 -10.742 -10.878 -11.341 -11.870 -12.503 -12.893 -13.519 -13.856 -13.923
12.600 -0.454 2.291 -2.637 -5.584 -7.858 -8.739 -9.847 -9.747 -10.729 -10.865 -11.328 -11.857 -12.490 -12.880 -13.505 -13.843 -13.910
12.700 -0.441 2.304 -2.624 -5.571 -7.845 -8.726 -9.833 -9.734 -10.716 -10.852 -11.314 -11.844 -12.476 -12.867 -13.492 -13.830 -13.897
12.800 -0.428 2.318 -2.610 -5.557 -7.831 -8.712 -9.820 -9.721 -10.702 -10.838 -11.301 -11.830 -12.463 -12.853 -13.479 -13.816 -13.883
12.900 -0.414 2.332 -2.596 -5.544 -7.817 -8.698 -9.806 -9.707 -10.689 -10.825 -11.287 -11.817 -12.449 -12.839 -13.465 -13.803 -13.870
13.000 -0.400 2.345 -2.583 -5.530 -7.804 -8.685 -9.792 -9.693 -10.675 -10.811 -11.273 -11.803 -12.435 -12.826 -13.451 -13.789 -13.856
13.100 -0.386 2.359 -2.569 -5.516 -7.790 -8.671 -9.779 -9.679 -10.661 -10.797 -11.260 -11.789 -12.421 -12.812 -13.437 -13.775 -13.842
13.200 -0.372 2.373 -2.555 -5.502 -7.776 -8.657 -9.765 -9.665 -10.647 -10.783 -11.246 -11.775 -12.407 -12.798 -13.423 -13.761 -13.828
13.300 -0.358 2.387 -2.541 -5.488 -7.761 -8.642 -9.750 -9.651 -10.633 -10.769 -11.231 -11.761 -12.393 -12.783 -13.409 -13.747 -13.814
13.400 -0.344 2.402 -2.526 -5.474 -7.747 -8.628 -9.736 -9.637 -10.618 -10.755 -11.217 -11.746 -12.379 -12.769 -13.395 -13.732 -13.799
13.500 -0.329 2.416 -2.512 -5.459 -7.733 -8.614 -9.722 -9.622 -10.604 -10.740 -11.203 -11.732 -12.364 -12.755 -13.380 -13.718 -13.785
13.600 -0.315 2.431 -2.497 -5.445 -7.718 -8.599 -9.707 -9.608 -10.589 -10.726 -11.188 -11.718 -12.350 -12.740 -13.366 -13.703 -13.770
13.700 -0.300 2.445 -2.483 -5.430 -7.704 -8.585 -9.692 -9.593 -10.575 -10.711 -11.173 -11.703 -12.335 -12.726 -13.351 -13.689 -13.756
13.800 -0.285 2.460 -2.468 -5.415 -7.689 -8.570 -9.678 -9.578 -10.560 -10.696 -11.159 -11.688 -12.321 -12.711 -13.336 -13.674 -13.741
13.900 -0.271 2.475 -2.453 -5.400 -7.674 -8.555 -9.663 -9.564 -10.545 -10.681 -11.144 -11.673 -12.306 -12.696 -13.322 -13.659 -13.726
14.000 -0.256 2.490 -2.438 -5.385 -7.659 -8.540 -9.648 -9.549 -10.530 -10.666 -11.129 -11.658 -12.291 -12.681 -13.307 -13.644 -13.711
14.100 -0.241 2.505 -2.423 -5.370 -7.644 -8.525 -9.633 -9.534 -10.515 -10.651 -11.114 -11.643 -12.276 -12.666 -13.292 -13.629 -13.696
14.200 -0.225 2.520 -2.408 -5.355 -7.629 -8.510 -9.618 -9.518 -10.500 -10.636 -11.099 -11.628 -12.261 -12.651 -13.276 -13.614 -13.681
14.300 -0.210 2.535 -2.393 -5.340 -7.614 -8.495 -9.603 -9.503 -10.485 -10.621 -11.084 -11.613 -12.245 -12.636 -13.261 -13.599 -13.666
14.400 -0.195 2.551 -2.377 -5.325 -7.598 -8.479 -9.587 -9.488 -10.470 -10.606 -11.068 -11.598 -12.230 -12.620 -13.246 -13.584 -13.651
14.500 -0.180 2.566 -2.362 -5.309 -7.583 -8.464 -9.572 -9.473 -10.454 -10.591 -11.053 -11.582 -12.215 -12.605 -13.231 -13.568 -13.635
14.600 -0.164 2.581 -2.347 -5.294 -7.568 -8.449 -9.557 -9.457 -10.439 -10.575 -11.038 -11.567 -12.199 -12.590 -13.215 -13.553 -13.620
14.700 -0.149 2.597 -2.331 -5.279 -7.552 -8.433 -9.541 -9.442 -10.423 -10.560 -11.022 -11.551 -12.184 -12.574 -13.200 -13.537 -13.604
14.800 -0.133 2.612 -2.316 -5.263 -7.537 -8.418 -9.525 -9.426 -10.408 -10.544 -11.006 -11.536 -12.168 -12.559 -13.184 -13.522 -13.589
14.900 -0.118 2.628 -2.300 -5.247 -7.521 -8.402 -9.510 -9.411 -10.392 -10.528 -10.991 -11.520 -12.153 -12.543 -13.169 -13.506 -13.573
15.000 -0.102 2.644 -2.284 -5.232 -7.505 -8.386 -9.494 -9.395 -10.377 -10.513 -10.975 -11.505 -12.137 -12.527 -13.153 -13.490 -13.557
