# day W2 M2 W1 u B g V c r w o i z y J H K
0.000 -10.391 -10.189 -9.987 -9.136 -8.770 -8.592 -8.282 -8.406 -8.026 -8.210 -7.885 -7.605 -7.290 -7.048 -6.556 -5.922 -5.335
0.100 -14.088 -14.179 -14.177 -14.097 -13.973 -13.899 -13.761 -13.811 -13.628 -13.697 -13.550 -13.384 -13.179 -13.010 -12.651 -12.139 -11.640
0.200 -12.979 -13.316 -13.568 -14.114 -14.189 -14.196 -14.183 -14.185 -14.136 -14.141 -14.103 -14.011 -13.877 -13.754 -13.475 -13.035 -12.585
0.300 -11.767 -12.256 -12.762 -13.805 -14.062 -14.145 -14.241 -14.206 -14.274 -14.234 -14.282 -14.256 -14.185 -14.102 -13.894 -13.516 -13.107
0.400 -10.580 -11.135 -11.881 -13.322 -13.754 -13.910 -14.111 -14.046 -14.221 -14.150 -14.274 -14.309 -14.301 -14.260 -14.122 -13.805 -13.437
0.500 -9.251 -9.810 -10.834 -12.663 -13.285 -13.520 -13.831 -13.739 -14.026 -13.935 -14.129 -14.228 -14.288 -14.292 -14.230 -13.978 -13.652
0.600 -7.779 -8.242 -9.628 -11.848 -12.685 -13.009 -13.437 -13.324 -13.724 -13.625 -13.883 -14.049 -14.183 -14.234 -14.255 -14.072 -13.791
0.700 -6.459 -6.715 -8.488 -11.015 -12.059 -12.467 -13.003 -12.877 -13.379 -13.286 -13.595 -13.823 -14.029 -14.127 -14.230 -14.117 -13.883
0.800 -5.582 -5.670 -7.672 -10.344 -11.532 -12.001 -12.617 -12.485 -13.062 -12.984 -13.326 -13.602 -13.868 -14.008 -14.186 -14.138 -13.948
0.900 -5.062 -5.073 -7.171 -9.892 -11.155 -11.660 -12.323 -12.190 -12.813 -12.750 -13.112 -13.420 -13.731 -13.903 -14.142 -14.150 -14.000
1.000 -4.701 -4.647 -6.825 -9.581 -10.892 -11.418 -12.111 -11.978 -12.630 -12.580 -12.952 -13.281 -13.624 -13.820 -14.105 -14.160 -14.044
1.100 -4.400 -4.273 -6.539 -9.328 -10.685 -11.232 -11.951 -11.819 -12.495 -12.455 -12.836 -13.183 -13.550 -13.763 -14.080 -14.164 -14.068
1.200 -4.140 -3.938 -6.293 -9.113 -10.514 -11.079 -11.822 -11.690 -12.387 -12.357 -12.746 -13.106 -13.494 -13.721 -14.066 -14.176 -14.098
1.300 -3.897 -3.616 -6.061 -8.907 -10.355 -10.940 -11.708 -11.577 -12.296 -12.275 -12.671 -13.046 -13.452 -13.692 -14.058 -14.183 -14.114
1.400 -3.676 -3.320 -5.849 -8.718 -10.207 -10.810 -11.601 -11.471 -12.210 -12.200 -12.602 -12.990 -13.415 -13.668 -14.055 -14.197 -14.138
1.500 -3.462 -3.034 -5.642 -8.530 -10.056 -10.675 -11.487 -11.359 -12.117 -12.117 -12.526 -12.926 -13.371 -13.636 -14.047 -14.210 -14.163
1.600 -3.263 -2.764 -5.450 -8.353 -9.913 -10.547 -11.379 -11.252 -12.027 -12.038 -12.451 -12.864 -13.327 -13.605 -14.041 -14.224 -14.192
1.700 -3.077 -2.509 -5.268 -8.186 -9.775 -10.422 -11.270 -11.145 -11.936 -11.957 -12.375 -12.799 -13.279 -13.571 -14.031 -14.236 -14.219
1.800 -2.894 -2.260 -5.091 -8.021 -9.636 -10.295 -11.158 -11.035 -11.840 -11.871 -12.293 -12.727 -13.226 -13.531 -14.015 -14.244 -14.243
1.900 -2.725 -2.023 -4.926 -7.868 -9.508 -10.176 -11.054 -10.932 -11.749 -11.790 -12.215 -12.659 -13.174 -13.491 -14.000 -14.252 -14.268
2.000 -2.571 -1.798 -4.775 -7.729 -9.392 -10.071 -10.960 -10.839 -11.668 -11.716 -12.145 -12.597 -13.125 -13.453 -13.984 -14.255 -14.286
2.100 -2.459 -1.586 -4.666 -7.635 -9.335 -10.026 -10.928 -10.808 -11.645 -11.696 -12.127 -12.582 -13.114 -13.444 -13.976 -14.247 -14.277
2.200 -2.354 -1.382 -4.562 -7.543 -9.280 -9.982 -10.896 -10.777 -11.622 -11.677 -12.109 -12.568 -13.104 -13.435 -13.968 -14.240 -14.269
2.300 -2.255 -1.185 -4.464 -7.455 -9.225 -9.939 -10.865 -10.745 -11.599 -11.657 -12.091 -12.554 -13.093 -13.425 -13.960 -14.233 -14.262
2.400 -2.157 -0.989 -4.367 -7.366 -9.169 -9.893 -10.831 -10.712 -11.573 -11.634 -12.071 -12.536 -13.079 -13.413 -13.950 -14.223 -14.252
2.500 -2.063 -0.799 -4.273 -7.278 -9.112 -9.847 -10.795 -10.677 -11.545 -11.609 -12.048 -12.516 -13.062 -13.399 -13.938 -14.211 -14.240
2.600 -1.972 -0.612 -4.181 -7.191 -9.055 -9.800 -10.759 -10.641 -11.517 -11.584 -12.024 -12.496 -13.046 -13.384 -13.925 -14.200 -14.230
2.700 -1.884 -0.431 -4.093 -7.106 -8.999 -9.754 -10.722 -10.605 -11.488 -11.558 -12.000 -12.475 -13.029 -13.369 -13.913 -14.189 -14.219
2.800 -1.798 -0.252 -4.005 -7.020 -8.942 -9.705 -10.683 -10.567 -11.457 -11.530 -11.973 -12.452 -13.009 -13.351 -13.898 -14.175 -14.206
2.900 -1.713 -0.075 -3.919 -6.935 -8.884 -9.656 -10.643 -10.528 -11.424 -11.500 -11.945 -12.427 -12.988 -13.332 -13.882 -14.161 -14.192
3.000 -1.630 0.096 -3.835 -6.850 -8.825 -9.606 -10.602 -10.488 -11.389 -11.470 -11.916 -12.400 -12.965 -13.312 -13.864 -14.145 -14.177
3.100 -1.549 0.264 -3.752 -6.767 -8.767 -9.555 -10.561 -10.447 -11.355 -11.438 -11.886 -12.373 -12.942 -13.291 -13.847 -14.129 -14.162
3.200 -1.469 0.428 -3.671 -6.683 -8.708 -9.504 -10.518 -10.405 -11.319 -11.406 -11.855 -12.345 -12.918 -13.269 -13.829 -14.114 -14.148
3.300 -1.389 0.592 -3.589 -6.599 -8.647 -9.452 -10.474 -10.362 -11.281 -11.372 -11.822 -12.315 -12.892 -13.246 -13.809 -14.097 -14.132
3.400 -1.310 0.752 -3.508 -6.515 -8.586 -9.398 -10.428 -10.317 -11.242 -11.336 -11.787 -12.284 -12.865 -13.221 -13.788 -14.079 -14.115
3.500 -1.232 0.907 -3.429 -6.431 -8.524 -9.343 -10.381 -10.271 -11.202 -11.299 -11.752 -12.251 -12.837 -13.196 -13.767 -14.060 -14.098
3.600 -1.154 1.060 -3.349 -6.347 -8.461 -9.288 -10.333 -10.224 -11.161 -11.262 -11.715 -12.218 -12.807 -13.169 -13.745 -14.041 -14.081
3.700 -1.076 1.210 -3.270 -6.263 -8.398 -9.231 -10.285 -10.177 -11.118 -11.223 -11.678 -12.183 -12.778 -13.142 -13.722 -14.022 -14.065
3.800 -0.999 1.357 -3.191 -6.180 -8.335 -9.174 -10.235 -10.128 -11.075 -11.184 -11.640 -12.148 -12.747 -13.114 -13.700 -14.003 -14.048
3.900 -0.921 1.503 -3.112 -6.094 -8.269 -9.115 -10.183 -10.078 -11.030 -11.142 -11.599 -12.111 -12.714 -13.085 -13.676 -13.984 -14.031
4.000 -0.844 1.645 -3.033 -6.010 -8.203 -9.056 -10.131 -10.026 -10.984 -11.100 -11.558 -12.073 -12.681 -13.055 -13.651 -13.964 -14.014
4.100 -0.766 1.783 -2.953 -5.924 -8.136 -8.995 -10.077 -9.974 -10.937 -11.057 -11.516 -12.034 -12.647 -13.024 -13.626 -13.943 -13.997
4.200 -0.688 1.920 -2.874 -5.838 -8.068 -8.933 -10.022 -9.920 -10.888 -11.013 -11.472 -11.993 -12.612 -12.992 -13.600 -13.923 -13.979
4.300 -0.610 2.052 -2.794 -5.753 -7.999 -8.870 -9.967 -9.865 -10.839 -10.968 -11.428 -11.953 -12.576 -12.960 -13.574 -13.902 -13.963
4.400 -0.531 2.182 -2.715 -5.666 -7.929 -8.807 -9.910 -9.810 -10.788 -10.922 -11.383 -11.911 -12.540 -12.927 -13.548 -13.882 -13.946
4.500 -0.472 2.273 -2.655 -5.602 -7.876 -8.757 -9.864 -9.765 -10.747 -10.883 -11.345 -11.875 -12.507 -12.898 -13.523 -13.861 -13.928
4.600 -0.449 2.296 -2.632 -5.579 -7.853 -8.734 -9.842 -9.742 -10.724 -10.860 -11.323 -11.852 -12.484 -12.875 -13.500 -13.838 -13.905
4.700 -0.427 2.319 -2.609 -5.556 -7.830 -8.711 -9.819 -9.720 -10.701 -10.837 -11.300 -11.829 -12.462 -12.852 -13.478 -13.815 -13.882
4.800 -0.404 2.342 -2.586 -5.534 -7.807 -8.688 -9.796 -9.697 -10.678 -10.815 -11.277 -11.807 -12.439 -12.829 -13.455 -13.792 -13.859
4.900 -0.381 2.364 -2.564 -5.511 -7.785 -8.666 -9.773 -9.674 -10.656 -10.792 -11.254 -11.784 -12.416 -12.807 -13.432 -13.770 -13.837
5.000 -0.359 2.387 -2.541 -5.488 -7.762 -8.643 -9.751 -9.652 -10.633 -10.770 -11.232 -11.761 -12.394 -12.784 -13.410 -13.747 -13.814
5.100 -0.337 2.409 -2.519 -5.466 -7.740 -8.621 -9.729 -9.630 -10.611 -10.747 -11.210 -11.739 -12.372 -12.762 -13.387 -13.725 -13.792
5.200 -0.315 2.431 -2.497 -5.444 -7.718 -8.599 -9.707 -9.608 -10.589 -10.726 -11.188 -11.717 -12.350 -12.740 -13.366 -13.703 -13.770
5.300 -0.293 2.453 -2.475 -5.423 -7.696 -8.577 -9.685 -9.586 -10.568 -10.704 -11.166 -11.696 -12.328 -12.718 -13.344 -13.681 -13.748
5.400 -0.271 2.474 -2.454 -5.401 -7.675 -8.556 -9.663 -9.564 -10.546 -10.682 -11.144 -11.674 -12.306 -12.697 -13.322 -13.660 -13.727
5.500 -0.250 2.496 -2.432 -5.379 -7.653 -8.534 -9.642 -9.543 -10.524 -10.661 -11.123 -11.652 -12.285 -12.675 -13.301 -13.638 -13.705
5.600 -0.229 2.517 -2.411 -5.358 -7.632 -8.513 -9.621 -9.522 -10.503 -10.639 -11.102 -11.631 -12.264 -12.654 -13.280 -13.617 -13.684
5.700 -0.207 2.538 -2.390 -5.337 -7.611 -8.492 -9.600 -9.500 -10.482 -10.618 -11.081 -11.610 -12.243 -12.633 -13.258 -13.596 -13.663
5.800 -0.187 2.559 -2.369 -5.316 -7.590 -8.471 -9.579 -9.480 -10.461 -10.597 -11.060 -11.589 -12.222 -12.612 -13.238 -13.575 -13.642
5.900 -0.166 2.580 -2.348 -5.296 -7.569 -8.450 -9.558 -9.459 -10.441 -10.577 -11.039 -11.569 -12.201 -12.591 -13.217 -13.554 -13.621
6.000 -0.146 2.600 -2.328 -5.275 -7.549 -8.430 -9.538 -9.439 -10.420 -10.556 -11.019 -11.548 -12.181 -12.571 -13.196 -13.534 -13.601
6.100 -0.125 2.620 -2.308 -5.255 -7.529 -8.410 -9.518 -9.418 -10.400 -10.536 -10.999 -11.528 -12.160 -12.551 -13.176 -13.514 -13.581
6.200 -0.105 2.640 -2.288 -5.235 -7.509 -8.390 -9.497 -9.398 -10.380 -10.516 -10.978 -11.508 -12.140 -12.531 -13.156 -13.494 -13.561
6.300 -0.085 2.660 -2.268 -5.215 -7.489 -8.370 -9.477 -9.378 -10.360 -10.496 -10.958 -11.488 -12.120 -12.511 -13.136 -13.474 -13.541
6.400 -0.065 2.680 -2.248 -5.195 -7.469 -8.350 -9.458 -9.358 -10.340 -10.476 -10.939 -11.468 -12.101 -12.491 -13.116 -13.454 -13.521
6.500 -0.046 2.700 -2.228 -5.176 -7.449 -8.330 -9.438 -9.339 -10.321 -10.457 -10.919 -11.449 -12.081 -12.471 -13.097 -13.434 -13.501
6.600 -0.026 2.719 -2.209 -5.156 -7.430 -8.311 -9.418 -9.319 -10.301 -10.437 -10.899 -11.429 -12.061 -12.452 -13.077 -13.415 -13.482
6.700 -0.007 2.739 -2.189 -5.137 -7.410 -8.291 -9.399 -9.300 -10.281 -10.418 -10.880 -11.409 -12.042 -12.432 -13.058 -13.395 -13.462
6.800 0.013 2.758 -2.170 -5.117 -7.391 -8.272 -9.380 -9.280 -10.262 -10.398 -10.861 -11.390 -12.022 -12.413 -13.038 -13.376 -13.443
6.900 0.032 2.778 -2.150 -5.098 -7.371 -8.252 -9.360 -9.261 -10.243 -10.379 -10.841 -11.371 -12.003 -12.393 -13.019 -13.356 -13.424
7.000 0.051 2.797 -2.131 -5.078 -7.352 -8.233 -9.341 -9.242 -10.223 -10.359 -10.822 -11.351 -11.984 -12.374 -13.000 -13.337 -13.404
7.100 0.071 2.816 -2.112 -5.059 -7.333 -8.214 -9.322 -9.222 -10.204 -10.340 -10.803 -11.332 -11.964 -12.355 -12.980 -13.318 -13.385
7.200 0.090 2.836 -2.092 -5.040 -7.313 -8.194 -9.302 -9.203 -10.185 -10.321 -10.783 -11.313 -11.945 -12.335 -12.961 -13.299 -13.366
7.300 0.109 2.855 -2.073 -5.020 -7.294 -8.175 -9.283 -9.184 -10.165 -10.301 -10.764 -11.293 -11.926 -12.316 -12.942 -13.279 -13.346
7.400 0.129 2.874 -2.054 -5.001 -7.275 -8.156 -9.264 -9.164 -10.146 -10.282 -10.745 -11.274 -11.906 -12.297 -12.922 -13.260 -13.327
7.500 0.148 2.894 -2.034 -4.982 -7.255 -8.136 -9.244 -9.145 -10.126 -10.263 -10.725 -11.255 -11.887 -12.277 -12.903 -13.240 -13.307
7.600 0.167 2.913 -2.015 -4.962 -7.236 -8.117 -9.225 -9.126 -10.107 -10.243 -10.706 -11.235 -11.868 -12.258 -12.884 -13.221 -13.288
7.700 0.187 2.933 -1.995 -4.943 -7.216 -8.097 -9.205 -9.106 -10.088 -10.224 -10.686 -11.216 -11.848 -12.238 -12.864 -13.202 -13.269
7.800 0.207 2.952 -1.976 -4.923 -7.197 -8.078 -9.186 -9.086 -10.068 -10.204 -10.667 -11.196 -11.828 -12.219 -12.844 -13.182 -13.249
7.900 0.226 2.972 -1.956 -4.903 -7.177 -8.058 -9.166 -9.067 -10.048 -10.185 -10.647 -11.176 -11.809 -12.199 -12.825 -13.162 -13.229
8.000 0.246 2.992 -1.936 -4.884 -7.157 -8.038 -9.146 -9.047 -10.029 -10.165 -10.627 -11.157 -11.789 -12.179 -12.805 -13.142 -13.210
8.100 0.266 3.012 -1.916 -4.864 -7.137 -8.018 -9.126 -9.027 -10.009 -10.145 -10.607 -11.137 -11.769 -12.159 -12.785 -13.123 -13.190
8.200 0.286 3.032 -1.896 -4.844 -7.117 -7.998 -9.106 -9.007 -9.989 -10.125 -10.587 -11.117 -11.749 -12.139 -12.765 -13.102 -13.169
8.300 0.306 3.052 -1.876 -4.824 -7.097 -7.978 -9.086 -8.987 -9.968 -10.105 -10.567 -11.096 -11.729 -12.119 -12.745 -13.082 -13.149
8.400 0.327 3.072 -1.856 -4.803 -7.077 -7.958 -9.066 -8.966 -9.948 -10.084 -10.547 -11.076 -11.709 -12.099 -12.724 -13.062 -13.129
8.500 0.347 3.093 -1.835 -4.783 -7.056 -7.937 -9.045 -8.946 -9.928 -10.064 -10.526 -11.056 -11.688 -12.078 -12.704 -13.041 -13.108
8.600 0.368 3.113 -1.815 -4.762 -7.036 -7.917 -9.025 -8.925 -9.907 -10.043 -10.506 -11.035 -11.667 -12.058 -12.683 -13.021 -13.088
8.700 0.389 3.134 -1.794 -4.741 -7.015 -7.896 -9.004 -8.904 -9.886 -10.022 -10.485 -11.014 -11.647 -12.037 -12.662 -13.000 -13.067
8.800 0.409 3.155 -1.773 -4.720 -6.994 -7.875 -8.983 -8.884 -9.865 -10.001 -10.464 -10.993 -11.626 -12.016 -12.641 -12.979 -13.046
8.900 0.430 3.176 -1.752 -4.699 -6.973 -7.854 -8.962 -8.863 -9.844 -9.980 -10.443 -10.972 -11.605 -11.995 -12.621 -12.958 -13.025
9.000 0.452 3.197 -1.731 -4.678 -6.952 -7.833 -8.941 -8.841 -9.823 -9.959 -10.422 -10.951 -11.583 -11.974 -12.599 -12.937 -13.004
9.100 0.473 3.219 -1.709 -4.657 -6.930 -7.811 -8.919 -8.820 -9.802 -9.938 -10.400 -10.930 -11.562 -11.952 -12.578 -12.915 -12.982
9.200 0.495 3.240 -1.688 -4.635 -6.909 -7.790 -8.898 -8.798 -9.780 -9.916 -10.379 -10.908 -11.540 -11.931 -12.556 -12.894 -12.961
9.300 0.516 3.262 -1.666 -4.613 -6.887 -7.768 -8.876 -8.777 -9.758 -9.895 -10.357 -10.886 -11.519 -11.909 -12.535 -12.872 -12.939
9.400 0.538 3.284 -1.644 -4.592 -6.865 -7.746 -8.854 -8.755 -9.737 -9.873 -10.335 -10.865 -11.497 -11.887 -12.513 -12.850 -12.917
9.500 0.560 3.306 -1.622 -4.570 -6.843 -7.724 -8.832 -8.733 -9.715 -9.851 -10.313 -10.843 -11.475 -11.865 -12.491 -12.828 -12.895
9.600 0.582 3.328 -1.600 -4.547 -6.821 -7.702 -8.810 -8.711 -9.692 -9.829 -10.291 -10.820 -11.453 -11.843 -12.469 -12.806 -12.873
9.700 0.605 3.350 -1.578 -4.525 -6.799 -7.680 -8.788 -8.688 -9.670 -9.806 -10.269 -10.798 -11.431 -11.821 -12.446 -12.784 -12.851
9.800 0.627 3.372 -1.555 -4.503 -6.776 -7.657 -8.765 -8.666 -9.648 -9.784 -10.246 -10.776 -11.408 -11.798 -12.424 -12.762 -12.829
9.900 0.649 3.395 -1.533 -4.480 -6.754 -7.635 -8.743 -8.643 -9.625 -9.761 -10.224 -10.753 -11.386 -11.776 -12.401 -12.739 -12.806
10.000 0.672 3.418 -1.510 -4.458 -6.731 -7.612 -8.720 -8.621 -9.602 -9.739 -10.201 -10.731 -11.363 -11.753 -12.379 -12.716 -12.783
10.100 0.695 3.441 -1.487 -4.435 -6.708 -7.589 -8.697 -8.598 -9.580 -9.716 -10.178 -10.708 -11.340 -11.730 -12.356 -12.694 -12.761
10.200 0.718 3.463 -1.465 -4.412 -6.686 -7.567 -8.674 -8.575 -9.557 -9.693 -10.155 -10.685 -11.317 -11.708 -12.333 -12.671 -12.738
10.300 0.741 3.486 -1.442 -4.389 -6.663 -7.544 -8.651 -8.552 -9.534 -9.670 -10.132 -10.662 -11.294 -11.685 -12.310 -12.648 -12.715
10.400 0.764 3.509 -1.419 -4.366 -6.640 -7.521 -8.629 -8.529 -9.511 -9.647 -10.110 -10.639 -11.271 -11.662 -12.287 -12.625 -12.692
10.500 0.787 3.532 -1.396 -4.343 -6.617 -7.498 -8.605 -8.506 -9.488 -9.624 -10.086 -10.616 -11.248 -11.639 -12.264 -12.602 -12.669
10.600 0.810 3.556 -1.372 -4.320 -6.593 -7.474 -8.582 -8.483 -9.465 -9.601 -10.063 -10.593 -11.225 -11.615 -12.241 -12.578 -12.646
10.700 0.833 3.579 -1.349 -4.296 -6.570 -7.451 -8.559 -8.460 -9.441 -9.578 -10.040 -10.569 -11.202 -11.592 -12.218 -12.555 -12.622
10.800 0.857 3.602 -1.326 -4.273 -6.547 -7.428 -8.536 -8.436 -9.418 -9.554 -10.017 -10.546 -11.179 -11.569 -12.194 -12.532 -12.599
10.900 0.880 3.625 -1.303 -4.250 -6.524 -7.405 -8.512 -8.413 -9.395 -9.531 -9.993 -10.523 -11.155 -11.546 -12.171 -12.509 -12.576
11.000 0.903 3.649 -1.279 -4.227 -6.500 -7.381 -8.489 -8.390 -9.371 -9.508 -9.970 -10.500 -11.132 -11.522 -12.148 -12.485 -12.552
11.100 0.927 3.672 -1.256 -4.203 -6.477 -7.358 -8.466 -8.366 -9.348 -9.484 -9.947 -10.476 -11.109 -11.499 -12.124 -12.462 -12.529
11.200 0.950 3.695 -1.232 -4.180 -6.453 -7.334 -8.442 -8.343 -9.325 -9.461 -9.923 -10.453 -11.085 -11.475 -12.101 -12.439 -12.506
11.300 0.973 3.719 -1.209 -4.156 -6.430 -7.311 -8.419 -8.320 -9.301 -9.438 -9.900 -10.429 -11.062 -11.452 -12.078 -12.415 -12.482
11.400 0.997 3.742 -1.186 -4.133 -6.407 -7.288 -8.396 -8.296 -9.278 -9.414 -9.877 -10.406 -11.038 -11.429 -12.054 -12.392 -12.459
11.500 1.020 3.766 -1.162 -4.110 -6.383 -7.264 -8.372 -8.273 -9.255 -9.391 -9.853 -10.383 -11.015 -11.405 -12.031 -12.369 -12.436
11.600 1.043 3.789 -1.139 -4.086 -6.360 -7.241 -8.349 -8.250 -9.231 -9.368 -9.830 -10.359 -10.992 -11.382 -12.008 -12.345 -12.412
11.700 1.067 3.812 -1.116 -4.063 -6.337 -7.218 -8.326 -8.226 -9.208 -9.344 -9.807 -10.336 -10.968 -11.359 -11.984 -12.322 -12.389
11.800 1.090 3.835 -1.093 -4.040 -6.314 -7.195 -8.302 -8.203 -9.185 -9.321 -9.783 -10.313 -10.945 -11.336 -11.961 -12.299 -12.366
11.900 1.113 3.859 -1.069 -4.017 -6.290 -7.171 -8.279 -8.180 -9.162 -9.298 -9.760 -10.290 -10.922 -11.312 -11.938 -12.276 -12.343
12.000 1.136 3.882 -1.046 -3.994 -6.267 -7.148 -8.256 -8.157 -9.139 -9.275 -9.737 -10.267 -10.899 -11.289 -11.915 -12.253 -12.320
12.100 1.159 3.905 -1.023 -3.971 -6.244 -7.125 -8.233 -8.134 -9.116 -9.252 -9.714 -10.244 -10.876 -11.266 -11.892 -12.230 -12.297
12.200 1.182 3.927 -1.001 -3.948 -6.222 -7.103 -8.210 -8.111 -9.093 -9.229 -9.691 -10.221 -10.853 -11.244 -11.869 -12.207 -12.274
12.300 1.205 3.950 -0.978 -3.925 -6.199 -7.080 -8.188 -8.088 -9.070 -9.206 -9.669 -10.198 -10.831 -11.221 -11.846 -12.184 -12.251
12.400 1.227 3.973 -0.955 -3.903 -6.176 -7.057 -8.165 -8.066 -9.047 -9.184 -9.646 -10.175 -10.808 -11.198 -11.824 -12.161 -12.228
12.500 1.250 3.995 -0.933 -3.880 -6.154 -7.035 -8.142 -8.043 -9.025 -9.161 -9.623 -10.153 -10.785 -11.176 -11.801 -12.139 -12.206
12.600 1.272 4.018 -0.910 -3.858 -6.131 -7.012 -8.120 -8.021 -9.002 -9.139 -9.601 -10.131 -10.763 -11.153 -11.779 -12.116 -12.183
12.700 1.294 4.040 -0.888 -3.835 -6.109 -6.990 -8.098 -7.999 -8.980 -9.116 -9.579 -10.108 -10.741 -11.131 -11.757 -12.094 -12.161
12.800 1.317 4.062 -0.866 -3.813 -6.087 -6.968 -8.076 -7.976 -8.958 -9.094 -9.557 -10.086 -10.719 -11.109 -11.734 -12.072 -12.139
12.900 1.338 4.084 -0.844 -3.791 -6.065 -6.946 -8.054 -7.955 -8.936 -9.072 -9.535 -10.064 -10.697 -11.087 -11.712 -12.050 -12.117
13.000 1.360 4.106 -0.822 -3.769 -6.043 -6.924 -8.032 -7.933 -8.914 -9.051 -9.513 -10.042 -10.675 -11.065 -11.691 -12.028 -12.095
13.100 1.382 4.127 -0.800 -3.748 -6.021 -6.902 -8.010 -7.911 -8.893 -9.029 -9.491 -10.021 -10.653 -11.043 -11.669 -12.007 -12.074
13.200 1.403 4.149 -0.779 -3.726 -6.000 -6.881 -7.989 -7.890 -8.871 -9.007 -9.470 -9.999 -10.632 -11.022 -11.648 -11.985 -12.052
13.300 1.425 4.170 -0.758 -3.705 -5.979 -6.860 -7.968 -7.868 -8.850 -8.986 -9.449 -9.978 -10.610 -11.001 -11.626 -11.964 -12.031
13.400 1.446 4.191 -0.737 -3.684 -5.958 -6.839 -7.947 -7.847 -8.829 -8.965 -9.428 -9.957 -10.589 -10.980 -11.605 -11.943 -12.010
13.500 1.467 4.212 -0.716 -3.663 -5.937 -6.818 -7.926 -7.826 -8.808 -8.944 -9.407 -9.936 -10.569 -10.959 -11.584 -11.922 -11.989
13.600 1.487 4.233 -0.695 -3.642 -5.916 -6.797 -7.905 -7.806 -8.787 -8.924 -9.386 -9.915 -10.548 -10.938 -11.564 -11.901 -11.968
13.700 1.508 4.253 -0.675 -3.622 -5.896 -6.777 -7.885 -7.785 -8.767 -8.903 -9.365 -9.895 -10.527 -10.918 -11.543 -11.881 -11.948
13.800 1.528 4.274 -0.654 -3.602 -5.875 -6.756 -7.864 -7.765 -8.747 -8.883 -9.345 -9.875 -10.507 -10.897 -11.523 -11.861 -11.928
13.900 1.548 4.294 -0.634 -3.582 -5.855 -6.736 -7.844 -7.745 -8.727 -8.863 -9.325 -9.855 -10.487 -10.877 -11.503 -11.840 -11.907
14.000 1.568 4.313 -0.615 -3.562 -5.835 -6.716 -7.824 -7.725 -8.707 -8.843 -9.305 -9.835 -10.467 -10.857 -11.483 -11.821 -11.888
14.100 1.587 4.333 -0.595 -3.542 -5.816 -6.697 -7.805 -7.705 -8.687 -8.823 -9.286 -9.815 -10.448 -10.838 -11.463 -11.801 -11.868
14.200 1.607 4.352 -0.576 -3.523 -5.797 -6.678 -7.785 -7.686 -8.668 -8.804 -9.266 -9.796 -10.428 -10.819 -11.444 -11.782 -11.849
14.300 1.626 4.372 -0.556 -3.504 -5.777 -6.658 -7.766 -7.667 -8.649 -8.785 -9.247 -9.777 -10.409 -10.799 -11.425 -11.762 -11.830
14.400 1.645 4.391 -0.537 -3.485 -5.758 -6.639 -7.747 -7.648 -8.630 -8.766 -9.228 -9.758 -10.390 -10.780 -11.406 -11.744 -11.811
14.500 1.664 4.409 -0.519 -3.466 -5.740 -6.621 -7.729 -7.629 -8.611 -8.747 -9.210 -9.739 -10.371 -10.762 -11.387 -11.725 -11.792
14.600 1.682 4.428 -0.500 -3.448 -5.721 -6.602 -7.710 -7.611 -8.592 -8.729 -9.191 -9.721 -10.353 -10.743 -11.369 -11.706 -11.773
14.700 1.700 4.446 -0.482 -3.429 -5.703 -6.584 -7.692 -7.593 -8.574 -8.710 -9.173 -9.702 -10.335 -10.725 -11.351 -11.688 -11.755
14.800 1.718 4.464 -0.464 -3.411 -5.685 -6.566 -7.674 -7.575 -8.556 -8.692 -9.155 -9.684 -10.317 -10.707 -11.333 -11.670 -11.737
14.900 1.736 4.482 -0.446 -3.394 -5.667 -6.548 -7.656 -7.557 -8.538 -8.675 -9.137 -9.666 -10.299 -10.689 -11.315 -11.652 -11.719
15.000 1.754 4.499 -0.429 -3.376 -5.650 -6.531 -7.638 -7.539 -8.521 -8.657 -9.119 -9.649 -10.281 -10.672 -11.297 -11.635 -11.702
