# day W2 M2 W1 u B g V c r w o i z y J H K
0.000 -11.005 -10.798 -10.593 -9.728 -9.358 -9.178 -8.865 -8.990 -8.607 -8.793 -8.465 -8.183 -7.866 -7.623 -7.129 -6.492 -5.904
0.100 -15.795 -15.721 -15.596 -15.099 -14.850 -14.724 -14.503 -14.587 -14.312 -14.433 -14.206 -13.990 -13.739 -13.540 -13.129 -12.572 -12.042
0.200 -15.699 -15.749 -15.711 -15.513 -15.353 -15.265 -15.106 -15.165 -14.960 -15.043 -14.877 -14.703 -14.494 -14.323 -13.963 -13.455 -12.960
0.300 -15.243 -15.412 -15.477 -15.575 -15.506 -15.456 -15.356 -15.391 -15.252 -15.301 -15.191 -15.054 -14.881 -14.734 -14.419 -13.953 -13.487
0.400 -14.645 -14.925 -15.105 -15.493 -15.517 -15.505 -15.463 -15.476 -15.400 -15.419 -15.360 -15.259 -15.120 -14.996 -14.721 -14.291 -13.852
0.500 -13.979 -14.355 -14.662 -15.328 -15.448 -15.474 -15.491 -15.482 -15.468 -15.460 -15.449 -15.381 -15.275 -15.172 -14.935 -14.540 -14.124
0.600 -13.281 -13.738 -14.180 -15.111 -15.327 -15.392 -15.465 -15.438 -15.483 -15.452 -15.485 -15.450 -15.375 -15.293 -15.092 -14.730 -14.337
0.700 -12.573 -13.091 -13.677 -14.857 -15.168 -15.273 -15.402 -15.357 -15.459 -15.409 -15.483 -15.479 -15.435 -15.374 -15.209 -14.878 -14.507
0.800 -11.868 -12.426 -13.160 -14.573 -14.980 -15.123 -15.306 -15.246 -15.403 -15.338 -15.450 -15.476 -15.463 -15.422 -15.292 -14.993 -14.644
0.900 -11.175 -11.749 -12.634 -14.262 -14.764 -14.946 -15.183 -15.108 -15.319 -15.241 -15.388 -15.445 -15.463 -15.442 -15.348 -15.080 -14.753
1.000 -10.494 -11.061 -12.100 -13.925 -14.521 -14.742 -15.032 -14.945 -15.209 -15.121 -15.301 -15.388 -15.438 -15.437 -15.379 -15.143 -14.839
1.100 -9.822 -10.359 -11.554 -13.561 -14.251 -14.512 -14.854 -14.756 -15.071 -14.977 -15.188 -15.305 -15.388 -15.409 -15.388 -15.186 -14.904
1.200 -9.153 -9.637 -10.993 -13.166 -13.953 -14.253 -14.648 -14.540 -14.908 -14.810 -15.050 -15.198 -15.314 -15.358 -15.376 -15.208 -14.950
1.300 -8.481 -8.889 -10.412 -12.739 -13.624 -13.965 -14.414 -14.297 -14.717 -14.618 -14.887 -15.066 -15.218 -15.284 -15.344 -15.213 -14.980
1.400 -7.802 -8.108 -9.810 -12.280 -13.266 -13.649 -14.153 -14.030 -14.503 -14.408 -14.703 -14.914 -15.104 -15.195 -15.296 -15.198 -14.984
1.500 -7.115 -7.292 -9.188 -11.787 -12.879 -13.306 -13.866 -13.737 -14.263 -14.175 -14.495 -14.739 -14.968 -15.086 -15.231 -15.168 -14.975
1.600 -6.424 -6.439 -8.548 -11.264 -12.464 -12.936 -13.553 -13.420 -13.999 -13.921 -14.264 -14.542 -14.812 -14.957 -15.149 -15.124 -14.955
1.700 -5.743 -5.567 -7.906 -10.722 -12.031 -12.548 -13.221 -13.087 -13.716 -13.653 -14.016 -14.326 -14.638 -14.811 -15.052 -15.068 -14.924
1.800 -5.083 -4.688 -7.273 -10.169 -11.587 -12.147 -12.876 -12.741 -13.419 -13.373 -13.755 -14.095 -14.449 -14.650 -14.942 -14.999 -14.883
1.900 -4.465 -3.845 -6.671 -9.625 -11.146 -11.747 -12.527 -12.393 -13.116 -13.089 -13.486 -13.855 -14.249 -14.478 -14.820 -14.921 -14.834
2.000 -3.914 -3.090 -6.126 -9.114 -10.725 -11.363 -12.187 -12.056 -12.817 -12.810 -13.219 -13.614 -14.045 -14.301 -14.691 -14.835 -14.778
2.100 -3.454 -2.475 -5.667 -8.671 -10.356 -11.024 -11.886 -11.757 -12.550 -12.561 -12.979 -13.395 -13.857 -14.134 -14.563 -14.741 -14.706
2.200 -3.088 -2.010 -5.299 -8.306 -10.047 -10.740 -11.631 -11.505 -12.324 -12.350 -12.775 -13.208 -13.694 -13.987 -14.444 -14.644 -14.622
2.300 -2.792 -1.664 -5.003 -8.007 -9.781 -10.489 -11.402 -11.279 -12.116 -12.154 -12.585 -13.031 -13.538 -13.845 -14.328 -14.551 -14.545
2.400 -2.556 -1.398 -4.766 -7.769 -9.560 -10.277 -11.202 -11.081 -11.930 -11.979 -12.412 -12.868 -13.391 -13.711 -14.219 -14.465 -14.475
2.500 -2.372 -1.177 -4.583 -7.588 -9.389 -10.110 -11.042 -10.922 -11.778 -11.833 -12.269 -12.729 -13.264 -13.593 -14.120 -14.384 -14.407
2.600 -2.264 -0.997 -4.476 -7.488 -9.307 -10.034 -10.970 -10.850 -11.707 -11.763 -12.199 -12.660 -13.193 -13.520 -14.043 -14.303 -14.324
2.700 -2.161 -0.821 -4.372 -7.389 -9.229 -9.961 -10.902 -10.782 -11.643 -11.699 -12.135 -12.597 -13.130 -13.456 -13.977 -14.234 -14.252
2.800 -2.061 -0.649 -4.272 -7.294 -9.153 -9.891 -10.839 -10.719 -11.584 -11.640 -12.078 -12.541 -13.074 -13.401 -13.920 -14.174 -14.190
2.900 -1.965 -0.479 -4.175 -7.199 -9.080 -9.825 -10.779 -10.660 -11.529 -11.587 -12.025 -12.490 -13.025 -13.352 -13.870 -14.124 -14.139
3.000 -1.873 -0.315 -4.083 -7.108 -9.010 -9.762 -10.723 -10.604 -11.478 -11.538 -11.978 -12.444 -12.982 -13.309 -13.828 -14.082 -14.096
3.100 -1.783 -0.153 -3.992 -7.019 -8.942 -9.701 -10.670 -10.551 -11.430 -11.492 -11.933 -12.403 -12.943 -13.272 -13.793 -14.046 -14.060
3.200 -1.698 0.004 -3.905 -6.932 -8.877 -9.642 -10.619 -10.501 -11.385 -11.450 -11.893 -12.365 -12.908 -13.239 -13.762 -14.017 -14.031
3.300 -1.613 0.160 -3.820 -6.846 -8.812 -9.585 -10.570 -10.452 -11.342 -11.411 -11.854 -12.329 -12.876 -13.210 -13.736 -13.993 -14.008
3.400 -1.531 0.313 -3.736 -6.760 -8.748 -9.529 -10.521 -10.405 -11.301 -11.373 -11.818 -12.296 -12.847 -13.183 -13.714 -13.973 -13.990
3.500 -1.452 0.463 -3.655 -6.677 -8.687 -9.475 -10.475 -10.360 -11.262 -11.337 -11.783 -12.265 -12.821 -13.160 -13.695 -13.957 -13.976
3.600 -1.374 0.609 -3.576 -6.595 -8.626 -9.421 -10.430 -10.316 -11.224 -11.303 -11.751 -12.235 -12.796 -13.138 -13.678 -13.945 -13.965
3.700 -1.300 0.752 -3.500 -6.516 -8.567 -9.370 -10.387 -10.273 -11.187 -11.271 -11.720 -12.208 -12.774 -13.119 -13.664 -13.935 -13.958
3.800 -1.226 0.893 -3.425 -6.436 -8.509 -9.319 -10.344 -10.231 -11.151 -11.239 -11.689 -12.181 -12.752 -13.101 -13.652 -13.927 -13.953
3.900 -1.153 1.033 -3.350 -6.357 -8.450 -9.267 -10.301 -10.190 -11.116 -11.208 -11.659 -12.154 -12.731 -13.084 -13.641 -13.921 -13.950
4.000 -1.082 1.168 -3.278 -6.279 -8.393 -9.218 -10.259 -10.149 -11.081 -11.178 -11.630 -12.129 -12.712 -13.068 -13.632 -13.917 -13.949
4.100 -1.012 1.302 -3.206 -6.203 -8.337 -9.168 -10.218 -10.109 -11.047 -11.148 -11.602 -12.105 -12.693 -13.053 -13.624 -13.914 -13.950
4.200 -0.944 1.433 -3.137 -6.127 -8.281 -9.119 -10.177 -10.070 -11.014 -11.119 -11.575 -12.081 -12.675 -13.039 -13.616 -13.913 -13.952
4.300 -0.878 1.560 -3.068 -6.053 -8.226 -9.071 -10.137 -10.031 -10.981 -11.091 -11.548 -12.058 -12.657 -13.025 -13.610 -13.912 -13.956
4.400 -0.812 1.687 -3.001 -5.979 -8.171 -9.023 -10.097 -9.992 -10.948 -11.063 -11.521 -12.034 -12.640 -13.012 -13.604 -13.913 -13.960
4.500 -0.746 1.811 -2.933 -5.905 -8.117 -8.976 -10.057 -9.953 -10.916 -11.035 -11.494 -12.011 -12.623 -12.999 -13.598 -13.913 -13.965
4.600 -0.682 1.933 -2.868 -5.832 -8.063 -8.928 -10.018 -9.915 -10.883 -11.007 -11.467 -11.988 -12.606 -12.986 -13.593 -13.915 -13.971
4.700 -0.618 2.052 -2.803 -5.760 -8.009 -8.881 -9.978 -9.877 -10.851 -10.980 -11.441 -11.966 -12.589 -12.974 -13.589 -13.917 -13.977
4.800 -0.556 2.169 -2.739 -5.689 -7.956 -8.834 -9.939 -9.839 -10.819 -10.953 -11.415 -11.943 -12.573 -12.962 -13.584 -13.919 -13.984
4.900 -0.532 2.214 -2.714 -5.662 -7.935 -8.816 -9.924 -9.825 -10.807 -10.943 -11.405 -11.935 -12.567 -12.957 -13.583 -13.920 -13.987
5.000 -0.533 2.213 -2.715 -5.662 -7.936 -8.817 -9.925 -9.826 -10.807 -10.943 -11.406 -11.935 -12.568 -12.958 -13.584 -13.921 -13.988
5.100 -0.534 2.212 -2.716 -5.663 -7.937 -8.818 -9.926 -9.827 -10.808 -10.944 -11.407 -11.936 -12.569 -12.959 -13.584 -13.922 -13.989
5.200 -0.535 2.211 -2.717 -5.664 -7.938 -8.819 -9.927 -9.828 -10.809 -10.945 -11.408 -11.937 -12.570 -12.960 -13.586 -13.923 -13.990
5.300 -0.536 2.209 -2.718 -5.666 -7.939 -8.820 -9.928 -9.829 -10.811 -10.947 -11.409 -11.939 -12.571 -12.961 -13.587 -13.925 -13.992
5.400 -0.538 2.208 -2.720 -5.667 -7.941 -8.822 -9.930 -9.831 -10.812 -10.949 -11.411 -11.940 -12.573 -12.963 -13.589 -13.926 -13.993
5.500 -0.540 2.206 -2.722 -5.669 -7.943 -8.824 -9.932 -9.832 -10.814 -10.950 -11.413 -11.942 -12.575 -12.965 -13.590 -13.928 -13.995
5.600 -0.541 2.204 -2.724 -5.671 -7.945 -8.826 -9.934 -9.834 -10.816 -10.952 -11.415 -11.944 -12.577 -12.967 -13.592 -13.930 -13.997
5.700 -0.544 2.202 -2.726 -5.673 -7.947 -8.828 -9.936 -9.837 -10.818 -10.954 -11.417 -11.946 -12.579 -12.969 -13.595 -13.932 -13.999
5.800 -0.546 2.200 -2.728 -5.676 -7.949 -8.830 -9.938 -9.839 -10.820 -10.957 -11.419 -11.948 -12.581 -12.971 -13.597 -13.934 -14.001
5.900 -0.548 2.198 -2.730 -5.678 -7.951 -8.832 -9.940 -9.841 -10.823 -10.959 -11.421 -11.951 -12.583 -12.973 -13.599 -13.936 -14.003
6.000 -0.550 2.195 -2.733 -5.680 -7.954 -8.835 -9.942 -9.843 -10.825 -10.961 -11.423 -11.953 -12.585 -12.976 -13.601 -13.939 -14.006
6.100 -0.552 2.193 -2.735 -5.682 -7.956 -8.837 -9.944 -9.845 -10.827 -10.963 -11.425 -11.955 -12.587 -12.978 -13.603 -13.941 -14.008
6.200 -0.554 2.191 -2.737 -5.684 -7.958 -8.839 -9.947 -9.847 -10.829 -10.965 -11.428 -11.957 -12.590 -12.980 -13.605 -13.943 -14.010
6.300 -0.557 2.189 -2.739 -5.686 -7.960 -8.841 -9.949 -9.850 -10.831 -10.967 -11.430 -11.959 -12.592 -12.982 -13.608 -13.945 -14.012
6.400 -0.559 2.187 -2.741 -5.688 -7.962 -8.843 -9.951 -9.852 -10.833 -10.970 -11.432 -11.961 -12.594 -12.984 -13.610 -13.947 -14.014
6.500 -0.561 2.185 -2.743 -5.691 -7.964 -8.845 -9.953 -9.854 -10.835 -10.972 -11.434 -11.963 -12.596 -12.986 -13.612 -13.949 -14.016
6.600 -0.563 2.183 -2.745 -5.693 -7.966 -8.847 -9.955 -9.856 -10.838 -10.974 -11.436 -11.966 -12.598 -12.988 -13.614 -13.951 -14.018
6.700 -0.565 2.181 -2.747 -5.695 -7.968 -8.849 -9.957 -9.858 -10.840 -10.976 -11.438 -11.968 -12.600 -12.990 -13.616 -13.954 -14.021
6.800 -0.567 2.179 -2.749 -5.697 -7.970 -8.851 -9.959 -9.860 -10.842 -10.978 -11.440 -11.970 -12.602 -12.992 -13.618 -13.955 -14.022
6.900 -0.569 2.177 -2.751 -5.699 -7.972 -8.853 -9.961 -9.862 -10.843 -10.980 -11.442 -11.971 -12.604 -12.994 -13.620 -13.957 -14.024
7.000 -0.570 2.175 -2.753 -5.700 -7.974 -8.855 -9.963 -9.863 -10.845 -10.981 -11.444 -11.973 -12.605 -12.996 -13.621 -13.959 -14.026
7.100 -0.572 2.174 -2.754 -5.702 -7.975 -8.856 -9.964 -9.865 -10.846 -10.983 -11.445 -11.975 -12.607 -12.997 -13.623 -13.960 -14.027
7.200 -0.573 2.172 -2.756 -5.703 -7.977 -8.858 -9.966 -9.866 -10.848 -10.984 -11.447 -11.976 -12.608 -12.999 -13.624 -13.962 -14.029
7.300 -0.575 2.171 -2.757 -5.704 -7.978 -8.859 -9.967 -9.868 -10.849 -10.985 -11.448 -11.977 -12.610 -13.000 -13.626 -13.963 -14.030
7.400 -0.576 2.170 -2.758 -5.706 -7.979 -8.860 -9.968 -9.869 -10.850 -10.987 -11.449 -11.978 -12.611 -13.001 -13.627 -13.964 -14.031
7.500 -0.577 2.169 -2.759 -5.707 -7.980 -8.861 -9.969 -9.870 -10.851 -10.988 -11.450 -11.980 -12.612 -13.002 -13.628 -13.965 -14.032
7.600 -0.578 2.168 -2.760 -5.708 -7.981 -8.862 -9.970 -9.871 -10.852 -10.989 -11.451 -11.981 -12.613 -13.003 -13.629 -13.966 -14.033
7.700 -0.579 2.167 -2.761 -5.708 -7.982 -8.863 -9.971 -9.872 -10.853 -10.990 -11.452 -11.981 -12.614 -13.004 -13.630 -13.967 -14.034
7.800 -0.579 2.166 -2.762 -5.709 -7.983 -8.864 -9.972 -9.872 -10.854 -10.990 -11.453 -11.982 -12.614 -13.005 -13.630 -13.968 -14.035
7.900 -0.580 2.166 -2.762 -5.710 -7.983 -8.864 -9.972 -9.873 -10.854 -10.991 -11.453 -11.983 -12.615 -13.005 -13.631 -13.968 -14.035
8.000 -0.580 2.165 -2.763 -5.710 -7.984 -8.865 -9.972 -9.873 -10.855 -10.991 -11.453 -11.983 -12.615 -13.006 -13.631 -13.969 -14.036
8.100 -0.580 2.165 -2.763 -5.710 -7.984 -8.865 -9.972 -9.873 -10.855 -10.991 -11.453 -11.983 -12.615 -13.006 -13.631 -13.969 -14.036
8.200 -0.580 2.165 -2.763 -5.710 -7.984 -8.865 -9.972 -9.873 -10.855 -10.991 -11.453 -11.983 -12.615 -13.006 -13.631 -13.969 -14.036
8.300 -0.580 2.166 -2.762 -5.710 -7.983 -8.864 -9.972 -9.873 -10.855 -10.991 -11.453 -11.983 -12.615 -13.005 -13.631 -13.969 -14.036
8.400 -0.580 2.166 -2.762 -5.709 -7.983 -8.864 -9.972 -9.873 -10.854 -10.991 -11.453 -11.982 -12.615 -13.005 -13.631 -13.968 -14.035
8.500 -0.579 2.166 -2.762 -5.709 -7.983 -8.864 -9.971 -9.872 -10.854 -10.990 -11.452 -11.982 -12.614 -13.005 -13.630 -13.968 -14.035
8.600 -0.578 2.167 -2.761 -5.708 -7.982 -8.863 -9.971 -9.871 -10.853 -10.989 -11.452 -11.981 -12.614 -13.004 -13.629 -13.967 -14.034
8.700 -0.578 2.168 -2.760 -5.707 -7.981 -8.862 -9.970 -9.871 -10.852 -10.988 -11.451 -11.980 -12.613 -13.003 -13.629 -13.966 -14.033
8.800 -0.577 2.169 -2.759 -5.706 -7.980 -8.861 -9.969 -9.870 -10.851 -10.987 -11.450 -11.979 -12.612 -13.002 -13.627 -13.965 -14.032
8.900 -0.575 2.170 -2.758 -5.705 -7.979 -8.860 -9.968 -9.868 -10.850 -10.986 -11.449 -11.978 -12.610 -13.001 -13.626 -13.964 -14.031
9.000 -0.574 2.172 -2.756 -5.704 -7.977 -8.858 -9.966 -9.867 -10.849 -10.985 -11.447 -11.977 -12.609 -12.999 -13.625 -13.963 -14.030
9.100 -0.572 2.173 -2.755 -5.702 -7.976 -8.857 -9.965 -9.865 -10.847 -10.983 -11.446 -11.975 -12.607 -12.998 -13.623 -13.961 -14.028
9.200 -0.571 2.175 -2.753 -5.700 -7.974 -8.855 -9.963 -9.864 -10.845 -10.981 -11.444 -11.973 -12.606 -12.996 -13.622 -13.959 -14.026
9.300 -0.569 2.177 -2.751 -5.698 -7.972 -8.853 -9.961 -9.862 -10.843 -10.979 -11.442 -11.971 -12.604 -12.994 -13.620 -13.957 -14.024
9.400 -0.566 2.179 -2.749 -5.696 -7.970 -8.851 -9.959 -9.859 -10.841 -10.977 -11.440 -11.969 -12.601 -12.992 -13.617 -13.955 -14.022
9.500 -0.564 2.182 -2.746 -5.694 -7.967 -8.848 -9.956 -9.857 -10.839 -10.975 -11.437 -11.967 -12.599 -12.989 -13.615 -13.953 -14.020
9.600 -0.562 2.184 -2.744 -5.691 -7.965 -8.846 -9.954 -9.855 -10.836 -10.972 -11.435 -11.964 -12.597 -12.987 -13.612 -13.950 -14.017
9.700 -0.559 2.187 -2.741 -5.689 -7.962 -8.843 -9.951 -9.852 -10.834 -10.970 -11.432 -11.962 -12.594 -12.984 -13.610 -13.947 -14.014
9.800 -0.556 2.190 -2.738 -5.686 -7.959 -8.840 -9.948 -9.849 -10.831 -10.967 -11.429 -11.959 -12.591 -12.981 -13.607 -13.944 -14.011
9.900 -0.553 2.193 -2.735 -5.683 -7.956 -8.837 -9.945 -9.846 -10.828 -10.964 -11.426 -11.956 -12.588 -12.978 -13.604 -13.941 -14.008
10.000 -0.550 2.196 -2.732 -5.679 -7.953 -8.834 -9.942 -9.843 -10.824 -10.960 -11.423 -11.952 -12.585 -12.975 -13.601 -13.938 -14.005
10.100 -0.546 2.199 -2.729 -5.676 -7.950 -8.831 -9.938 -9.839 -10.821 -10.957 -11.419 -11.949 -12.581 -12.972 -13.597 -13.935 -14.002
10.200 -0.543 2.203 -2.725 -5.672 -7.946 -8.827 -9.935 -9.836 -10.817 -10.953 -11.416 -11.945 -12.578 -12.968 -13.593 -13.931 -13.998
10.300 -0.539 2.207 -2.721 -5.669 -7.942 -8.823 -9.931 -9.832 -10.813 -10.950 -11.412 -11.941 -12.574 -12.964 -13.590 -13.927 -13.994
10.400 -0.535 2.211 -2.717 -5.665 -7.938 -8.819 -9.927 -9.828 -10.809 -10.946 -11.408 -11.937 -12.570 -12.960 -13.586 -13.923 -13.990
10.500 -0.531 2.215 -2.713 -5.660 -7.934 -8.815 -9.923 -9.824 -10.805 -10.941 -11.404 -11.933 -12.566 -12.956 -13.582 -13.919 -13.986
10.600 -0.526 2.219 -2.709 -5.656 -7.930 -8.811 -9.918 -9.819 -10.801 -10.937 -11.399 -11.929 -12.561 -12.952 -13.577 -13.915 -13.982
10.700 -0.522 2.224 -2.704 -5.651 -7.925 -8.806 -9.914 -9.815 -10.796 -10.932 -11.395 -11.924 -12.557 -12.947 -13.573 -13.910 -13.977
10.800 -0.517 2.229 -2.699 -5.647 -7.920 -8.801 -9.909 -9.810 -10.792 -10.928 -11.390 -11.920 -12.552 -12.942 -13.568 -13.905 -13.972
10.900 -0.512 2.234 -2.694 -5.642 -7.915 -8.796 -9.904 -9.805 -10.786 -10.923 -11.385 -11.915 -12.547 -12.937 -13.563 -13.900 -13.967
11.000 -0.507 2.239 -2.689 -5.636 -7.910 -8.791 -9.899 -9.800 -10.781 -10.918 -11.380 -11.909 -12.542 -12.932 -13.558 -13.895 -13.962
11.100 -0.501 2.244 -2.684 -5.631 -7.905 -8.786 -9.894 -9.794 -10.776 -10.912 -11.375 -11.904 -12.537 -12.927 -13.552 -13.890 -13.957
11.200 -0.496 2.250 -2.678 -5.626 -7.899 -8.780 -9.888 -9.789 -10.771 -10.907 -11.369 -11.899 -12.531 -12.921 -13.547 -13.884 -13.952
11.300 -0.490 2.255 -2.673 -5.620 -7.894 -8.775 -9.883 -9.783 -10.765 -10.901 -11.364 -11.893 -12.525 -12.916 -13.541 -13.879 -13.946
11.400 -0.484 2.261 -2.667 -5.614 -7.888 -8.769 -9.877 -9.777 -10.759 -10.895 -11.358 -11.887 -12.520 -12.910 -13.535 -13.873 -13.940
11.500 -0.478 2.267 -2.661 -5.608 -7.882 -8.763 -9.871 -9.771 -10.753 -10.889 -11.352 -11.881 -12.514 -12.904 -13.529 -13.867 -13.934
11.600 -0.472 2.273 -2.655 -5.602 -7.876 -8.757 -9.865 -9.765 -10.747 -10.883 -11.346 -11.875 -12.507 -12.898 -13.523 -13.861 -13.928
11.700 -0.466 2.280 -2.648 -5.596 -7.869 -8.750 -9.858 -9.759 -10.741 -10.877 -11.339 -11.869 -12.501 -12.891 -13.517 -13.854 -13.921
11.800 -0.459 2.286 -2.642 -5.589 -7.863 -8.744 -9.852 -9.752 -10.734 -10.870 -11.333 -11.862 -12.494 -12.885 -13.510 -13.848 -13.915
11.900 -0.453 2.293 -2.635 -5.583 -7.856 -8.737 -9.845 -9.746 -10.727 -10.864 -11.326 -11.855 -12.488 -12.878 -13.504 -13.841 -13.908
12.000 -0.446 2.300 -2.628 -5.576 -7.849 -8.730 -9.838 -9.739 -10.721 -10.857 -11.319 -11.849 -12.481 -12.871 -13.497 -13.834 -13.901
12.100 -0.439 2.307 -2.621 -5.569 -7.842 -8.723 -9.831 -9.732 -10.714 -10.850 -11.312 -11.842 -12.474 -12.864 -13.490 -13.827 -13.894
12.200 -0.432 2.314 -2.614 -5.561 -7.835 -8.716 -9.824 -9.725 -10.706 -10.842 -11.305 -11.834 -12.467 -12.857 -13.483 -13.820 -13.887
12.300 -0.424 2.321 -2.607 -5.554 -7.828 -8.709 -9.817 -9.717 -10.699 -10.835 -11.298 -11.827 -12.459 -12.850 -13.475 -13.813 -13.880
12.400 -0.417 2.329 -2.599 -5.546 -7.820 -8.701 -9.809 -9.710 -10.691 -10.828 -11.290 -11.819 -12.452 -12.842 -13.468 -13.805 -13.872
12.500 -0.409 2.337 -2.591 -5.539 -7.812 -8.693 -9.801 -9.702 -10.684 -10.820 -11.282 -11.812 -12.444 -12.834 -13.460 -13.798 -13.865
12.600 -0.401 2.344 -2.583 -5.531 -7.804 -8.685 -9.793 -9.694 -10.676 -10.812 -11.274 -11.804 -12.436 -12.826 -13.452 -13.790 -13.857
12.700 -0.393 2.353 -2.575 -5.523 -7.796 -8.677 -9.785 -9.686 -10.668 -10.804 -11.266 -11.796 -12.428 -12.818 -13.444 -13.782 -13.849
12.800 -0.385 2.361 -2.567 -5.515 -7.788 -8.669 -9.777 -9.678 -10.659 -10.796 -11.258 -11.788 -12.420 -12.810 -13.436 -13.773 -13.840
12.900 -0.377 2.369 -2.559 -5.506 -7.780 -8.661 -9.769 -9.669 -10.651 -10.787 -11.250 -11.779 -12.412 -12.802 -13.427 -13.765 -13.832
13.000 -0.368 2.378 -2.550 -5.498 -7.771 -8.652 -9.760 -9.661 -10.643 -10.779 -11.241 -11.771 -12.403 -12.793 -13.419 -13.757 -13.824
13.100 -0.359 2.386 -2.542 -5.489 -7.763 -8.644 -9.752 -9.652 -10.634 -10.770 -11.233 -11.762 -12.394 -12.785 -13.410 -13.748 -13.815
13.200 -0.351 2.395 -2.533 -5.480 -7.754 -8.635 -9.743 -9.644 -10.625 -10.761 -11.224 -11.753 -12.386 -12.776 -13.401 -13.739 -13.806
13.300 -0.342 2.404 -2.524 -5.471 -7.745 -8.626 -9.734 -9.635 -10.616 -10.752 -11.215 -11.744 -12.377 -12.767 -13.393 -13.730 -13.797
13.400 -0.333 2.413 -2.515 -5.462 -7.736 -8.617 -9.725 -9.625 -10.607 -10.743 -11.206 -11.735 -12.368 -12.758 -13.383 -13.721 -13.788
13.500 -0.323 2.422 -2.506 -5.453 -7.727 -8.608 -9.716 -9.616 -10.598 -10.734 -11.197 -11.726 -12.358 -12.749 -13.374 -13.712 -13.779
13.600 -0.314 2.432 -2.496 -5.444 -7.717 -8.598 -9.706 -9.607 -10.589 -10.725 -11.187 -11.717 -12.349 -12.739 -13.365 -13.702 -13.769
13.700 -0.304 2.441 -2.487 -5.434 -7.708 -8.589 -9.697 -9.597 -10.579 -10.715 -11.178 -11.707 -12.339 -12.730 -13.355 -13.693 -13.760
13.800 -0.295 2.451 -2.477 -5.425 -7.698 -8.579 -9.687 -9.588 -10.569 -10.706 -11.168 -11.697 -12.330 -12.720 -13.346 -13.683 -13.750
13.900 -0.285 2.461 -2.467 -5.415 -7.688 -8.569 -9.677 -9.578 -10.560 -10.696 -11.158 -11.688 -12.320 -12.710 -13.336 -13.674 -13.741
14.000 -0.275 2.470 -2.457 -5.405 -7.678 -8.559 -9.667 -9.568 -10.550 -10.686 -11.148 -11.678 -12.310 -12.700 -13.326 -13.664 -13.731
14.100 -0.265 2.481 -2.447 -5.395 -7.668 -8.549 -9.657 -9.558 -10.540 -10.676 -11.138 -11.668 -12.300 -12.690 -13.316 -13.654 -13.721
14.200 -0.255 2.491 -2.437 -5.385 -7.658 -8.539 -9.647 -9.548 -10.529 -10.666 -11.128 -11.658 -12.290 -12.680 -13.306 -13.643 -13.710
14.300 -0.244 2.501 -2.427 -5.374 -7.648 -8.529 -9.637 -9.537 -10.519 -10.655 -11.118 -11.647 -12.280 -12.670 -13.295 -13.633 -13.700
14.400 -0.234 2.512 -2.416 -5.364 -7.637 -8.518 -9.626 -9.527 -10.509 -10.645 -11.107 -11.637 -12.269 -12.659 -13.285 -13.623 -13.690
14.500 -0.223 2.522 -2.406 -5.353 -7.627 -8.508 -9.616 -9.516 -10.498 -10.634 -11.097 -11.626 -12.259 -12.649 -13.274 -13.612 -13.679
14.600 -0.213 2.533 -2.395 -5.342 -7.616 -8.497 -9.605 -9.506 -10.487 -10.624 -11.086 -11.615 -12.248 -12.638 -13.264 -13.601 -13.668
14.700 -0.202 2.544 -2.384 -5.332 -7.605 -8.486 -9.594 -9.495 -10.477 -10.613 -11.075 -11.605 -12.237 -12.627 -13.253 -13.590 -13.657
14.800 -0.191 2.555 -2.373 -5.321 -7.594 -8.475 -9.583 -9.484 -10.466 -10.602 -11.064 -11.594 -12.226 -12.616 -13.242 -13.579 -13.646
14.900 -0.180 2.566 -2.362 -5.310 -7.583 -8.464 -9.572 -9.473 -10.455 -10.591 -11.053 -11.583 -12.215 -12.605 -13.231 -13.568 -13.635
15.000 -0.169 2.577 -2.351 -5.298 -7.572 -8.453 -9.561 -9.462 -10.443 -10.580 -11.042 -11.571 -12.204 -12.594 -13.220 -13.557 -13.624
