# day W2 M2 W1 u B g V c r w o i z y J H K
0.000 -6.470 -6.383 -6.246 -5.684 -5.399 -5.255 -5.000 -5.099 -4.782 -4.926 -4.660 -4.415 -4.133 -3.912 -3.458 -2.859 -2.297
0.100 -10.243 -10.497 -10.658 -11.044 -11.118 -11.138 -11.157 -11.150 -11.148 -11.141 -11.141 -11.091 -11.007 -10.920 -10.708 -10.331 -9.925
0.200 -10.360 -10.722 -11.003 -11.626 -11.763 -11.809 -11.870 -11.850 -11.898 -11.878 -11.917 -11.906 -11.870 -11.819 -11.679 -11.373 -11.018
0.300 -10.287 -10.716 -11.098 -11.909 -12.098 -12.163 -12.250 -12.223 -12.299 -12.272 -12.332 -12.342 -12.334 -12.305 -12.211 -11.954 -11.635
0.400 -10.166 -10.641 -11.110 -12.076 -12.313 -12.396 -12.506 -12.471 -12.570 -12.536 -12.612 -12.636 -12.646 -12.632 -12.572 -12.352 -12.062
0.500 -10.019 -10.528 -11.074 -12.175 -12.458 -12.557 -12.689 -12.647 -12.767 -12.726 -12.817 -12.851 -12.875 -12.872 -12.838 -12.648 -12.384
0.600 -9.867 -10.401 -11.018 -12.236 -12.563 -12.678 -12.830 -12.782 -12.921 -12.874 -12.978 -13.021 -13.055 -13.061 -13.048 -12.884 -12.640
0.700 -9.712 -10.263 -10.946 -12.270 -12.638 -12.769 -12.941 -12.887 -13.044 -12.992 -13.107 -13.159 -13.202 -13.216 -13.220 -13.078 -12.853
0.800 -9.556 -10.120 -10.866 -12.285 -12.692 -12.838 -13.030 -12.969 -13.145 -13.087 -13.215 -13.275 -13.326 -13.345 -13.364 -13.241 -13.033
0.900 -9.404 -9.976 -10.780 -12.287 -12.731 -12.891 -13.102 -13.037 -13.230 -13.167 -13.306 -13.374 -13.432 -13.457 -13.489 -13.382 -13.189
1.000 -9.250 -9.826 -10.688 -12.276 -12.756 -12.930 -13.160 -13.089 -13.300 -13.232 -13.382 -13.457 -13.523 -13.552 -13.595 -13.503 -13.325
1.100 -9.097 -9.674 -10.591 -12.255 -12.770 -12.958 -13.206 -13.130 -13.359 -13.286 -13.447 -13.530 -13.602 -13.636 -13.689 -13.611 -13.446
1.200 -8.949 -9.524 -10.494 -12.228 -12.777 -12.978 -13.244 -13.164 -13.409 -13.332 -13.503 -13.594 -13.673 -13.712 -13.774 -13.708 -13.554
1.300 -8.799 -9.370 -10.392 -12.194 -12.775 -12.990 -13.273 -13.189 -13.451 -13.371 -13.552 -13.651 -13.738 -13.781 -13.850 -13.793 -13.647
1.400 -8.654 -9.217 -10.291 -12.155 -12.769 -12.997 -13.299 -13.210 -13.491 -13.408 -13.600 -13.709 -13.805 -13.852 -13.926 -13.867 -13.718
1.500 -8.507 -9.062 -10.186 -12.111 -12.756 -12.998 -13.317 -13.225 -13.523 -13.437 -13.640 -13.759 -13.864 -13.915 -13.994 -13.936 -13.785
1.600 -8.363 -8.906 -10.081 -12.062 -12.738 -12.993 -13.330 -13.234 -13.549 -13.462 -13.674 -13.802 -13.916 -13.973 -14.057 -13.999 -13.846
1.700 -8.222 -8.751 -9.975 -12.011 -12.717 -12.985 -13.338 -13.239 -13.570 -13.482 -13.703 -13.840 -13.964 -14.025 -14.115 -14.059 -13.906
1.800 -8.078 -8.592 -9.866 -11.955 -12.690 -12.970 -13.340 -13.238 -13.586 -13.495 -13.726 -13.873 -14.005 -14.072 -14.168 -14.114 -13.960
1.900 -7.937 -8.434 -9.757 -11.896 -12.661 -12.952 -13.339 -13.234 -13.597 -13.506 -13.746 -13.901 -14.042 -14.114 -14.217 -14.166 -14.011
2.000 -7.797 -8.276 -9.648 -11.834 -12.628 -12.932 -13.334 -13.226 -13.605 -13.513 -13.761 -13.925 -14.076 -14.153 -14.263 -14.215 -14.061
2.100 -7.656 -8.113 -9.535 -11.768 -12.591 -12.907 -13.325 -13.214 -13.608 -13.516 -13.772 -13.945 -14.105 -14.187 -14.305 -14.260 -14.106
2.200 -7.516 -7.951 -9.422 -11.700 -12.551 -12.879 -13.312 -13.199 -13.608 -13.516 -13.780 -13.961 -14.130 -14.218 -14.343 -14.302 -14.150
2.300 -7.378 -7.789 -9.309 -11.631 -12.509 -12.849 -13.297 -13.182 -13.606 -13.514 -13.785 -13.975 -14.153 -14.247 -14.380 -14.343 -14.191
2.400 -7.239 -7.624 -9.194 -11.557 -12.464 -12.815 -13.279 -13.161 -13.599 -13.508 -13.786 -13.985 -14.172 -14.272 -14.413 -14.380 -14.230
2.500 -7.101 -7.458 -9.078 -11.482 -12.416 -12.778 -13.257 -13.138 -13.590 -13.500 -13.785 -13.992 -14.189 -14.293 -14.443 -14.415 -14.267
2.600 -6.962 -7.289 -8.961 -11.404 -12.365 -12.739 -13.233 -13.112 -13.578 -13.488 -13.781 -13.996 -14.202 -14.313 -14.470 -14.448 -14.301
2.700 -6.825 -7.121 -8.843 -11.324 -12.313 -12.698 -13.207 -13.084 -13.564 -13.476 -13.775 -13.998 -14.213 -14.330 -14.496 -14.479 -14.335
2.800 -6.687 -6.949 -8.724 -11.241 -12.258 -12.655 -13.178 -13.053 -13.547 -13.460 -13.766 -13.998 -14.222 -14.344 -14.519 -14.508 -14.366
2.900 -6.548 -6.775 -8.603 -11.155 -12.200 -12.608 -13.146 -13.020 -13.528 -13.442 -13.754 -13.994 -14.228 -14.356 -14.540 -14.534 -14.395
3.000 -6.411 -6.600 -8.482 -11.068 -12.140 -12.560 -13.112 -12.985 -13.506 -13.423 -13.741 -13.989 -14.232 -14.366 -14.559 -14.559 -14.423
3.100 -6.273 -6.424 -8.359 -10.978 -12.079 -12.510 -13.077 -12.948 -13.483 -13.401 -13.726 -13.981 -14.234 -14.374 -14.576 -14.583 -14.449
3.200 -6.136 -6.245 -8.236 -10.887 -12.015 -12.457 -13.039 -12.909 -13.457 -13.378 -13.708 -13.972 -14.234 -14.380 -14.592 -14.604 -14.474
3.300 -5.997 -6.063 -8.110 -10.792 -11.948 -12.402 -12.998 -12.867 -13.429 -13.352 -13.688 -13.960 -14.232 -14.384 -14.605 -14.624 -14.497
3.400 -5.858 -5.879 -7.984 -10.695 -11.879 -12.345 -12.955 -12.824 -13.398 -13.324 -13.666 -13.946 -14.228 -14.386 -14.617 -14.642 -14.519
3.500 -5.720 -5.695 -7.858 -10.597 -11.809 -12.286 -12.911 -12.779 -13.367 -13.296 -13.643 -13.931 -14.222 -14.386 -14.627 -14.659 -14.539
3.600 -5.581 -5.507 -7.730 -10.496 -11.737 -12.225 -12.865 -12.732 -13.332 -13.265 -13.617 -13.913 -14.214 -14.384 -14.635 -14.675 -14.558
3.700 -5.442 -5.317 -7.601 -10.392 -11.662 -12.162 -12.817 -12.683 -13.297 -13.233 -13.590 -13.894 -14.205 -14.381 -14.642 -14.689 -14.576
3.800 -5.304 -5.124 -7.471 -10.287 -11.586 -12.098 -12.767 -12.633 -13.259 -13.199 -13.561 -13.873 -14.193 -14.376 -14.647 -14.702 -14.593
3.900 -5.163 -4.928 -7.338 -10.178 -11.506 -12.030 -12.714 -12.579 -13.219 -13.162 -13.530 -13.850 -14.180 -14.370 -14.651 -14.713 -14.609
4.000 -5.024 -4.731 -7.206 -10.068 -11.426 -11.962 -12.660 -12.525 -13.178 -13.125 -13.498 -13.825 -14.165 -14.361 -14.653 -14.723 -14.623
4.100 -4.884 -4.531 -7.073 -9.956 -11.344 -11.891 -12.604 -12.469 -13.134 -13.086 -13.464 -13.799 -14.149 -14.352 -14.654 -14.731 -14.636
4.200 -4.744 -4.328 -6.938 -9.841 -11.259 -11.819 -12.546 -12.411 -13.089 -13.046 -13.428 -13.771 -14.131 -14.340 -14.653 -14.739 -14.648
4.300 -4.604 -4.123 -6.803 -9.725 -11.173 -11.744 -12.487 -12.352 -13.043 -13.004 -13.390 -13.741 -14.112 -14.328 -14.652 -14.745 -14.658
4.400 -4.463 -3.915 -6.667 -9.605 -11.084 -11.668 -12.425 -12.291 -12.995 -12.961 -13.351 -13.710 -14.091 -14.313 -14.648 -14.750 -14.668
4.500 -4.322 -3.703 -6.529 -9.484 -10.994 -11.590 -12.362 -12.228 -12.945 -12.916 -13.311 -13.677 -14.069 -14.298 -14.644 -14.754 -14.677
4.600 -4.180 -3.489 -6.390 -9.360 -10.901 -11.510 -12.297 -12.163 -12.893 -12.869 -13.268 -13.643 -14.045 -14.280 -14.638 -14.757 -14.685
4.700 -4.038 -3.272 -6.251 -9.234 -10.807 -11.428 -12.231 -12.098 -12.839 -12.822 -13.225 -13.607 -14.019 -14.262 -14.630 -14.758 -14.691
4.800 -3.896 -3.053 -6.111 -9.106 -10.711 -11.345 -12.162 -12.030 -12.784 -12.772 -13.180 -13.570 -13.992 -14.242 -14.622 -14.758 -14.697
4.900 -3.754 -2.831 -5.970 -8.975 -10.613 -11.260 -12.093 -11.961 -12.728 -12.722 -13.133 -13.531 -13.964 -14.220 -14.612 -14.758 -14.701
5.000 -3.612 -2.606 -5.829 -8.843 -10.514 -11.173 -12.021 -11.890 -12.670 -12.670 -13.085 -13.490 -13.934 -14.198 -14.601 -14.756 -14.705
5.100 -3.470 -2.378 -5.687 -8.708 -10.413 -11.085 -11.948 -11.818 -12.611 -12.617 -13.036 -13.449 -13.903 -14.174 -14.589 -14.753 -14.708
5.200 -3.327 -2.148 -5.544 -8.572 -10.310 -10.995 -11.874 -11.745 -12.550 -12.563 -12.985 -13.406 -13.871 -14.148 -14.576 -14.749 -14.710
5.300 -3.184 -1.914 -5.400 -8.433 -10.205 -10.903 -11.797 -11.670 -12.487 -12.507 -12.933 -13.361 -13.837 -14.121 -14.561 -14.744 -14.711
5.400 -3.041 -1.677 -5.256 -8.292 -10.099 -10.810 -11.719 -11.593 -12.423 -12.450 -12.879 -13.314 -13.801 -14.093 -14.545 -14.738 -14.710
5.500 -2.898 -1.439 -5.112 -8.149 -9.991 -10.715 -11.640 -11.516 -12.357 -12.392 -12.824 -13.267 -13.765 -14.064 -14.528 -14.731 -14.709
5.600 -2.756 -1.199 -4.968 -8.005 -9.883 -10.620 -11.560 -11.437 -12.291 -12.333 -12.768 -13.219 -13.727 -14.033 -14.510 -14.722 -14.708
5.700 -2.614 -0.955 -4.823 -7.859 -9.772 -10.523 -11.478 -11.357 -12.223 -12.272 -12.710 -13.168 -13.688 -14.001 -14.490 -14.713 -14.705
5.800 -2.471 -0.711 -4.679 -7.712 -9.661 -10.424 -11.395 -11.276 -12.154 -12.211 -12.652 -13.117 -13.648 -13.968 -14.470 -14.703 -14.701
5.900 -2.330 -0.464 -4.535 -7.564 -9.548 -10.325 -11.311 -11.193 -12.083 -12.148 -12.592 -13.065 -13.606 -13.934 -14.448 -14.692 -14.697
6.000 -2.189 -0.217 -4.391 -7.415 -9.435 -10.224 -11.226 -11.110 -12.011 -12.085 -12.531 -13.011 -13.563 -13.898 -14.426 -14.680 -14.692
6.100 -2.048 0.031 -4.248 -7.265 -9.320 -10.123 -11.140 -11.026 -11.939 -12.020 -12.469 -12.956 -13.519 -13.862 -14.402 -14.667 -14.686
6.200 -1.908 0.279 -4.105 -7.113 -9.205 -10.020 -11.052 -10.940 -11.864 -11.954 -12.406 -12.899 -13.473 -13.823 -14.377 -14.653 -14.678
6.300 -1.769 0.526 -3.963 -6.962 -9.089 -9.917 -10.963 -10.854 -11.789 -11.888 -12.341 -12.842 -13.427 -13.784 -14.351 -14.638 -14.671
6.400 -1.632 0.770 -3.823 -6.812 -8.973 -9.814 -10.874 -10.767 -11.713 -11.820 -12.276 -12.783 -13.379 -13.744 -14.323 -14.621 -14.662
6.500 -1.496 1.010 -3.685 -6.663 -8.858 -9.710 -10.785 -10.680 -11.637 -11.752 -12.210 -12.724 -13.330 -13.702 -14.295 -14.605 -14.653
6.600 -1.362 1.245 -3.548 -6.514 -8.742 -9.606 -10.695 -10.592 -11.559 -11.683 -12.143 -12.663 -13.280 -13.660 -14.266 -14.587 -14.642
6.700 -1.230 1.474 -3.413 -6.366 -8.626 -9.502 -10.604 -10.504 -11.481 -11.613 -12.075 -12.601 -13.229 -13.616 -14.236 -14.568 -14.631
6.800 -1.157 1.588 -3.340 -6.287 -8.561 -9.442 -10.550 -10.450 -11.432 -11.568 -12.031 -12.560 -13.192 -13.583 -14.208 -14.546 -14.613
6.900 -1.133 1.613 -3.315 -6.263 -8.536 -9.417 -10.525 -10.426 -11.408 -11.544 -12.006 -12.536 -13.168 -13.558 -14.184 -14.521 -14.589
7.000 -1.108 1.637 -3.291 -6.238 -8.512 -9.393 -10.500 -10.401 -11.383 -11.519 -11.981 -12.511 -13.143 -13.534 -14.159 -14.497 -14.564
7.100 -1.083 1.663 -3.265 -6.213 -8.486 -9.367 -10.475 -10.376 -11.358 -11.494 -11.956 -12.486 -13.118 -13.508 -14.134 -14.471 -14.539
7.200 -1.057 1.688 -3.240 -6.187 -8.461 -9.342 -10.450 -10.350 -11.332 -11.468 -11.931 -12.460 -13.092 -13.483 -14.108 -14.446 -14.513
7.300 -1.031 1.714 -3.213 -6.161 -8.434 -9.315 -10.423 -10.324 -11.306 -11.442 -11.904 -12.434 -13.066 -13.456 -14.082 -14.420 -14.487
7.400 -1.005 1.741 -3.187 -6.134 -8.408 -9.289 -10.397 -10.298 -11.279 -11.415 -11.878 -12.407 -13.040 -13.430 -14.055 -14.393 -14.460
7.500 -0.978 1.768 -3.160 -6.107 -8.381 -9.262 -10.370 -10.271 -11.252 -11.388 -11.851 -12.380 -13.013 -13.403 -14.029 -14.366 -14.433
7.600 -0.950 1.795 -3.133 -6.080 -8.354 -9.235 -10.343 -10.243 -11.225 -11.361 -11.824 -12.353 -12.985 -13.376 -14.001 -14.339 -14.406
7.700 -0.923 1.823 -3.105 -6.052 -8.326 -9.207 -10.315 -10.216 -11.197 -11.334 -11.796 -12.325 -12.958 -13.348 -13.974 -14.311 -14.378
7.800 -0.895 1.851 -3.077 -6.024 -8.298 -9.179 -10.287 -10.188 -11.169 -11.305 -11.768 -12.297 -12.930 -13.320 -13.946 -14.283 -14.350
7.900 -0.866 1.879 -3.049 -5.996 -8.270 -9.151 -10.259 -10.159 -11.141 -11.277 -11.740 -12.269 -12.901 -13.292 -13.917 -14.255 -14.322
8.000 -0.838 1.908 -3.020 -5.967 -8.241 -9.122 -10.230 -10.131 -11.112 -11.248 -11.711 -12.240 -12.873 -13.263 -13.889 -14.226 -14.293
8.100 -0.809 1.937 -2.991 -5.938 -8.212 -9.093 -10.201 -10.102 -11.083 -11.219 -11.682 -12.211 -12.844 -13.234 -13.860 -14.197 -14.264
8.200 -0.779 1.966 -2.962 -5.909 -8.183 -9.064 -10.172 -10.072 -11.054 -11.190 -11.653 -12.182 -12.814 -13.205 -13.830 -14.168 -14.235
8.300 -0.750 1.996 -2.932 -5.880 -8.153 -9.034 -10.142 -10.043 -11.024 -11.161 -11.623 -12.152 -12.785 -13.175 -13.801 -14.138 -14.205
8.400 -0.720 2.026 -2.902 -5.850 -8.123 -9.004 -10.112 -10.013 -10.995 -11.131 -11.593 -12.123 -12.755 -13.145 -13.771 -14.108 -14.175
8.500 -0.690 2.056 -2.872 -5.819 -8.093 -8.974 -10.082 -9.983 -10.964 -11.100 -11.563 -12.092 -12.725 -13.115 -13.741 -14.078 -14.145
8.600 -0.659 2.086 -2.842 -5.789 -8.063 -8.944 -10.051 -9.952 -10.934 -11.070 -11.532 -12.062 -12.694 -13.085 -13.710 -14.048 -14.115
8.700 -0.629 2.117 -2.811 -5.758 -8.032 -8.913 -10.021 -9.922 -10.903 -11.039 -11.502 -12.031 -12.664 -13.054 -13.679 -14.017 -14.084
8.800 -0.598 2.148 -2.780 -5.727 -8.001 -8.882 -9.990 -9.891 -10.872 -11.008 -11.471 -12.000 -12.633 -13.023 -13.649 -13.986 -14.053
8.900 -0.566 2.179 -2.749 -5.696 -7.970 -8.851 -9.959 -9.859 -10.841 -10.977 -11.440 -11.969 -12.602 -12.992 -13.617 -13.955 -14.022
9.000 -0.535 2.210 -2.718 -5.665 -7.939 -8.820 -9.927 -9.828 -10.810 -10.946 -11.408 -11.938 -12.570 -12.961 -13.586 -13.924 -13.991
9.100 -0.504 2.242 -2.686 -5.633 -7.907 -8.788 -9.896 -9.797 -10.778 -10.914 -11.377 -11.906 -12.539 -12.929 -13.555 -13.892 -13.959
9.200 -0.472 2.274 -2.654 -5.602 -7.875 -8.756 -9.864 -9.765 -10.747 -10.883 -11.345 -11.875 -12.507 -12.897 -13.523 -13.860 -13.927
9.300 -0.440 2.305 -2.622 -5.570 -7.843 -8.724 -9.832 -9.733 -10.715 -10.851 -11.313 -11.843 -12.475 -12.865 -13.491 -13.829 -13.896
9.400 -0.408 2.337 -2.590 -5.538 -7.811 -8.692 -9.800 -9.701 -10.683 -10.819 -11.281 -11.811 -12.443 -12.833 -13.459 -13.797 -13.864
9.500 -0.376 2.370 -2.558 -5.506 -7.779 -8.660 -9.768 -9.669 -10.651 -10.787 -11.249 -11.779 -12.411 -12.801 -13.427 -13.764 -13.832
9.600 -0.344 2.402 -2.526 -5.473 -7.747 -8.628 -9.736 -9.637 -10.618 -10.755 -11.217 -11.746 -12.379 -12.769 -13.395 -13.732 -13.799
9.700 -0.311 2.434 -2.494 -5.441 -7.715 -8.596 -9.704 -9.604 -10.586 -10.722 -11.185 -11.714 -12.346 -12.737 -13.362 -13.700 -13.767
9.800 -0.279 2.467 -2.461 -5.409 -7.682 -8.563 -9.671 -9.572 -10.554 -10.690 -11.152 -11.682 -12.314 -12.704 -13.330 -13.667 -13.734
9.900 -0.246 2.499 -2.429 -5.376 -7.650 -8.531 -9.639 -9.539 -10.521 -10.657 -11.120 -11.649 -12.281 -12.672 -13.297 -13.635 -13.702
10.000 -0.214 2.532 -2.396 -5.343 -7.617 -8.498 -9.606 -9.507 -10.488 -10.625 -11.087 -11.616 -12.249 -12.639 -13.265 -13.602 -13.669
10.100 -0.181 2.565 -2.363 -5.311 -7.584 -8.465 -9.573 -9.474 -10.456 -10.592 -11.054 -11.584 -12.216 -12.606 -13.232 -13.570 -13.637
10.200 -0.148 2.597 -2.331 -5.278 -7.552 -8.433 -9.541 -9.441 -10.423 -10.559 -11.022 -11.551 -12.183 -12.574 -13.199 -13.537 -13.604
10.300 -0.116 2.630 -2.298 -5.245 -7.519 -8.400 -9.508 -9.409 -10.390 -10.526 -10.989 -11.518 -12.151 -12.541 -13.167 -13.504 -13.571
10.400 -0.083 2.663 -2.265 -5.213 -7.486 -8.367 -9.475 -9.376 -10.358 -10.494 -10.956 -11.486 -12.118 -12.508 -13.134 -13.471 -13.538
10.500 -0.050 2.695 -2.233 -5.180 -7.454 -8.335 -9.443 -9.343 -10.325 -10.461 -10.924 -11.453 -12.085 -12.476 -13.101 -13.439 -13.506
10.600 -0.018 2.728 -2.200 -5.147 -7.421 -8.302 -9.410 -9.311 -10.292 -10.428 -10.891 -11.420 -12.053 -12.443 -13.068 -13.406 -13.473
10.700 0.015 2.761 -2.167 -5.115 -7.388 -8.269 -9.377 -9.278 -10.260 -10.396 -10.858 -11.388 -12.020 -12.410 -13.036 -13.373 -13.440
10.800 0.048 2.793 -2.135 -5.082 -7.356 -8.237 -9.345 -9.245 -10.227 -10.363 -10.826 -11.355 -11.987 -12.378 -13.003 -13.341 -13.408
10.900 0.080 2.826 -2.102 -5.050 -7.323 -8.204 -9.312 -9.213 -10.194 -10.331 -10.793 -11.322 -11.955 -12.345 -12.971 -13.308 -13.375
11.000 0.113 2.858 -2.070 -5.017 -7.291 -8.172 -9.280 -9.180 -10.162 -10.298 -10.761 -11.290 -11.922 -12.313 -12.938 -13.276 -13.343
11.100 0.145 2.891 -2.037 -4.985 -7.258 -8.139 -9.247 -9.148 -10.130 -10.266 -10.728 -11.258 -11.890 -12.280 -12.906 -13.244 -13.311
11.200 0.177 2.923 -2.005 -4.953 -7.226 -8.107 -9.215 -9.116 -10.097 -10.234 -10.696 -11.226 -11.858 -12.248 -12.874 -13.211 -13.278
11.300 0.209 2.955 -1.973 -4.920 -7.194 -8.075 -9.183 -9.084 -10.065 -10.202 -10.664 -11.193 -11.826 -12.216 -12.842 -13.179 -13.246
11.400 0.241 2.987 -1.941 -4.888 -7.162 -8.043 -9.151 -9.052 -10.033 -10.170 -10.632 -11.161 -11.794 -12.184 -12.810 -13.147 -13.214
11.500 0.273 3.019 -1.909 -4.857 -7.130 -8.011 -9.119 -9.020 -10.002 -10.138 -10.600 -11.130 -11.762 -12.152 -12.778 -13.115 -13.182
11.600 0.305 3.050 -1.878 -4.825 -7.099 -7.980 -9.087 -8.988 -9.970 -10.106 -10.568 -11.098 -11.730 -12.121 -12.746 -13.084 -13.151
11.700 0.336 3.082 -1.846 -4.793 -7.067 -7.948 -9.056 -8.957 -9.938 -10.075 -10.537 -11.066 -11.699 -12.089 -12.715 -13.052 -13.119
11.800 0.368 3.113 -1.815 -4.762 -7.036 -7.917 -9.025 -8.925 -9.907 -10.043 -10.506 -11.035 -11.668 -12.058 -12.683 -13.021 -13.088
11.900 0.399 3.144 -1.784 -4.731 -7.005 -7.886 -8.994 -8.894 -9.876 -10.012 -10.475 -11.004 -11.636 -12.027 -12.652 -12.990 -13.057
12.000 0.430 3.175 -1.753 -4.700 -6.974 -7.855 -8.963 -8.863 -9.845 -9.981 -10.444 -10.973 -11.606 -11.996 -12.621 -12.959 -13.026
12.100 0.460 3.206 -1.722 -4.670 -6.943 -7.824 -8.932 -8.833 -9.814 -9.951 -10.413 -10.942 -11.575 -11.965 -12.591 -12.928 -12.995
12.200 0.491 3.236 -1.692 -4.639 -6.913 -7.794 -8.902 -8.802 -9.784 -9.920 -10.383 -10.912 -11.544 -11.935 -12.560 -12.898 -12.965
12.300 0.521 3.266 -1.662 -4.609 -6.883 -7.764 -8.871 -8.772 -9.754 -9.890 -10.352 -10.882 -11.514 -11.905 -12.530 -12.868 -12.935
12.400 0.551 3.296 -1.632 -4.579 -6.853 -7.734 -8.841 -8.742 -9.724 -9.860 -10.322 -10.852 -11.484 -11.875 -12.500 -12.838 -12.905
12.500 0.580 3.326 -1.602 -4.549 -6.823 -7.704 -8.812 -8.713 -9.694 -9.830 -10.293 -10.822 -11.455 -11.845 -12.470 -12.808 -12.875
12.600 0.610 3.355 -1.573 -4.520 -6.794 -7.675 -8.782 -8.683 -9.665 -9.801 -10.263 -10.793 -11.425 -11.816 -12.441 -12.779 -12.846
12.700 0.639 3.385 -1.543 -4.491 -6.764 -7.645 -8.753 -8.654 -9.636 -9.772 -10.234 -10.764 -11.396 -11.786 -12.412 -12.750 -12.817
12.800 0.668 3.413 -1.515 -4.462 -6.736 -7.617 -8.724 -8.625 -9.607 -9.743 -10.205 -10.735 -11.367 -11.758 -12.383 -12.721 -12.788
12.900 0.696 3.442 -1.486 -4.433 -6.707 -7.588 -8.696 -8.597 -9.578 -9.714 -10.177 -10.706 -11.339 -11.729 -12.355 -12.692 -12.759
13.000 0.725 3.470 -1.458 -4.405 -6.679 -7.560 -8.668 -8.568 -9.550 -9.686 -10.149 -10.678 -11.310 -11.701 -12.326 -12.664 -12.731
13.100 0.753 3.498 -1.430 -4.377 -6.651 -7.532 -8.640 -8.540 -9.522 -9.658 -10.121 -10.650 -11.283 -11.673 -12.298 -12.636 -12.703
13.200 0.780 3.526 -1.402 -4.350 -6.623 -7.504 -8.612 -8.513 -9.494 -9.631 -10.093 -10.623 -11.255 -11.645 -12.271 -12.608 -12.675
13.300 0.807 3.553 -1.375 -4.322 -6.596 -7.477 -8.585 -8.486 -9.467 -9.603 -10.066 -10.595 -11.228 -11.618 -12.243 -12.581 -12.648
13.400 0.834 3.580 -1.348 -4.295 -6.569 -7.450 -8.558 -8.459 -9.440 -9.576 -10.039 -10.568 -11.201 -11.591 -12.217 -12.554 -12.621
13.500 0.861 3.607 -1.321 -4.269 -6.542 -7.423 -8.531 -8.432 -9.414 -9.550 -10.012 -10.542 -11.174 -11.564 -12.190 -12.527 -12.594
13.600 0.887 3.633 -1.295 -4.242 -6.516 -7.397 -8.505 -8.406 -9.387 -9.523 -9.986 -10.515 -11.148 -11.538 -12.164 -12.501 -12.568
13.700 0.913 3.659 -1.269 -4.216 -6.490 -7.371 -8.479 -8.380 -9.361 -9.497 -9.960 -10.489 -11.122 -11.512 -12.138 -12.475 -12.542
13.800 0.939 3.685 -1.243 -4.191 -6.464 -7.345 -8.453 -8.354 -9.336 -9.472 -9.934 -10.464 -11.096 -11.486 -12.112 -12.449 -12.516
13.900 0.964 3.710 -1.218 -4.165 -6.439 -7.320 -8.428 -8.329 -9.310 -9.446 -9.909 -10.438 -11.071 -11.461 -12.087 -12.424 -12.491
14.000 0.989 3.735 -1.193 -4.140 -6.414 -7.295 -8.403 -8.304 -9.285 -9.421 -9.884 -10.413 -11.046 -11.436 -12.062 -12.399 -12.466
14.100 1.014 3.760 -1.168 -4.116 -6.389 -7.270 -8.378 -8.279 -9.261 -9.397 -9.859 -10.389 -11.021 -11.411 -12.037 -12.375 -12.442
14.200 1.038 3.784 -1.144 -4.092 -6.365 -7.246 -8.354 -8.255 -9.236 -9.373 -9.835 -10.364 -10.997 -11.387 -12.013 -12.350 -12.417
14.300 1.062 3.808 -1.120 -4.068 -6.341 -7.222 -8.330 -8.231 -9.212 -9.349 -9.811 -10.341 -10.973 -11.363 -11.989 -12.326 -12.393
14.400 1.086 3.831 -1.097 -4.044 -6.318 -7.199 -8.306 -8.207 -9.189 -9.325 -9.787 -10.317 -10.949 -11.340 -11.965 -12.303 -12.370
14.500 1.109 3.855 -1.073 -4.021 -6.294 -7.175 -8.283 -8.184 -9.166 -9.302 -9.764 -10.294 -10.926 -11.316 -11.942 -12.279 -12.346
14.600 1.132 3.878 -1.050 -3.998 -6.271 -7.152 -8.260 -8.161 -9.143 -9.279 -9.741 -10.271 -10.903 -11.293 -11.919 -12.256 -12.324
14.700 1.155 3.900 -1.028 -3.975 -6.249 -7.130 -8.238 -8.138 -9.120 -9.256 -9.719 -10.248 -10.880 -11.271 -11.896 -12.234 -12.301
14.800 1.177 3.922 -1.005 -3.953 -6.226 -7.107 -8.215 -8.116 -9.098 -9.234 -9.696 -10.226 -10.858 -11.248 -11.874 -12.212 -12.279
14.900 1.199 3.944 -0.984 -3.931 -6.205 -7.086 -8.193 -8.094 -9.076 -9.212 -9.674 -10.204 -10.836 -11.227 -11.852 -12.190 -12.257
15.000 1.220 3.966 -0.962 -3.909 -6.183 -7.064 -8.172 -8.073 -9.054 -9.190 -9.653 -10.182 -10.815 -11.205 -11.830 -12.168 -12.235
