# day W2 M2 W1 u B g V c r w o i z y J H K
0.000 -10.965 -10.758 -10.553 -9.690 -9.320 -9.141 -8.828 -8.953 -8.570 -8.756 -8.429 -8.146 -7.830 -7.587 -7.093 -6.457 -5.869
0.100 -15.615 -15.561 -15.449 -15.002 -14.768 -14.648 -14.437 -14.517 -14.254 -14.368 -14.151 -13.942 -13.697 -13.503 -13.099 -12.548 -12.023
0.200 -15.374 -15.462 -15.455 -15.354 -15.224 -15.148 -15.008 -15.059 -14.876 -14.946 -14.799 -14.637 -14.438 -14.274 -13.926 -13.429 -12.941
0.300 -14.766 -14.990 -15.109 -15.349 -15.326 -15.294 -15.223 -15.247 -15.139 -15.172 -15.087 -14.967 -14.810 -14.673 -14.374 -13.922 -13.465
0.400 -14.021 -14.366 -14.628 -15.200 -15.286 -15.299 -15.296 -15.295 -15.259 -15.260 -15.232 -15.152 -15.033 -14.921 -14.667 -14.255 -13.827
0.500 -13.219 -13.664 -14.083 -14.969 -15.167 -15.225 -15.288 -15.264 -15.297 -15.271 -15.295 -15.253 -15.171 -15.084 -14.872 -14.498 -14.096
0.600 -12.409 -12.928 -13.513 -14.689 -14.997 -15.100 -15.226 -15.183 -15.282 -15.233 -15.305 -15.299 -15.253 -15.189 -15.019 -14.682 -14.304
0.700 -11.626 -12.189 -12.941 -14.377 -14.792 -14.938 -15.126 -15.065 -15.226 -15.160 -15.275 -15.304 -15.293 -15.253 -15.123 -14.821 -14.469
0.800 -10.889 -11.465 -12.379 -14.041 -14.558 -14.747 -14.993 -14.916 -15.137 -15.057 -15.211 -15.274 -15.298 -15.281 -15.192 -14.926 -14.599
0.900 -10.202 -10.765 -11.829 -13.685 -14.299 -14.529 -14.830 -14.741 -15.018 -14.929 -15.117 -15.213 -15.273 -15.279 -15.231 -15.002 -14.700
1.000 -9.549 -10.080 -11.285 -13.308 -14.015 -14.284 -14.639 -14.539 -14.869 -14.775 -14.995 -15.123 -15.219 -15.249 -15.244 -15.053 -14.776
1.100 -8.905 -9.389 -10.734 -12.906 -13.704 -14.011 -14.419 -14.309 -14.692 -14.596 -14.845 -15.005 -15.137 -15.192 -15.232 -15.080 -14.831
1.200 -8.254 -8.672 -10.166 -12.476 -13.365 -13.711 -14.170 -14.053 -14.486 -14.392 -14.668 -14.859 -15.030 -15.110 -15.196 -15.086 -14.866
1.300 -7.581 -7.910 -9.570 -12.013 -12.996 -13.382 -13.893 -13.770 -14.253 -14.164 -14.464 -14.688 -14.897 -15.004 -15.139 -15.073 -14.883
1.400 -6.889 -7.096 -8.946 -11.517 -12.599 -13.026 -13.589 -13.462 -13.994 -13.913 -14.237 -14.492 -14.741 -14.876 -15.061 -15.041 -14.883
1.500 -6.182 -6.230 -8.298 -10.991 -12.179 -12.649 -13.268 -13.137 -13.720 -13.650 -13.996 -14.283 -14.573 -14.736 -14.969 -14.990 -14.857
1.600 -5.476 -5.323 -7.637 -10.439 -11.738 -12.253 -12.928 -12.795 -13.430 -13.374 -13.740 -14.058 -14.390 -14.580 -14.863 -14.924 -14.817
1.700 -4.800 -4.415 -6.990 -9.882 -11.293 -11.853 -12.583 -12.449 -13.132 -13.093 -13.476 -13.825 -14.197 -14.414 -14.745 -14.848 -14.768
1.800 -4.174 -3.546 -6.381 -9.335 -10.859 -11.463 -12.246 -12.114 -12.842 -12.821 -13.220 -13.597 -14.006 -14.248 -14.622 -14.760 -14.702
1.900 -3.632 -2.792 -5.843 -8.832 -10.457 -11.102 -11.935 -11.804 -12.574 -12.573 -12.985 -13.387 -13.830 -14.094 -14.503 -14.665 -14.622
2.000 -3.178 -2.201 -5.389 -8.388 -10.090 -10.767 -11.641 -11.514 -12.318 -12.336 -12.757 -13.181 -13.655 -13.940 -14.383 -14.572 -14.545
2.100 -2.812 -1.765 -5.021 -8.017 -9.769 -10.469 -11.373 -11.249 -12.079 -12.114 -12.543 -12.984 -13.485 -13.788 -14.264 -14.481 -14.471
2.200 -2.522 -1.442 -4.731 -7.723 -9.500 -10.214 -11.137 -11.015 -11.863 -11.912 -12.345 -12.800 -13.323 -13.643 -14.149 -14.393 -14.402
2.300 -2.291 -1.183 -4.500 -7.493 -9.281 -10.001 -10.934 -10.815 -11.673 -11.732 -12.168 -12.632 -13.173 -13.506 -14.040 -14.310 -14.337
2.400 -2.154 -0.975 -4.364 -7.364 -9.169 -9.895 -10.833 -10.714 -11.575 -11.636 -12.073 -12.538 -13.081 -13.415 -13.951 -14.224 -14.253
2.500 -2.038 -0.779 -4.249 -7.256 -9.083 -9.814 -10.758 -10.639 -11.503 -11.564 -12.002 -12.468 -13.009 -13.342 -13.876 -14.145 -14.171
2.600 -1.926 -0.585 -4.136 -7.149 -8.999 -9.737 -10.686 -10.567 -11.435 -11.497 -11.935 -12.402 -12.944 -13.277 -13.808 -14.075 -14.099
2.700 -1.818 -0.396 -4.028 -7.045 -8.917 -9.662 -10.618 -10.500 -11.372 -11.434 -11.874 -12.342 -12.885 -13.217 -13.748 -14.013 -14.036
2.800 -1.712 -0.208 -3.921 -6.942 -8.837 -9.589 -10.552 -10.434 -11.311 -11.375 -11.816 -12.286 -12.830 -13.164 -13.694 -13.958 -13.980
2.900 -1.608 -0.023 -3.817 -6.839 -8.758 -9.517 -10.488 -10.371 -11.253 -11.319 -11.761 -12.233 -12.780 -13.114 -13.646 -13.910 -13.931
3.000 -1.508 0.158 -3.715 -6.738 -8.681 -9.448 -10.427 -10.310 -11.197 -11.266 -11.709 -12.184 -12.734 -13.070 -13.603 -13.867 -13.888
3.100 -1.410 0.337 -3.616 -6.638 -8.604 -9.379 -10.366 -10.250 -11.143 -11.215 -11.660 -12.137 -12.691 -13.028 -13.564 -13.830 -13.851
3.200 -1.313 0.514 -3.518 -6.539 -8.529 -9.311 -10.307 -10.192 -11.091 -11.166 -11.612 -12.093 -12.650 -12.990 -13.529 -13.797 -13.819
3.300 -1.218 0.690 -3.421 -6.440 -8.453 -9.244 -10.248 -10.134 -11.039 -11.118 -11.566 -12.050 -12.611 -12.954 -13.497 -13.768 -13.791
3.400 -1.124 0.864 -3.325 -6.341 -8.379 -9.177 -10.191 -10.077 -10.989 -11.072 -11.520 -12.008 -12.575 -12.921 -13.469 -13.742 -13.768
3.500 -1.032 1.034 -3.232 -6.244 -8.305 -9.112 -10.134 -10.021 -10.940 -11.027 -11.477 -11.968 -12.540 -12.889 -13.442 -13.720 -13.748
3.600 -0.941 1.203 -3.139 -6.147 -8.231 -9.046 -10.077 -9.966 -10.891 -10.983 -11.434 -11.929 -12.506 -12.859 -13.418 -13.700 -13.731
3.700 -0.852 1.370 -3.048 -6.050 -8.158 -8.981 -10.021 -9.911 -10.843 -10.939 -11.392 -11.891 -12.474 -12.830 -13.396 -13.683 -13.717
3.800 -0.763 1.534 -2.957 -5.954 -8.085 -8.916 -9.965 -9.856 -10.795 -10.896 -11.350 -11.853 -12.442 -12.802 -13.375 -13.668 -13.705
3.900 -0.675 1.698 -2.867 -5.857 -8.011 -8.850 -9.909 -9.801 -10.746 -10.853 -11.308 -11.815 -12.410 -12.775 -13.355 -13.654 -13.695
4.000 -0.588 1.858 -2.778 -5.761 -7.938 -8.785 -9.853 -9.747 -10.698 -10.810 -11.267 -11.778 -12.380 -12.749 -13.336 -13.641 -13.687
4.100 -0.501 2.016 -2.690 -5.665 -7.865 -8.720 -9.797 -9.692 -10.651 -10.768 -11.226 -11.741 -12.349 -12.723 -13.319 -13.630 -13.680
4.200 -0.416 2.171 -2.602 -5.570 -7.792 -8.654 -9.740 -9.637 -10.603 -10.725 -11.184 -11.704 -12.319 -12.697 -13.301 -13.620 -13.675
4.300 -0.331 2.323 -2.516 -5.475 -7.719 -8.589 -9.684 -9.582 -10.555 -10.682 -11.143 -11.667 -12.289 -12.672 -13.285 -13.611 -13.671
4.400 -0.246 2.473 -2.429 -5.380 -7.645 -8.523 -9.627 -9.527 -10.506 -10.640 -11.102 -11.629 -12.259 -12.647 -13.268 -13.603 -13.667
4.500 -0.204 2.541 -2.387 -5.334 -7.608 -8.489 -9.597 -9.497 -10.479 -10.615 -11.078 -11.607 -12.239 -12.630 -13.255 -13.593 -13.660
4.600 -0.194 2.552 -2.376 -5.323 -7.597 -8.478 -9.586 -9.487 -10.468 -10.604 -11.067 -11.596 -12.229 -12.619 -13.245 -13.582 -13.649
4.700 -0.184 2.562 -2.366 -5.313 -7.587 -8.468 -9.576 -9.477 -10.458 -10.594 -11.057 -11.586 -12.219 -12.609 -13.235 -13.572 -13.639
4.800 -0.174 2.572 -2.356 -5.303 -7.577 -8.458 -9.566 -9.467 -10.448 -10.585 -11.047 -11.576 -12.209 -12.599 -13.225 -13.562 -13.629
4.900 -0.164 2.581 -2.347 -5.294 -7.568 -8.449 -9.556 -9.457 -10.439 -10.575 -11.037 -11.567 -12.199 -12.590 -13.215 -13.553 -13.620
5.000 -0.155 2.591 -2.337 -5.285 -7.558 -8.439 -9.547 -9.448 -10.429 -10.566 -11.028 -11.557 -12.190 -12.580 -13.206 -13.543 -13.610
5.100 -0.145 2.600 -2.328 -5.275 -7.549 -8.430 -9.538 -9.438 -10.420 -10.556 -11.019 -11.548 -12.181 -12.571 -13.196 -13.534 -13.601
5.200 -0.136 2.609 -2.319 -5.266 -7.540 -8.421 -9.528 -9.429 -10.411 -10.547 -11.009 -11.539 -12.171 -12.562 -13.187 -13.525 -13.592
5.300 -0.127 2.619 -2.309 -5.256 -7.530 -8.411 -9.519 -9.420 -10.401 -10.537 -11.000 -11.529 -12.162 -12.552 -13.178 -13.515 -13.582
5.400 -0.117 2.628 -2.299 -5.247 -7.520 -8.401 -9.509 -9.410 -10.392 -10.528 -10.990 -11.520 -12.152 -12.542 -13.168 -13.506 -13.573
5.500 -0.108 2.638 -2.290 -5.237 -7.511 -8.392 -9.500 -9.401 -10.382 -10.518 -10.981 -11.510 -12.143 -12.533 -13.159 -13.496 -13.563
5.600 -0.098 2.648 -2.280 -5.228 -7.501 -8.382 -9.490 -9.391 -10.373 -10.509 -10.971 -11.501 -12.133 -12.523 -13.149 -13.487 -13.554
5.700 -0.088 2.657 -2.271 -5.218 -7.492 -8.373 -9.480 -9.381 -10.363 -10.499 -10.961 -11.491 -12.123 -12.514 -13.139 -13.477 -13.544
5.800 -0.078 2.667 -2.261 -5.208 -7.482 -8.363 -9.470 -9.371 -10.353 -10.489 -10.951 -11.481 -12.113 -12.504 -13.129 -13.467 -13.534
5.900 -0.068 2.678 -2.250 -5.198 -7.471 -8.352 -9.460 -9.361 -10.343 -10.479 -10.941 -11.471 -12.103 -12.493 -13.119 -13.456 -13.523
6.000 -0.057 2.688 -2.240 -5.187 -7.461 -8.342 -9.450 -9.350 -10.332 -10.468 -10.931 -11.460 -12.093 -12.483 -13.108 -13.446 -13.513
6.100 -0.047 2.699 -2.229 -5.176 -7.450 -8.331 -9.439 -9.340 -10.321 -10.457 -10.920 -11.449 -12.082 -12.472 -13.098 -13.435 -13.502
6.200 -0.035 2.710 -2.218 -5.165 -7.439 -8.320 -9.428 -9.328 -10.310 -10.446 -10.909 -11.438 -12.071 -12.461 -13.086 -13.424 -13.491
6.300 -0.024 2.721 -2.207 -5.154 -7.428 -8.309 -9.416 -9.317 -10.299 -10.435 -10.897 -11.427 -12.059 -12.450 -13.075 -13.413 -13.480
6.400 -0.013 2.733 -2.195 -5.142 -7.416 -8.297 -9.405 -9.306 -10.287 -10.423 -10.886 -11.415 -12.048 -12.438 -13.063 -13.401 -13.468
6.500 -0.001 2.745 -2.183 -5.131 -7.404 -8.285 -9.393 -9.294 -10.275 -10.412 -10.874 -11.404 -12.036 -12.426 -13.052 -13.389 -13.456
6.600 0.011 2.757 -2.171 -5.118 -7.392 -8.273 -9.381 -9.281 -10.263 -10.399 -10.862 -11.391 -12.024 -12.414 -13.039 -13.377 -13.444
6.700 0.024 2.770 -2.158 -5.106 -7.379 -8.260 -9.368 -9.269 -10.251 -10.387 -10.849 -11.379 -12.011 -12.401 -13.027 -13.364 -13.431
6.800 0.037 2.782 -2.145 -5.093 -7.366 -8.247 -9.355 -9.256 -10.238 -10.374 -10.836 -11.366 -11.998 -12.388 -13.014 -13.352 -13.419
6.900 0.050 2.796 -2.132 -5.080 -7.353 -8.234 -9.342 -9.243 -10.225 -10.361 -10.823 -11.353 -11.985 -12.375 -13.001 -13.338 -13.405
7.000 0.064 2.809 -2.119 -5.066 -7.340 -8.221 -9.329 -9.229 -10.211 -10.347 -10.810 -11.339 -11.971 -12.362 -12.987 -13.325 -13.392
7.100 0.077 2.823 -2.105 -5.052 -7.326 -8.207 -9.315 -9.216 -10.197 -10.333 -10.796 -11.325 -11.958 -12.348 -12.973 -13.311 -13.378
7.200 0.092 2.837 -2.091 -5.038 -7.312 -8.193 -9.301 -9.201 -10.183 -10.319 -10.782 -11.311 -11.943 -12.334 -12.959 -13.297 -13.364
7.300 0.106 2.852 -2.076 -5.023 -7.297 -8.178 -9.286 -9.187 -10.168 -10.304 -10.767 -11.296 -11.929 -12.319 -12.945 -13.282 -13.349
7.400 0.121 2.867 -2.061 -5.008 -7.282 -8.163 -9.271 -9.172 -10.153 -10.290 -10.752 -11.281 -11.914 -12.304 -12.930 -13.267 -13.334
7.500 0.137 2.882 -2.046 -4.993 -7.267 -8.148 -9.256 -9.156 -10.138 -10.274 -10.737 -11.266 -11.899 -12.289 -12.914 -13.252 -13.319
7.600 0.152 2.898 -2.030 -4.978 -7.251 -8.132 -9.240 -9.141 -10.123 -10.259 -10.721 -11.251 -11.883 -12.273 -12.899 -13.237 -13.304
7.700 0.168 2.913 -2.014 -4.962 -7.235 -8.116 -9.224 -9.125 -10.107 -10.243 -10.705 -11.235 -11.867 -12.257 -12.883 -13.221 -13.288
7.800 0.184 2.930 -1.998 -4.946 -7.219 -8.100 -9.208 -9.109 -10.091 -10.227 -10.689 -11.219 -11.851 -12.241 -12.867 -13.204 -13.271
7.900 0.201 2.946 -1.982 -4.929 -7.203 -8.084 -9.192 -9.092 -10.074 -10.210 -10.673 -11.202 -11.834 -12.225 -12.850 -13.188 -13.255
8.000 0.217 2.963 -1.965 -4.912 -7.186 -8.067 -9.175 -9.076 -10.057 -10.193 -10.656 -11.185 -11.818 -12.208 -12.834 -13.171 -13.238
8.100 0.235 2.980 -1.948 -4.895 -7.169 -8.050 -9.158 -9.058 -10.040 -10.176 -10.639 -11.168 -11.800 -12.191 -12.816 -13.154 -13.221
8.200 0.252 2.998 -1.930 -4.878 -7.151 -8.032 -9.140 -9.041 -10.023 -10.159 -10.621 -11.151 -11.783 -12.173 -12.799 -13.136 -13.203
8.300 0.270 3.015 -1.912 -4.860 -7.133 -8.014 -9.122 -9.023 -10.005 -10.141 -10.603 -11.133 -11.765 -12.155 -12.781 -13.119 -13.186
8.400 0.288 3.034 -1.894 -4.842 -7.115 -7.996 -9.104 -9.005 -9.987 -10.123 -10.585 -11.115 -11.747 -12.137 -12.763 -13.101 -13.168
8.500 0.306 3.052 -1.876 -4.823 -7.097 -7.978 -9.086 -8.986 -9.968 -10.104 -10.567 -11.096 -11.729 -12.119 -12.744 -13.082 -13.149
8.600 0.325 3.071 -1.857 -4.805 -7.078 -7.959 -9.067 -8.968 -9.949 -10.086 -10.548 -11.078 -11.710 -12.100 -12.726 -13.063 -13.130
8.700 0.344 3.090 -1.838 -4.786 -7.059 -7.940 -9.048 -8.949 -9.931 -10.067 -10.529 -11.059 -11.691 -12.081 -12.707 -13.044 -13.111
8.800 0.363 3.109 -1.819 -4.766 -7.040 -7.921 -9.029 -8.930 -9.911 -10.048 -10.510 -11.039 -11.672 -12.062 -12.688 -13.025 -13.092
8.900 0.383 3.128 -1.800 -4.747 -7.021 -7.902 -9.010 -8.910 -9.892 -10.028 -10.491 -11.020 -11.652 -12.043 -12.668 -13.006 -13.073
9.000 0.402 3.148 -1.780 -4.727 -7.001 -7.882 -8.990 -8.891 -9.872 -10.008 -10.471 -11.000 -11.633 -12.023 -12.649 -12.986 -13.053
9.100 0.422 3.168 -1.760 -4.707 -6.981 -7.862 -8.970 -8.871 -9.852 -9.988 -10.451 -10.980 -11.613 -12.003 -12.629 -12.966 -13.033
9.200 0.443 3.188 -1.740 -4.687 -6.961 -7.842 -8.950 -8.850 -9.832 -9.968 -10.431 -10.960 -11.593 -11.983 -12.608 -12.946 -13.013
9.300 0.463 3.209 -1.719 -4.667 -6.940 -7.821 -8.929 -8.830 -9.812 -9.948 -10.410 -10.940 -11.572 -11.962 -12.588 -12.926 -12.993
9.400 0.484 3.229 -1.699 -4.646 -6.920 -7.801 -8.909 -8.809 -9.791 -9.927 -10.390 -10.919 -11.552 -11.942 -12.567 -12.905 -12.972
9.500 0.504 3.250 -1.678 -4.625 -6.899 -7.780 -8.888 -8.789 -9.770 -9.906 -10.369 -10.898 -11.531 -11.921 -12.547 -12.884 -12.951
9.600 0.525 3.271 -1.657 -4.604 -6.878 -7.759 -8.867 -8.768 -9.749 -9.885 -10.348 -10.877 -11.510 -11.900 -12.525 -12.863 -12.930
9.700 0.547 3.292 -1.636 -4.583 -6.857 -7.738 -8.846 -8.746 -9.728 -9.864 -10.327 -10.856 -11.488 -11.879 -12.504 -12.842 -12.909
9.800 0.568 3.314 -1.614 -4.562 -6.835 -7.716 -8.824 -8.725 -9.707 -9.843 -10.305 -10.835 -11.467 -11.857 -12.483 -12.820 -12.887
9.900 0.590 3.335 -1.593 -4.540 -6.814 -7.695 -8.803 -8.703 -9.685 -9.821 -10.284 -10.813 -11.445 -11.836 -12.461 -12.799 -12.866
10.000 0.611 3.357 -1.571 -4.518 -6.792 -7.673 -8.781 -8.682 -9.663 -9.799 -10.262 -10.791 -11.424 -11.814 -12.440 -12.777 -12.844
10.100 0.633 3.379 -1.549 -4.496 -6.770 -7.651 -8.759 -8.660 -9.641 -9.778 -10.240 -10.769 -11.402 -11.792 -12.418 -12.755 -12.822
10.200 0.655 3.401 -1.527 -4.475 -6.748 -7.629 -8.737 -8.638 -9.619 -9.756 -10.218 -10.747 -11.380 -11.770 -12.396 -12.733 -12.800
10.300 0.677 3.423 -1.505 -4.452 -6.726 -7.607 -8.715 -8.616 -9.597 -9.733 -10.196 -10.725 -11.358 -11.748 -12.374 -12.711 -12.778
10.400 0.699 3.445 -1.483 -4.430 -6.704 -7.585 -8.693 -8.594 -9.575 -9.711 -10.174 -10.703 -11.336 -11.726 -12.351 -12.689 -12.756
10.500 0.722 3.467 -1.461 -4.408 -6.682 -7.563 -8.671 -8.571 -9.553 -9.689 -10.152 -10.681 -11.313 -11.704 -12.329 -12.667 -12.734
10.600 0.744 3.490 -1.438 -4.386 -6.659 -7.540 -8.648 -8.549 -9.530 -9.667 -10.129 -10.659 -11.291 -11.681 -12.307 -12.644 -12.711
10.700 0.767 3.512 -1.416 -4.363 -6.637 -7.518 -8.626 -8.526 -9.508 -9.644 -10.107 -10.636 -11.268 -11.659 -12.284 -12.622 -12.689
10.800 0.789 3.535 -1.393 -4.341 -6.614 -7.495 -8.603 -8.504 -9.486 -9.622 -10.084 -10.614 -11.246 -11.636 -12.262 -12.599 -12.666
10.900 0.812 3.557 -1.371 -4.318 -6.592 -7.473 -8.581 -8.481 -9.463 -9.599 -10.062 -10.591 -11.223 -11.614 -12.239 -12.577 -12.644
11.000 0.834 3.580 -1.348 -4.296 -6.569 -7.450 -8.558 -8.459 -9.440 -9.577 -10.039 -10.568 -11.201 -11.591 -12.217 -12.554 -12.621
11.100 0.857 3.602 -1.326 -4.273 -6.547 -7.428 -8.535 -8.436 -9.418 -9.554 -10.016 -10.546 -11.178 -11.569 -12.194 -12.532 -12.599
11.200 0.880 3.625 -1.303 -4.250 -6.524 -7.405 -8.513 -8.413 -9.395 -9.531 -9.994 -10.523 -11.156 -11.546 -12.171 -12.509 -12.576
11.300 0.902 3.648 -1.280 -4.228 -6.501 -7.382 -8.490 -8.391 -9.372 -9.509 -9.971 -10.501 -11.133 -11.523 -12.149 -12.486 -12.553
11.400 0.925 3.670 -1.258 -4.205 -6.479 -7.360 -8.467 -8.368 -9.350 -9.486 -9.948 -10.478 -11.110 -11.501 -12.126 -12.464 -12.531
11.500 0.947 3.693 -1.235 -4.182 -6.456 -7.337 -8.445 -8.346 -9.327 -9.463 -9.926 -10.455 -11.088 -11.478 -12.104 -12.441 -12.508
11.600 0.970 3.716 -1.212 -4.160 -6.433 -7.314 -8.422 -8.323 -9.305 -9.441 -9.903 -10.433 -11.065 -11.455 -12.081 -12.418 -12.485
11.700 0.993 3.738 -1.190 -4.137 -6.411 -7.292 -8.400 -8.300 -9.282 -9.418 -9.881 -10.410 -11.042 -11.433 -12.058 -12.396 -12.463
11.800 1.015 3.761 -1.167 -4.115 -6.388 -7.269 -8.377 -8.278 -9.259 -9.396 -9.858 -10.388 -11.020 -11.410 -12.036 -12.373 -12.440
11.900 1.038 3.783 -1.145 -4.092 -6.366 -7.247 -8.355 -8.255 -9.237 -9.373 -9.836 -10.365 -10.997 -11.388 -12.013 -12.351 -12.418
12.000 1.060 3.806 -1.122 -4.070 -6.343 -7.224 -8.332 -8.233 -9.215 -9.351 -9.813 -10.343 -10.975 -11.365 -11.991 -12.329 -12.396
12.100 1.082 3.828 -1.100 -4.047 -6.321 -7.202 -8.310 -8.211 -9.192 -9.329 -9.791 -10.320 -10.953 -11.343 -11.969 -12.306 -12.373
12.200 1.104 3.850 -1.078 -4.025 -6.299 -7.180 -8.288 -8.189 -9.170 -9.306 -9.769 -10.298 -10.931 -11.321 -11.947 -12.284 -12.351
12.300 1.127 3.872 -1.056 -4.003 -6.277 -7.158 -8.266 -8.166 -9.148 -9.284 -9.747 -10.276 -10.909 -11.299 -11.924 -12.262 -12.329
12.400 1.149 3.894 -1.034 -3.981 -6.255 -7.136 -8.244 -8.144 -9.126 -9.262 -9.725 -10.254 -10.887 -11.277 -11.902 -12.240 -12.307
12.500 1.170 3.916 -1.012 -3.959 -6.233 -7.114 -8.222 -8.123 -9.104 -9.240 -9.703 -10.232 -10.865 -11.255 -11.881 -12.218 -12.285
12.600 1.192 3.938 -0.990 -3.938 -6.211 -7.092 -8.200 -8.101 -9.082 -9.219 -9.681 -10.211 -10.843 -11.233 -11.859 -12.196 -12.263
12.700 1.214 3.959 -0.969 -3.916 -6.190 -7.071 -8.178 -8.079 -9.061 -9.197 -9.659 -10.189 -10.821 -11.212 -11.837 -12.175 -12.242
12.800 1.235 3.981 -0.947 -3.894 -6.168 -7.049 -8.157 -8.058 -9.039 -9.176 -9.638 -10.167 -10.800 -11.190 -11.816 -12.153 -12.220
12.900 1.257 4.002 -0.926 -3.873 -6.147 -7.028 -8.136 -8.036 -9.018 -9.154 -9.617 -10.146 -10.779 -11.169 -11.794 -12.132 -12.199
13.000 1.278 4.023 -0.905 -3.852 -6.126 -7.007 -8.114 -8.015 -8.997 -9.133 -9.595 -10.125 -10.757 -11.148 -11.773 -12.111 -12.178
13.100 1.299 4.044 -0.884 -3.831 -6.105 -6.986 -8.093 -7.994 -8.976 -9.112 -9.574 -10.104 -10.736 -11.127 -11.752 -12.090 -12.157
13.200 1.320 4.065 -0.863 -3.810 -6.084 -6.965 -8.073 -7.973 -8.955 -9.091 -9.554 -10.083 -10.715 -11.106 -11.731 -12.069 -12.136
13.300 1.340 4.086 -0.842 -3.790 -6.063 -6.944 -8.052 -7.953 -8.934 -9.071 -9.533 -10.062 -10.695 -11.085 -11.711 -12.048 -12.115
13.400 1.361 4.106 -0.822 -3.769 -6.043 -6.924 -8.032 -7.932 -8.914 -9.050 -9.513 -10.042 -10.674 -11.065 -11.690 -12.028 -12.095
13.500 1.381 4.127 -0.801 -3.749 -6.022 -6.903 -8.011 -7.912 -8.894 -9.030 -9.492 -10.022 -10.654 -11.044 -11.670 -12.007 -12.075
13.600 1.401 4.147 -0.781 -3.729 -6.002 -6.883 -7.991 -7.892 -8.874 -9.010 -9.472 -10.002 -10.634 -11.024 -11.650 -11.987 -12.054
13.700 1.421 4.167 -0.761 -3.709 -5.982 -6.863 -7.971 -7.872 -8.854 -8.990 -9.452 -9.982 -10.614 -11.004 -11.630 -11.967 -12.034
13.800 1.441 4.186 -0.742 -3.689 -5.963 -6.844 -7.952 -7.852 -8.834 -8.970 -9.433 -9.962 -10.594 -10.985 -11.610 -11.948 -12.015
13.900 1.460 4.206 -0.722 -3.670 -5.943 -6.824 -7.932 -7.833 -8.814 -8.951 -9.413 -9.942 -10.575 -10.965 -11.591 -11.928 -11.995
14.000 1.480 4.225 -0.703 -3.650 -5.924 -6.805 -7.913 -7.813 -8.795 -8.931 -9.394 -9.923 -10.556 -10.946 -11.571 -11.909 -11.976
14.100 1.499 4.244 -0.684 -3.631 -5.905 -6.786 -7.894 -7.794 -8.776 -8.912 -9.375 -9.904 -10.536 -10.927 -11.552 -11.890 -11.957
14.200 1.517 4.263 -0.665 -3.612 -5.886 -6.767 -7.875 -7.776 -8.757 -8.893 -9.356 -9.885 -10.518 -10.908 -11.533 -11.871 -11.938
14.300 1.536 4.282 -0.646 -3.594 -5.867 -6.748 -7.856 -7.757 -8.739 -8.875 -9.337 -9.867 -10.499 -10.889 -11.515 -11.852 -11.919
14.400 1.555 4.300 -0.628 -3.575 -5.849 -6.730 -7.838 -7.738 -8.720 -8.856 -9.319 -9.848 -10.481 -10.871 -11.496 -11.834 -11.901
14.500 1.573 4.318 -0.610 -3.557 -5.831 -6.712 -7.819 -7.720 -8.702 -8.838 -9.300 -9.830 -10.462 -10.853 -11.478 -11.816 -11.883
14.600 1.591 4.336 -0.592 -3.539 -5.813 -6.694 -7.801 -7.702 -8.684 -8.820 -9.282 -9.812 -10.444 -10.835 -11.460 -11.798 -11.865
14.700 1.609 4.354 -0.574 -3.521 -5.795 -6.676 -7.784 -7.684 -8.666 -8.802 -9.265 -9.794 -10.427 -10.817 -11.442 -11.780 -11.847
14.800 1.626 4.372 -0.556 -3.504 -5.777 -6.658 -7.766 -7.667 -8.649 -8.785 -9.247 -9.777 -10.409 -10.799 -11.425 -11.762 -11.829
14.900 1.643 4.389 -0.539 -3.486 -5.760 -6.641 -7.749 -7.650 -8.631 -8.767 -9.230 -9.759 -10.392 -10.782 -11.407 -11.745 -11.812
15.000 1.661 4.406 -0.522 -3.469 -5.743 -6.624 -7.732 -7.632 -8.614 -8.750 -9.213 -9.742 -10.375 -10.765 -11.390 -11.728 -11.795
