# day W2 M2 W1 u B g V c r w o i z y J H K
0.000 -11.067 -10.859 -10.654 -9.789 -9.419 -9.240 -8.926 -9.051 -8.668 -8.854 -8.527 -8.244 -7.928 -7.684 -7.190 -6.553 -5.965
0.100 -15.838 -15.766 -15.643 -15.150 -14.902 -14.776 -14.556 -14.640 -14.366 -14.486 -14.259 -14.044 -13.793 -13.594 -13.184 -12.627 -12.098
0.200 -15.722 -15.777 -15.742 -15.555 -15.398 -15.311 -15.153 -15.211 -15.008 -15.090 -14.925 -14.752 -14.543 -14.373 -14.014 -13.507 -13.013
0.300 -15.245 -15.421 -15.492 -15.607 -15.542 -15.493 -15.396 -15.430 -15.294 -15.341 -15.233 -15.098 -14.926 -14.780 -14.466 -14.001 -13.536
0.400 -14.624 -14.913 -15.103 -15.513 -15.544 -15.534 -15.497 -15.508 -15.436 -15.453 -15.397 -15.297 -15.160 -15.037 -14.764 -14.336 -13.898
0.500 -13.935 -14.321 -14.642 -15.335 -15.464 -15.494 -15.516 -15.506 -15.496 -15.487 -15.479 -15.414 -15.310 -15.209 -14.974 -14.581 -14.168
0.600 -13.213 -13.679 -14.140 -15.104 -15.332 -15.402 -15.482 -15.452 -15.503 -15.471 -15.508 -15.476 -15.404 -15.324 -15.127 -14.768 -14.377
0.700 -12.480 -13.006 -13.615 -14.834 -15.160 -15.271 -15.407 -15.360 -15.470 -15.418 -15.498 -15.498 -15.458 -15.399 -15.238 -14.911 -14.543
0.800 -11.749 -12.312 -13.075 -14.531 -14.956 -15.107 -15.300 -15.237 -15.404 -15.335 -15.454 -15.485 -15.478 -15.439 -15.315 -15.021 -14.675
0.900 -11.028 -11.602 -12.524 -14.199 -14.722 -14.913 -15.162 -15.084 -15.307 -15.226 -15.381 -15.444 -15.468 -15.451 -15.363 -15.102 -14.779
1.000 -10.317 -10.878 -11.960 -13.837 -14.459 -14.691 -14.994 -14.904 -15.181 -15.091 -15.280 -15.374 -15.431 -15.436 -15.386 -15.159 -14.859
1.100 -9.611 -10.133 -11.381 -13.444 -14.165 -14.438 -14.796 -14.695 -15.026 -14.930 -15.151 -15.277 -15.369 -15.396 -15.386 -15.193 -14.918
1.200 -8.906 -9.364 -10.783 -13.017 -13.839 -14.154 -14.568 -14.457 -14.842 -14.744 -14.994 -15.152 -15.280 -15.331 -15.362 -15.206 -14.957
1.300 -8.195 -8.562 -10.162 -12.554 -13.480 -13.838 -14.309 -14.190 -14.630 -14.533 -14.812 -15.003 -15.169 -15.245 -15.319 -15.200 -14.974
1.400 -7.477 -7.723 -9.519 -12.054 -13.089 -13.492 -14.022 -13.895 -14.392 -14.299 -14.605 -14.831 -15.037 -15.139 -15.259 -15.174 -14.969
1.500 -6.751 -6.844 -8.854 -11.519 -12.666 -13.115 -13.704 -13.573 -14.125 -14.041 -14.373 -14.633 -14.882 -15.012 -15.179 -15.133 -14.951
1.600 -6.026 -5.931 -8.175 -10.952 -12.215 -12.712 -13.360 -13.226 -13.833 -13.763 -14.117 -14.412 -14.704 -14.864 -15.082 -15.077 -14.921
1.700 -5.320 -5.009 -7.502 -10.370 -11.747 -12.291 -12.998 -12.863 -13.522 -13.469 -13.844 -14.172 -14.509 -14.698 -14.969 -15.008 -14.880
1.800 -4.648 -4.104 -6.849 -9.785 -11.273 -11.862 -12.625 -12.490 -13.199 -13.165 -13.557 -13.918 -14.298 -14.517 -14.842 -14.927 -14.829
1.900 -4.035 -3.275 -6.245 -9.223 -10.810 -11.439 -12.252 -12.120 -12.872 -12.860 -13.267 -13.656 -14.078 -14.326 -14.704 -14.836 -14.770
2.000 -3.504 -2.582 -5.715 -8.712 -10.379 -11.041 -11.896 -11.767 -12.555 -12.564 -12.981 -13.395 -13.855 -14.130 -14.559 -14.737 -14.703
2.100 -3.092 -2.063 -5.302 -8.302 -10.033 -10.722 -11.612 -11.486 -12.303 -12.329 -12.754 -13.187 -13.673 -13.967 -14.425 -14.628 -14.608
2.200 -2.759 -1.682 -4.968 -7.964 -9.732 -10.440 -11.353 -11.231 -12.069 -12.110 -12.541 -12.988 -13.498 -13.807 -14.295 -14.522 -14.519
2.300 -2.492 -1.391 -4.701 -7.695 -9.480 -10.197 -11.125 -11.005 -11.857 -11.909 -12.344 -12.802 -13.331 -13.655 -14.170 -14.422 -14.436
2.400 -2.283 -1.156 -4.493 -7.488 -9.279 -10.001 -10.935 -10.816 -11.676 -11.736 -12.173 -12.638 -13.180 -13.515 -14.053 -14.328 -14.358
2.500 -2.169 -0.968 -4.379 -7.382 -9.191 -9.917 -10.854 -10.735 -11.596 -11.655 -12.092 -12.557 -13.097 -13.430 -13.963 -14.233 -14.260
2.600 -2.058 -0.784 -4.269 -7.279 -9.107 -9.837 -10.779 -10.660 -11.523 -11.582 -12.019 -12.483 -13.022 -13.353 -13.883 -14.149 -14.173
2.700 -1.951 -0.602 -4.161 -7.177 -9.025 -9.761 -10.708 -10.589 -11.455 -11.514 -11.952 -12.417 -12.956 -13.286 -13.814 -14.076 -14.098
2.800 -1.850 -0.427 -4.060 -7.079 -8.947 -9.690 -10.643 -10.523 -11.393 -11.453 -11.892 -12.358 -12.897 -13.227 -13.753 -14.014 -14.034
2.900 -1.751 -0.254 -3.961 -6.983 -8.872 -9.621 -10.580 -10.462 -11.335 -11.397 -11.836 -12.304 -12.845 -13.175 -13.701 -13.960 -13.979
3.000 -1.656 -0.084 -3.865 -6.888 -8.799 -9.555 -10.521 -10.403 -11.281 -11.345 -11.786 -12.255 -12.798 -13.129 -13.655 -13.914 -13.932
3.100 -1.563 0.082 -3.771 -6.796 -8.728 -9.491 -10.465 -10.347 -11.230 -11.296 -11.738 -12.211 -12.756 -13.088 -13.616 -13.875 -13.893
3.200 -1.474 0.245 -3.681 -6.705 -8.660 -9.429 -10.411 -10.294 -11.182 -11.251 -11.694 -12.169 -12.717 -13.052 -13.582 -13.842 -13.860
3.300 -1.387 0.405 -3.593 -6.617 -8.593 -9.370 -10.359 -10.243 -11.137 -11.208 -11.653 -12.131 -12.683 -13.019 -13.552 -13.815 -13.833
3.400 -1.303 0.562 -3.507 -6.529 -8.527 -9.311 -10.309 -10.193 -11.093 -11.168 -11.614 -12.094 -12.651 -12.990 -13.526 -13.791 -13.811
3.500 -1.220 0.717 -3.423 -6.443 -8.462 -9.254 -10.259 -10.145 -11.051 -11.129 -11.576 -12.060 -12.621 -12.963 -13.504 -13.771 -13.793
3.600 -1.140 0.869 -3.341 -6.357 -8.398 -9.197 -10.211 -10.097 -11.009 -11.092 -11.540 -12.027 -12.593 -12.938 -13.484 -13.755 -13.779
3.700 -1.061 1.018 -3.260 -6.273 -8.335 -9.142 -10.164 -10.051 -10.969 -11.056 -11.506 -11.996 -12.567 -12.915 -13.466 -13.741 -13.767
3.800 -0.984 1.163 -3.182 -6.191 -8.274 -9.088 -10.118 -10.006 -10.930 -11.021 -11.472 -11.966 -12.542 -12.893 -13.450 -13.730 -13.759
3.900 -0.908 1.307 -3.105 -6.108 -8.213 -9.034 -10.072 -9.962 -10.892 -10.987 -11.439 -11.937 -12.518 -12.873 -13.436 -13.720 -13.752
4.000 -0.834 1.449 -3.028 -6.027 -8.152 -8.980 -10.027 -9.918 -10.854 -10.953 -11.407 -11.908 -12.495 -12.853 -13.423 -13.712 -13.748
4.100 -0.761 1.587 -2.954 -5.946 -8.092 -8.928 -9.982 -9.874 -10.816 -10.920 -11.375 -11.880 -12.472 -12.835 -13.411 -13.706 -13.745
4.200 -0.688 1.724 -2.879 -5.866 -8.032 -8.875 -9.938 -9.831 -10.779 -10.888 -11.344 -11.852 -12.450 -12.817 -13.400 -13.701 -13.743
4.300 -0.617 1.857 -2.807 -5.787 -7.973 -8.823 -9.894 -9.788 -10.742 -10.856 -11.313 -11.825 -12.429 -12.800 -13.390 -13.697 -13.743
4.400 -0.548 1.988 -2.736 -5.710 -7.915 -8.771 -9.850 -9.746 -10.706 -10.824 -11.282 -11.798 -12.408 -12.783 -13.380 -13.693 -13.744
4.500 -0.479 2.116 -2.665 -5.632 -7.856 -8.720 -9.807 -9.704 -10.670 -10.793 -11.252 -11.772 -12.388 -12.767 -13.371 -13.691 -13.746
4.600 -0.410 2.243 -2.595 -5.555 -7.798 -8.668 -9.763 -9.661 -10.633 -10.761 -11.222 -11.745 -12.367 -12.750 -13.363 -13.689 -13.748
4.700 -0.342 2.367 -2.526 -5.478 -7.739 -8.616 -9.719 -9.619 -10.597 -10.729 -11.191 -11.718 -12.346 -12.734 -13.354 -13.687 -13.751
4.800 -0.297 2.449 -2.479 -5.427 -7.700 -8.581 -9.689 -9.590 -10.571 -10.708 -11.170 -11.699 -12.332 -12.722 -13.348 -13.685 -13.752
4.900 -0.294 2.452 -2.476 -5.423 -7.697 -8.578 -9.686 -9.586 -10.568 -10.704 -11.167 -11.696 -12.329 -12.719 -13.344 -13.682 -13.749
5.000 -0.291 2.455 -2.473 -5.420 -7.694 -8.575 -9.683 -9.584 -10.565 -10.702 -11.164 -11.693 -12.326 -12.716 -13.342 -13.679 -13.746
5.100 -0.288 2.457 -2.471 -5.418 -7.692 -8.573 -9.681 -9.581 -10.563 -10.699 -11.162 -11.691 -12.324 -12.714 -13.339 -13.677 -13.744
5.200 -0.286 2.459 -2.469 -5.416 -7.690 -8.571 -9.679 -9.579 -10.561 -10.697 -11.160 -11.689 -12.321 -12.712 -13.337 -13.675 -13.742
5.300 -0.284 2.461 -2.467 -5.414 -7.688 -8.569 -9.677 -9.577 -10.559 -10.695 -11.157 -11.687 -12.319 -12.710 -13.335 -13.673 -13.740
5.400 -0.282 2.463 -2.465 -5.412 -7.686 -8.567 -9.675 -9.575 -10.557 -10.693 -11.156 -11.685 -12.318 -12.708 -13.333 -13.671 -13.738
5.500 -0.281 2.465 -2.463 -5.410 -7.684 -8.565 -9.673 -9.574 -10.555 -10.692 -11.154 -11.683 -12.316 -12.706 -13.332 -13.669 -13.736
5.600 -0.279 2.466 -2.462 -5.409 -7.683 -8.564 -9.671 -9.572 -10.554 -10.690 -11.152 -11.682 -12.314 -12.705 -13.330 -13.668 -13.735
5.700 -0.278 2.468 -2.460 -5.407 -7.681 -8.562 -9.670 -9.571 -10.552 -10.688 -11.151 -11.680 -12.313 -12.703 -13.329 -13.666 -13.733
5.800 -0.276 2.469 -2.459 -5.406 -7.680 -8.561 -9.669 -9.569 -10.551 -10.687 -11.150 -11.679 -12.311 -12.702 -13.327 -13.665 -13.732
5.900 -0.275 2.471 -2.457 -5.405 -7.678 -8.559 -9.667 -9.568 -10.550 -10.686 -11.148 -11.678 -12.310 -12.700 -13.326 -13.664 -13.731
6.000 -0.274 2.472 -2.456 -5.403 -7.677 -8.558 -9.666 -9.567 -10.548 -10.685 -11.147 -11.676 -12.309 -12.699 -13.325 -13.662 -13.729
6.100 -0.272 2.473 -2.455 -5.402 -7.676 -8.557 -9.665 -9.565 -10.547 -10.683 -11.146 -11.675 -12.307 -12.698 -13.323 -13.661 -13.728
6.200 -0.271 2.475 -2.453 -5.401 -7.674 -8.555 -9.663 -9.564 -10.546 -10.682 -11.144 -11.674 -12.306 -12.696 -13.322 -13.659 -13.726
6.300 -0.269 2.476 -2.452 -5.399 -7.673 -8.554 -9.662 -9.562 -10.544 -10.680 -11.143 -11.672 -12.304 -12.695 -13.320 -13.658 -13.725
6.400 -0.268 2.478 -2.450 -5.397 -7.671 -8.552 -9.660 -9.561 -10.542 -10.679 -11.141 -11.670 -12.303 -12.693 -13.319 -13.656 -13.723
6.500 -0.266 2.479 -2.449 -5.396 -7.669 -8.550 -9.658 -9.559 -10.541 -10.677 -11.139 -11.669 -12.301 -12.692 -13.317 -13.655 -13.722
6.600 -0.264 2.481 -2.447 -5.394 -7.668 -8.549 -9.656 -9.557 -10.539 -10.675 -11.137 -11.667 -12.299 -12.690 -13.315 -13.653 -13.720
6.700 -0.262 2.483 -2.445 -5.392 -7.666 -8.547 -9.655 -9.555 -10.537 -10.673 -11.136 -11.665 -12.297 -12.688 -13.313 -13.651 -13.718
6.800 -0.260 2.485 -2.443 -5.390 -7.664 -8.545 -9.653 -9.553 -10.535 -10.671 -11.134 -11.663 -12.295 -12.686 -13.311 -13.649 -13.716
6.900 -0.258 2.487 -2.441 -5.388 -7.662 -8.543 -9.651 -9.551 -10.533 -10.669 -11.132 -11.661 -12.293 -12.684 -13.309 -13.647 -13.714
7.000 -0.256 2.489 -2.439 -5.386 -7.660 -8.541 -9.648 -9.549 -10.531 -10.667 -11.129 -11.659 -12.291 -12.682 -13.307 -13.645 -13.712
7.100 -0.254 2.492 -2.436 -5.383 -7.657 -8.538 -9.646 -9.547 -10.528 -10.665 -11.127 -11.656 -12.289 -12.679 -13.305 -13.642 -13.709
7.200 -0.251 2.495 -2.433 -5.381 -7.654 -8.535 -9.643 -9.544 -10.526 -10.662 -11.124 -11.654 -12.286 -12.676 -13.302 -13.640 -13.707
7.300 -0.248 2.497 -2.431 -5.378 -7.652 -8.533 -9.640 -9.541 -10.523 -10.659 -11.121 -11.651 -12.283 -12.674 -13.299 -13.637 -13.704
7.400 -0.245 2.500 -2.428 -5.375 -7.649 -8.530 -9.637 -9.538 -10.520 -10.656 -11.118 -11.648 -12.280 -12.671 -13.296 -13.634 -13.701
7.500 -0.242 2.503 -2.425 -5.372 -7.645 -8.526 -9.634 -9.535 -10.517 -10.653 -11.115 -11.645 -12.277 -12.667 -13.293 -13.631 -13.698
7.600 -0.239 2.507 -2.421 -5.369 -7.642 -8.523 -9.631 -9.532 -10.513 -10.650 -11.112 -11.641 -12.274 -12.664 -13.290 -13.627 -13.694
7.700 -0.235 2.510 -2.417 -5.365 -7.638 -8.519 -9.627 -9.528 -10.510 -10.646 -11.108 -11.638 -12.270 -12.660 -13.286 -13.624 -13.691
7.800 -0.231 2.514 -2.414 -5.361 -7.635 -8.516 -9.624 -9.524 -10.506 -10.642 -11.105 -11.634 -12.266 -12.657 -13.282 -13.620 -13.687
7.900 -0.227 2.518 -2.410 -5.357 -7.631 -8.512 -9.620 -9.520 -10.502 -10.638 -11.101 -11.630 -12.263 -12.653 -13.278 -13.616 -13.683
8.000 -0.223 2.522 -2.406 -5.353 -7.627 -8.508 -9.616 -9.516 -10.498 -10.634 -11.097 -11.626 -12.259 -12.649 -13.274 -13.612 -13.679
8.100 -0.219 2.526 -2.402 -5.349 -7.623 -8.504 -9.611 -9.512 -10.494 -10.630 -11.092 -11.622 -12.254 -12.645 -13.270 -13.608 -13.675
8.200 -0.215 2.531 -2.397 -5.344 -7.618 -8.499 -9.607 -9.508 -10.489 -10.625 -11.088 -11.617 -12.250 -12.640 -13.266 -13.603 -13.670
8.300 -0.210 2.536 -2.392 -5.340 -7.613 -8.494 -9.602 -9.503 -10.484 -10.621 -11.083 -11.612 -12.245 -12.635 -13.261 -13.598 -13.665
8.400 -0.205 2.541 -2.387 -5.335 -7.608 -8.489 -9.597 -9.498 -10.479 -10.616 -11.078 -11.607 -12.240 -12.630 -13.256 -13.593 -13.660
8.500 -0.200 2.546 -2.382 -5.329 -7.603 -8.484 -9.592 -9.493 -10.474 -10.610 -11.073 -11.602 -12.235 -12.625 -13.250 -13.588 -13.655
8.600 -0.194 2.552 -2.376 -5.324 -7.597 -8.478 -9.586 -9.487 -10.469 -10.605 -11.067 -11.597 -12.229 -12.619 -13.245 -13.583 -13.650
8.700 -0.188 2.557 -2.371 -5.318 -7.592 -8.473 -9.581 -9.481 -10.463 -10.599 -11.062 -11.591 -12.223 -12.614 -13.239 -13.577 -13.644
8.800 -0.183 2.563 -2.365 -5.312 -7.586 -8.467 -9.575 -9.475 -10.457 -10.593 -11.056 -11.585 -12.218 -12.608 -13.233 -13.571 -13.638
8.900 -0.176 2.569 -2.359 -5.306 -7.580 -8.461 -9.569 -9.469 -10.451 -10.587 -11.050 -11.579 -12.211 -12.602 -13.227 -13.565 -13.632
9.000 -0.170 2.576 -2.352 -5.300 -7.573 -8.454 -9.562 -9.463 -10.445 -10.581 -11.043 -11.573 -12.205 -12.595 -13.221 -13.558 -13.625
9.100 -0.163 2.582 -2.346 -5.293 -7.567 -8.448 -9.556 -9.456 -10.438 -10.574 -11.037 -11.566 -12.198 -12.589 -13.214 -13.552 -13.619
9.200 -0.157 2.589 -2.339 -5.286 -7.560 -8.441 -9.549 -9.450 -10.431 -10.567 -11.030 -11.559 -12.192 -12.582 -13.208 -13.545 -13.612
9.300 -0.150 2.596 -2.332 -5.279 -7.553 -8.434 -9.542 -9.443 -10.424 -10.561 -11.023 -11.552 -12.185 -12.575 -13.201 -13.538 -13.605
9.400 -0.142 2.603 -2.325 -5.272 -7.546 -8.427 -9.535 -9.435 -10.417 -10.553 -11.016 -11.545 -12.178 -12.568 -13.193 -13.531 -13.598
9.500 -0.135 2.611 -2.317 -5.265 -7.538 -8.419 -9.527 -9.428 -10.410 -10.546 -11.008 -11.538 -12.170 -12.560 -13.186 -13.524 -13.591
9.600 -0.127 2.618 -2.310 -5.257 -7.531 -8.412 -9.520 -9.420 -10.402 -10.538 -11.001 -11.530 -12.162 -12.553 -13.178 -13.516 -13.583
9.700 -0.119 2.626 -2.302 -5.249 -7.523 -8.404 -9.512 -9.412 -10.394 -10.530 -10.993 -11.522 -12.155 -12.545 -13.170 -13.508 -13.575
9.800 -0.111 2.634 -2.294 -5.241 -7.515 -8.396 -9.504 -9.404 -10.386 -10.522 -10.985 -11.514 -12.146 -12.537 -13.162 -13.500 -13.567
9.900 -0.103 2.643 -2.285 -5.233 -7.506 -8.387 -9.495 -9.396 -10.378 -10.514 -10.976 -11.506 -12.138 -12.528 -13.154 -13.491 -13.558
10.000 -0.094 2.651 -2.277 -5.224 -7.498 -8.379 -9.487 -9.387 -10.369 -10.505 -10.968 -11.497 -12.129 -12.520 -13.145 -13.483 -13.550
10.100 -0.086 2.660 -2.268 -5.215 -7.489 -8.370 -9.478 -9.379 -10.360 -10.496 -10.959 -11.488 -12.121 -12.511 -13.136 -13.474 -13.541
10.200 -0.077 2.669 -2.259 -5.206 -7.480 -8.361 -9.469 -9.370 -10.351 -10.487 -10.950 -11.479 -12.112 -12.502 -13.127 -13.465 -13.532
10.300 -0.067 2.678 -2.250 -5.197 -7.471 -8.352 -9.460 -9.360 -10.342 -10.478 -10.941 -11.470 -12.102 -12.493 -13.118 -13.456 -13.523
10.400 -0.058 2.688 -2.240 -5.188 -7.461 -8.342 -9.450 -9.351 -10.332 -10.469 -10.931 -11.460 -12.093 -12.483 -13.109 -13.446 -13.513
10.500 -0.048 2.697 -2.231 -5.178 -7.452 -8.333 -9.440 -9.341 -10.323 -10.459 -10.921 -11.451 -12.083 -12.474 -13.099 -13.437 -13.504
10.600 -0.038 2.707 -2.221 -5.168 -7.442 -8.323 -9.431 -9.331 -10.313 -10.449 -10.912 -11.441 -12.073 -12.464 -13.089 -13.427 -13.494
10.700 -0.028 2.717 -2.211 -5.158 -7.432 -8.313 -9.421 -9.321 -10.303 -10.439 -10.902 -11.431 -12.063 -12.454 -13.079 -13.417 -13.484
10.800 -0.018 2.728 -2.200 -5.148 -7.421 -8.302 -9.410 -9.311 -10.293 -10.429 -10.891 -11.421 -12.053 -12.443 -13.069 -13.407 -13.474
10.900 -0.008 2.738 -2.190 -5.137 -7.411 -8.292 -9.400 -9.301 -10.282 -10.418 -10.881 -11.410 -12.043 -12.433 -13.059 -13.396 -13.463
11.000 0.003 2.749 -2.179 -5.127 -7.400 -8.281 -9.389 -9.290 -10.272 -10.408 -10.870 -11.400 -12.032 -12.422 -13.048 -13.385 -13.452
11.100 0.014 2.759 -2.168 -5.116 -7.389 -8.270 -9.378 -9.279 -10.261 -10.397 -10.859 -11.389 -12.021 -12.411 -13.037 -13.375 -13.442
11.200 0.025 2.771 -2.157 -5.105 -7.378 -8.259 -9.367 -9.268 -10.250 -10.386 -10.848 -11.378 -12.010 -12.400 -13.026 -13.364 -13.431
11.300 0.036 2.782 -2.146 -5.094 -7.367 -8.248 -9.356 -9.257 -10.238 -10.375 -10.837 -11.366 -11.999 -12.389 -13.015 -13.352 -13.419
11.400 0.048 2.793 -2.135 -5.082 -7.356 -8.237 -9.345 -9.245 -10.227 -10.363 -10.826 -11.355 -11.987 -12.378 -13.003 -13.341 -13.408
11.500 0.059 2.805 -2.123 -5.070 -7.344 -8.225 -9.333 -9.234 -10.215 -10.351 -10.814 -11.343 -11.976 -12.366 -12.992 -13.329 -13.396
11.600 0.071 2.817 -2.111 -5.059 -7.332 -8.213 -9.321 -9.222 -10.203 -10.340 -10.802 -11.331 -11.964 -12.354 -12.980 -13.317 -13.384
11.700 0.083 2.829 -2.099 -5.047 -7.320 -8.201 -9.309 -9.210 -10.191 -10.328 -10.790 -11.320 -11.952 -12.342 -12.968 -13.305 -13.372
11.800 0.095 2.841 -2.087 -5.034 -7.308 -8.189 -9.297 -9.198 -10.179 -10.316 -10.778 -11.307 -11.940 -12.330 -12.956 -13.293 -13.360
11.900 0.108 2.853 -2.075 -5.022 -7.296 -8.177 -9.285 -9.185 -10.167 -10.303 -10.766 -11.295 -11.927 -12.318 -12.943 -13.281 -13.348
12.000 0.120 2.866 -2.062 -5.010 -7.283 -8.164 -9.272 -9.173 -10.154 -10.291 -10.753 -11.282 -11.915 -12.305 -12.931 -13.268 -13.335
12.100 0.133 2.879 -2.049 -4.997 -7.270 -8.151 -9.259 -9.160 -10.142 -10.278 -10.740 -11.270 -11.902 -12.292 -12.918 -13.256 -13.323
12.200 0.146 2.891 -2.037 -4.984 -7.258 -8.139 -9.246 -9.147 -10.129 -10.265 -10.727 -11.257 -11.889 -12.280 -12.905 -13.243 -13.310
12.300 0.159 2.904 -2.024 -4.971 -7.245 -8.126 -9.233 -9.134 -10.116 -10.252 -10.714 -11.244 -11.876 -12.267 -12.892 -13.230 -13.297
12.400 0.172 2.918 -2.010 -4.958 -7.231 -8.112 -9.220 -9.121 -10.103 -10.239 -10.701 -11.231 -11.863 -12.253 -12.879 -13.217 -13.284
12.500 0.185 2.931 -1.997 -4.945 -7.218 -8.099 -9.207 -9.108 -10.089 -10.226 -10.688 -11.217 -11.850 -12.240 -12.866 -13.203 -13.270
12.600 0.199 2.944 -1.984 -4.931 -7.205 -8.086 -9.194 -9.094 -10.076 -10.212 -10.675 -11.204 -11.836 -12.227 -12.852 -13.190 -13.257
12.700 0.212 2.958 -1.970 -4.917 -7.191 -8.072 -9.180 -9.081 -10.062 -10.199 -10.661 -11.190 -11.823 -12.213 -12.839 -13.176 -13.243
12.800 0.226 2.972 -1.956 -4.904 -7.177 -8.058 -9.166 -9.067 -10.049 -10.185 -10.647 -11.177 -11.809 -12.199 -12.825 -13.162 -13.229
12.900 0.240 2.986 -1.942 -4.890 -7.163 -8.044 -9.152 -9.053 -10.035 -10.171 -10.633 -11.163 -11.795 -12.185 -12.811 -13.149 -13.216
13.000 0.254 3.000 -1.928 -4.876 -7.149 -8.030 -9.138 -9.039 -10.021 -10.157 -10.619 -11.149 -11.781 -12.171 -12.797 -13.135 -13.202
13.100 0.268 3.014 -1.914 -4.862 -7.135 -8.016 -9.124 -9.025 -10.006 -10.143 -10.605 -11.135 -11.767 -12.157 -12.783 -13.120 -13.187
13.200 0.282 3.028 -1.900 -4.847 -7.121 -8.002 -9.110 -9.011 -9.992 -10.128 -10.591 -11.120 -11.753 -12.143 -12.768 -13.106 -13.173
13.300 0.297 3.042 -1.886 -4.833 -7.106 -7.987 -9.095 -8.996 -9.978 -10.114 -10.576 -11.106 -11.738 -12.128 -12.754 -13.092 -13.159
13.400 0.311 3.057 -1.871 -4.818 -7.092 -7.973 -9.081 -8.982 -9.963 -10.099 -10.562 -11.091 -11.724 -12.114 -12.739 -13.077 -13.144
13.500 0.326 3.072 -1.856 -4.804 -7.077 -7.958 -9.066 -8.967 -9.949 -10.085 -10.547 -11.077 -11.709 -12.099 -12.725 -13.062 -13.129
13.600 0.341 3.086 -1.841 -4.789 -7.062 -7.943 -9.051 -8.952 -9.934 -10.070 -10.532 -11.062 -11.694 -12.084 -12.710 -13.048 -13.115
13.700 0.356 3.101 -1.827 -4.774 -7.048 -7.929 -9.037 -8.937 -9.919 -10.055 -10.518 -11.047 -11.679 -12.070 -12.695 -13.033 -13.100
13.800 0.371 3.116 -1.812 -4.759 -7.033 -7.914 -9.022 -8.922 -9.904 -10.040 -10.503 -11.032 -11.664 -12.055 -12.680 -13.018 -13.085
13.900 0.386 3.131 -1.797 -4.744 -7.018 -7.899 -9.006 -8.907 -9.889 -10.025 -10.487 -11.017 -11.649 -12.040 -12.665 -13.003 -13.070
14.000 0.401 3.147 -1.781 -4.729 -7.002 -7.883 -8.991 -8.892 -9.874 -10.010 -10.472 -11.002 -11.634 -12.024 -12.650 -12.988 -13.055
14.100 0.416 3.162 -1.766 -4.713 -6.987 -7.868 -8.976 -8.877 -9.858 -9.995 -10.457 -10.986 -11.619 -12.009 -12.635 -12.972 -13.039
14.200 0.432 3.177 -1.751 -4.698 -6.972 -7.853 -8.961 -8.861 -9.843 -9.979 -10.442 -10.971 -11.603 -11.994 -12.619 -12.957 -13.024
14.300 0.447 3.193 -1.735 -4.683 -6.956 -7.837 -8.945 -8.846 -9.828 -9.964 -10.426 -10.956 -11.588 -11.978 -12.604 -12.941 -13.009
14.400 0.462 3.208 -1.720 -4.667 -6.941 -7.822 -8.930 -8.830 -9.812 -9.948 -10.411 -10.940 -11.573 -11.963 -12.588 -12.926 -12.993
14.500 0.478 3.224 -1.704 -4.652 -6.925 -7.806 -8.914 -8.815 -9.797 -9.933 -10.395 -10.925 -11.557 -11.947 -12.573 -12.910 -12.977
14.600 0.494 3.239 -1.689 -4.636 -6.910 -7.791 -8.899 -8.799 -9.781 -9.917 -10.380 -10.909 -11.541 -11.932 -12.557 -12.895 -12.962
14.700 0.509 3.255 -1.673 -4.620 -6.894 -7.775 -8.883 -8.784 -9.765 -9.901 -10.364 -10.893 -11.526 -11.916 -12.542 -12.879 -12.946
14.800 0.525 3.271 -1.657 -4.605 -6.878 -7.759 -8.867 -8.768 -9.750 -9.886 -10.348 -10.878 -11.510 -11.900 -12.526 -12.863 -12.930
14.900 0.541 3.286 -1.641 -4.589 -6.862 -7.743 -8.851 -8.752 -9.734 -9.870 -10.332 -10.862 -11.494 -11.884 -12.510 -12.848 -12.915
15.000 0.557 3.302 -1.626 -4.573 -6.847 -7.728 -8.835 -8.736 -9.718 -9.854 -10.316 -10.846 -11.478 -11.869 -12.494 -12.832 -12.899
