# day W2 M2 W1 u B g V c r w o i z y J H K
0.000 -10.786 -10.580 -10.376 -9.514 -9.146 -8.967 -8.654 -8.779 -8.397 -8.582 -8.255 -7.973 -7.657 -7.414 -6.921 -6.285 -5.697
0.100 -15.304 -15.276 -15.183 -14.803 -14.587 -14.476 -14.277 -14.352 -14.102 -14.208 -14.003 -13.801 -13.562 -13.371 -12.974 -12.429 -11.908
0.200 -14.925 -15.061 -15.096 -15.115 -15.019 -14.957 -14.838 -14.880 -14.719 -14.778 -14.648 -14.497 -14.307 -14.149 -13.810 -13.320 -12.837
0.300 -14.200 -14.486 -14.674 -15.076 -15.101 -15.087 -15.043 -15.057 -14.976 -14.996 -14.933 -14.826 -14.680 -14.550 -14.262 -13.818 -13.367
0.400 -13.389 -13.800 -14.155 -14.907 -15.049 -15.083 -15.110 -15.098 -15.092 -15.080 -15.075 -15.009 -14.902 -14.798 -14.556 -14.153 -13.731
0.500 -12.609 -13.107 -13.625 -14.677 -14.930 -15.009 -15.101 -15.068 -15.130 -15.092 -15.137 -15.109 -15.040 -14.960 -14.761 -14.396 -14.000
0.600 -11.930 -12.475 -13.135 -14.426 -14.777 -14.897 -15.047 -14.996 -15.118 -15.062 -15.150 -15.156 -15.121 -15.065 -14.906 -14.578 -14.207
0.700 -11.365 -11.928 -12.700 -14.172 -14.607 -14.763 -14.963 -14.899 -15.074 -15.004 -15.128 -15.165 -15.163 -15.129 -15.009 -14.716 -14.369
0.800 -10.876 -11.445 -12.309 -13.921 -14.427 -14.614 -14.859 -14.783 -15.005 -14.926 -15.080 -15.145 -15.174 -15.160 -15.078 -14.819 -14.497
0.900 -10.416 -10.984 -11.937 -13.669 -14.239 -14.453 -14.738 -14.653 -14.915 -14.830 -15.010 -15.101 -15.159 -15.165 -15.119 -14.895 -14.596
1.000 -9.950 -10.511 -11.559 -13.409 -14.040 -14.280 -14.601 -14.508 -14.808 -14.719 -14.922 -15.036 -15.121 -15.146 -15.136 -14.946 -14.672
1.100 -9.456 -9.998 -11.155 -13.130 -13.824 -14.091 -14.447 -14.347 -14.683 -14.592 -14.815 -14.952 -15.063 -15.107 -15.132 -14.975 -14.726
1.200 -8.927 -9.434 -10.717 -12.824 -13.587 -13.882 -14.275 -14.169 -14.540 -14.448 -14.692 -14.850 -14.987 -15.049 -15.109 -14.986 -14.762
1.300 -8.362 -8.814 -10.241 -12.484 -13.325 -13.651 -14.084 -13.971 -14.380 -14.288 -14.552 -14.733 -14.896 -14.975 -15.069 -14.979 -14.780
1.400 -7.768 -8.140 -9.729 -12.111 -13.038 -13.398 -13.876 -13.757 -14.207 -14.116 -14.401 -14.606 -14.796 -14.894 -15.018 -14.955 -14.773
1.500 -7.153 -7.416 -9.189 -11.705 -12.725 -13.122 -13.647 -13.522 -14.016 -13.928 -14.234 -14.464 -14.683 -14.799 -14.956 -14.919 -14.755
1.600 -6.535 -6.657 -8.631 -11.272 -12.390 -12.828 -13.402 -13.273 -13.813 -13.730 -14.056 -14.313 -14.562 -14.697 -14.885 -14.871 -14.721
1.700 -5.940 -5.900 -8.081 -10.828 -12.046 -12.524 -13.149 -13.016 -13.601 -13.527 -13.873 -14.157 -14.438 -14.593 -14.811 -14.817 -14.676
1.800 -5.388 -5.185 -7.558 -10.385 -11.697 -12.214 -12.886 -12.752 -13.380 -13.317 -13.680 -13.990 -14.303 -14.479 -14.730 -14.760 -14.630
1.900 -4.904 -4.565 -7.089 -9.967 -11.360 -11.910 -12.625 -12.490 -13.156 -13.106 -13.484 -13.818 -14.163 -14.359 -14.644 -14.700 -14.585
2.000 -4.502 -4.075 -6.692 -9.596 -11.049 -11.626 -12.376 -12.241 -12.939 -12.903 -13.291 -13.646 -14.020 -14.236 -14.556 -14.639 -14.542
2.100 -4.182 -3.710 -6.374 -9.285 -10.777 -11.372 -12.147 -12.015 -12.737 -12.713 -13.109 -13.482 -13.881 -14.115 -14.467 -14.579 -14.499
2.200 -3.929 -3.432 -6.122 -9.037 -10.548 -11.155 -11.946 -11.815 -12.553 -12.540 -12.942 -13.328 -13.749 -13.998 -14.381 -14.519 -14.458
2.300 -3.726 -3.204 -5.921 -8.841 -10.362 -10.974 -11.775 -11.645 -12.393 -12.388 -12.794 -13.188 -13.626 -13.889 -14.298 -14.462 -14.419
2.400 -3.560 -3.005 -5.758 -8.686 -10.213 -10.828 -11.633 -11.505 -12.258 -12.259 -12.666 -13.066 -13.516 -13.789 -14.220 -14.409 -14.384
2.500 -3.417 -2.820 -5.619 -8.559 -10.094 -10.712 -11.520 -11.391 -12.147 -12.151 -12.559 -12.963 -13.420 -13.701 -14.150 -14.359 -14.351
2.600 -3.311 -2.648 -5.517 -8.472 -10.031 -10.657 -11.472 -11.344 -12.105 -12.109 -12.518 -12.923 -13.380 -13.659 -14.103 -14.306 -14.294
2.700 -3.208 -2.478 -5.417 -8.385 -9.969 -10.602 -11.427 -11.298 -12.065 -12.070 -12.481 -12.888 -13.345 -13.622 -14.064 -14.263 -14.247
2.800 -3.108 -2.311 -5.319 -8.299 -9.908 -10.550 -11.383 -11.254 -12.027 -12.033 -12.446 -12.855 -13.314 -13.592 -14.031 -14.227 -14.208
2.900 -3.010 -2.145 -5.223 -8.213 -9.847 -10.498 -11.340 -11.211 -11.991 -11.999 -12.414 -12.826 -13.286 -13.565 -14.004 -14.198 -14.176
3.000 -2.916 -1.984 -5.130 -8.130 -9.788 -10.447 -11.299 -11.170 -11.957 -11.967 -12.384 -12.799 -13.263 -13.542 -13.982 -14.174 -14.152
3.100 -2.823 -1.823 -5.038 -8.046 -9.729 -10.397 -11.258 -11.130 -11.924 -11.936 -12.355 -12.774 -13.241 -13.522 -13.964 -14.156 -14.132
3.200 -2.733 -1.666 -4.949 -7.964 -9.671 -10.347 -11.218 -11.090 -11.891 -11.907 -12.328 -12.750 -13.221 -13.505 -13.949 -14.141 -14.117
3.300 -2.645 -1.509 -4.860 -7.881 -9.613 -10.298 -11.178 -11.051 -11.859 -11.878 -12.301 -12.727 -13.203 -13.489 -13.936 -14.130 -14.106
3.400 -2.557 -1.353 -4.773 -7.799 -9.554 -10.248 -11.138 -11.011 -11.828 -11.850 -12.275 -12.705 -13.186 -13.475 -13.926 -14.122 -14.099
3.500 -2.472 -1.200 -4.687 -7.717 -9.496 -10.199 -11.099 -10.973 -11.796 -11.822 -12.250 -12.683 -13.169 -13.462 -13.917 -14.116 -14.094
3.600 -2.388 -1.049 -4.603 -7.636 -9.439 -10.150 -11.060 -10.934 -11.766 -11.795 -12.224 -12.662 -13.154 -13.449 -13.910 -14.112 -14.092
3.700 -2.307 -0.901 -4.521 -7.556 -9.383 -10.102 -11.022 -10.897 -11.735 -11.769 -12.200 -12.642 -13.139 -13.438 -13.904 -14.110 -14.091
3.800 -2.227 -0.753 -4.440 -7.476 -9.326 -10.053 -10.983 -10.859 -11.705 -11.743 -12.176 -12.622 -13.125 -13.427 -13.899 -14.109 -14.093
3.900 -2.146 -0.604 -4.358 -7.395 -9.268 -10.004 -10.943 -10.820 -11.674 -11.716 -12.151 -12.601 -13.110 -13.417 -13.895 -14.109 -14.096
4.000 -2.068 -0.459 -4.279 -7.315 -9.211 -9.956 -10.905 -10.782 -11.643 -11.689 -12.126 -12.581 -13.096 -13.407 -13.891 -14.110 -14.100
4.100 -1.990 -0.314 -4.200 -7.236 -9.154 -9.907 -10.865 -10.744 -11.612 -11.663 -12.102 -12.561 -13.082 -13.397 -13.888 -14.112 -14.105
4.200 -1.914 -0.172 -4.123 -7.157 -9.098 -9.859 -10.826 -10.706 -11.582 -11.637 -12.077 -12.541 -13.068 -13.387 -13.885 -14.115 -14.111
4.300 -1.840 -0.031 -4.046 -7.078 -9.042 -9.811 -10.788 -10.669 -11.551 -11.611 -12.053 -12.521 -13.055 -13.377 -13.883 -14.118 -14.118
4.400 -1.765 0.110 -3.970 -7.000 -8.985 -9.762 -10.748 -10.630 -11.520 -11.585 -12.028 -12.500 -13.041 -13.368 -13.880 -14.122 -14.125
4.500 -1.691 0.250 -3.894 -6.921 -8.928 -9.713 -10.709 -10.592 -11.488 -11.558 -12.003 -12.480 -13.026 -13.358 -13.878 -14.126 -14.133
4.600 -1.618 0.389 -3.820 -6.842 -8.871 -9.664 -10.669 -10.553 -11.457 -11.531 -11.978 -12.459 -13.012 -13.348 -13.876 -14.130 -14.141
4.700 -1.545 0.526 -3.746 -6.764 -8.815 -9.615 -10.629 -10.515 -11.425 -11.505 -11.953 -12.438 -12.998 -13.338 -13.874 -14.134 -14.149
4.800 -1.473 0.663 -3.672 -6.686 -8.758 -9.566 -10.589 -10.476 -11.393 -11.478 -11.927 -12.417 -12.983 -13.328 -13.871 -14.138 -14.158
4.900 -1.403 0.797 -3.600 -6.608 -8.702 -9.518 -10.549 -10.437 -11.362 -11.451 -11.902 -12.396 -12.969 -13.318 -13.869 -14.143 -14.167
5.000 -1.333 0.931 -3.528 -6.531 -8.645 -9.469 -10.509 -10.399 -11.330 -11.424 -11.877 -12.374 -12.954 -13.308 -13.867 -14.148 -14.176
5.100 -1.263 1.065 -3.456 -6.453 -8.588 -9.420 -10.469 -10.360 -11.297 -11.397 -11.851 -12.352 -12.939 -13.297 -13.865 -14.152 -14.185
5.200 -1.193 1.197 -3.385 -6.376 -8.531 -9.370 -10.428 -10.320 -11.264 -11.369 -11.824 -12.330 -12.923 -13.286 -13.862 -14.157 -14.195
5.300 -1.124 1.329 -3.314 -6.298 -8.474 -9.320 -10.387 -10.280 -11.231 -11.341 -11.798 -12.308 -12.907 -13.275 -13.859 -14.161 -14.204
5.400 -1.055 1.459 -3.244 -6.221 -8.417 -9.271 -10.346 -10.241 -11.198 -11.313 -11.771 -12.285 -12.891 -13.264 -13.856 -14.165 -14.213
5.500 -0.987 1.588 -3.174 -6.143 -8.360 -9.221 -10.304 -10.201 -11.164 -11.285 -11.744 -12.262 -12.875 -13.252 -13.853 -14.169 -14.222
5.600 -0.919 1.716 -3.104 -6.066 -8.303 -9.171 -10.263 -10.161 -11.131 -11.257 -11.717 -12.239 -12.859 -13.240 -13.850 -14.173 -14.231
5.700 -0.851 1.843 -3.035 -5.990 -8.246 -9.121 -10.221 -10.121 -11.097 -11.228 -11.690 -12.216 -12.842 -13.228 -13.846 -14.177 -14.240
5.800 -0.792 1.954 -2.974 -5.922 -8.195 -9.076 -10.184 -10.085 -11.067 -11.203 -11.665 -12.195 -12.827 -13.217 -13.843 -14.181 -14.248
5.900 -0.793 1.953 -2.975 -5.923 -8.196 -9.077 -10.185 -10.086 -11.067 -11.204 -11.666 -12.196 -12.828 -13.218 -13.844 -14.181 -14.248
6.000 -0.794 1.952 -2.976 -5.923 -8.197 -9.078 -10.186 -10.087 -11.068 -11.204 -11.667 -12.196 -12.829 -13.219 -13.845 -14.182 -14.249
6.100 -0.794 1.951 -2.977 -5.924 -8.198 -9.079 -10.187 -10.087 -11.069 -11.205 -11.667 -12.197 -12.829 -13.220 -13.845 -14.183 -14.250
6.200 -0.795 1.951 -2.977 -5.925 -8.198 -9.079 -10.187 -10.088 -11.070 -11.206 -11.668 -12.198 -12.830 -13.220 -13.846 -14.183 -14.250
6.300 -0.795 1.950 -2.978 -5.925 -8.199 -9.080 -10.188 -10.088 -11.070 -11.206 -11.669 -12.198 -12.830 -13.221 -13.846 -14.184 -14.251
6.400 -0.796 1.950 -2.978 -5.926 -8.199 -9.080 -10.188 -10.089 -11.070 -11.207 -11.669 -12.199 -12.831 -13.221 -13.847 -14.184 -14.251
6.500 -0.796 1.949 -2.979 -5.926 -8.200 -9.081 -10.188 -10.089 -11.071 -11.207 -11.669 -12.199 -12.831 -13.222 -13.847 -14.185 -14.252
6.600 -0.797 1.949 -2.979 -5.926 -8.200 -9.081 -10.189 -10.090 -11.071 -11.207 -11.670 -12.199 -12.832 -13.222 -13.847 -14.185 -14.252
6.700 -0.797 1.949 -2.979 -5.927 -8.200 -9.081 -10.189 -10.090 -11.071 -11.208 -11.670 -12.199 -12.832 -13.222 -13.848 -14.185 -14.252
6.800 -0.797 1.949 -2.979 -5.927 -8.200 -9.081 -10.189 -10.090 -11.071 -11.208 -11.670 -12.199 -12.832 -13.222 -13.848 -14.185 -14.252
6.900 -0.797 1.949 -2.979 -5.926 -8.200 -9.081 -10.189 -10.090 -11.071 -11.208 -11.670 -12.199 -12.832 -13.222 -13.848 -14.185 -14.252
7.000 -0.796 1.949 -2.979 -5.926 -8.200 -9.081 -10.189 -10.089 -11.071 -11.207 -11.670 -12.199 -12.831 -13.222 -13.847 -14.185 -14.252
7.100 -0.796 1.950 -2.978 -5.926 -8.199 -9.080 -10.188 -10.089 -11.070 -11.207 -11.669 -12.199 -12.831 -13.221 -13.847 -14.184 -14.251
7.200 -0.795 1.950 -2.978 -5.925 -8.199 -9.080 -10.188 -10.088 -11.070 -11.206 -11.669 -12.198 -12.830 -13.221 -13.846 -14.184 -14.251
7.300 -0.795 1.951 -2.977 -5.924 -8.198 -9.079 -10.187 -10.088 -11.069 -11.205 -11.668 -12.197 -12.830 -13.220 -13.846 -14.183 -14.250
7.400 -0.794 1.952 -2.976 -5.923 -8.197 -9.078 -10.186 -10.087 -11.068 -11.205 -11.667 -12.196 -12.829 -13.219 -13.845 -14.182 -14.249
7.500 -0.793 1.953 -2.975 -5.922 -8.196 -9.077 -10.185 -10.086 -11.067 -11.204 -11.666 -12.195 -12.828 -13.218 -13.844 -14.181 -14.248
7.600 -0.792 1.954 -2.974 -5.921 -8.195 -9.076 -10.184 -10.085 -11.066 -11.202 -11.665 -12.194 -12.827 -13.217 -13.843 -14.180 -14.247
7.700 -0.790 1.955 -2.973 -5.920 -8.194 -9.075 -10.183 -10.083 -11.065 -11.201 -11.664 -12.193 -12.826 -13.216 -13.841 -14.179 -14.246
7.800 -0.789 1.957 -2.971 -5.919 -8.192 -9.073 -10.181 -10.082 -11.064 -11.200 -11.662 -12.192 -12.824 -13.214 -13.840 -14.177 -14.245
7.900 -0.787 1.958 -2.970 -5.917 -8.191 -9.072 -10.180 -10.080 -11.062 -11.198 -11.661 -12.190 -12.822 -13.213 -13.838 -14.176 -14.243
8.000 -0.786 1.960 -2.968 -5.915 -8.189 -9.070 -10.178 -10.079 -11.060 -11.196 -11.659 -12.188 -12.821 -13.211 -13.836 -14.174 -14.241
8.100 -0.783 1.962 -2.966 -5.913 -8.187 -9.068 -10.176 -10.076 -11.058 -11.194 -11.657 -12.186 -12.819 -13.209 -13.834 -14.172 -14.239
8.200 -0.781 1.964 -2.964 -5.911 -8.185 -9.066 -10.174 -10.074 -11.056 -11.192 -11.655 -12.184 -12.816 -13.207 -13.832 -14.170 -14.237
8.300 -0.779 1.967 -2.961 -5.909 -8.182 -9.063 -10.171 -10.072 -11.054 -11.190 -11.652 -12.182 -12.814 -13.204 -13.830 -14.168 -14.235
8.400 -0.777 1.969 -2.959 -5.906 -8.180 -9.061 -10.169 -10.070 -11.051 -11.187 -11.650 -12.179 -12.812 -13.202 -13.828 -14.165 -14.232
8.500 -0.774 1.972 -2.956 -5.904 -8.177 -9.058 -10.166 -10.067 -11.049 -11.185 -11.647 -12.177 -12.809 -13.199 -13.825 -14.162 -14.229
8.600 -0.771 1.975 -2.953 -5.901 -8.174 -9.055 -10.163 -10.064 -11.046 -11.182 -11.644 -12.174 -12.806 -13.196 -13.822 -14.160 -14.227
8.700 -0.768 1.978 -2.950 -5.898 -8.171 -9.052 -10.160 -10.061 -11.043 -11.179 -11.641 -12.171 -12.803 -13.193 -13.819 -14.157 -14.224
8.800 -0.765 1.981 -2.947 -5.895 -8.168 -9.049 -10.157 -10.058 -11.040 -11.176 -11.638 -12.168 -12.800 -13.190 -13.816 -14.153 -14.220
8.900 -0.762 1.984 -2.944 -5.891 -8.165 -9.046 -10.154 -10.055 -11.036 -11.173 -11.635 -12.164 -12.797 -13.187 -13.813 -14.150 -14.217
9.000 -0.758 1.987 -2.941 -5.888 -8.162 -9.043 -10.150 -10.051 -11.033 -11.169 -11.631 -12.161 -12.793 -13.184 -13.809 -14.147 -14.214
9.100 -0.755 1.991 -2.937 -5.884 -8.158 -9.039 -10.147 -10.047 -11.029 -11.165 -11.628 -12.157 -12.790 -13.180 -13.805 -14.143 -14.210
9.200 -0.751 1.995 -2.933 -5.880 -8.154 -9.035 -10.143 -10.044 -11.025 -11.161 -11.624 -12.153 -12.786 -13.176 -13.802 -14.139 -14.206
9.300 -0.747 1.999 -2.929 -5.876 -8.150 -9.031 -10.139 -10.040 -11.021 -11.157 -11.620 -12.149 -12.782 -13.172 -13.798 -14.135 -14.202
9.400 -0.742 2.003 -2.925 -5.872 -8.146 -9.027 -10.135 -10.035 -11.017 -11.153 -11.616 -12.145 -12.777 -13.168 -13.793 -14.131 -14.198
9.500 -0.738 2.008 -2.920 -5.868 -8.141 -9.022 -10.130 -10.031 -11.013 -11.149 -11.611 -12.141 -12.773 -13.163 -13.789 -14.126 -14.193
9.600 -0.733 2.012 -2.916 -5.863 -8.137 -9.018 -10.126 -10.026 -11.008 -11.144 -11.607 -12.136 -12.768 -13.159 -13.784 -14.122 -14.189
9.700 -0.729 2.017 -2.911 -5.858 -8.132 -9.013 -10.121 -10.022 -11.003 -11.139 -11.602 -12.131 -12.764 -13.154 -13.780 -14.117 -14.184
9.800 -0.724 2.022 -2.906 -5.853 -8.127 -9.008 -10.116 -10.017 -10.998 -11.135 -11.597 -12.126 -12.759 -13.149 -13.775 -14.112 -14.179
9.900 -0.719 2.027 -2.901 -5.848 -8.122 -9.003 -10.111 -10.012 -10.993 -11.129 -11.592 -12.121 -12.754 -13.144 -13.770 -14.107 -14.174
10.000 -0.713 2.032 -2.896 -5.843 -8.117 -8.998 -10.106 -10.006 -10.988 -11.124 -11.587 -12.116 -12.748 -13.139 -13.764 -14.102 -14.169
10.100 -0.708 2.038 -2.890 -5.838 -8.111 -8.992 -10.100 -10.001 -10.983 -11.119 -11.581 -12.111 -12.743 -13.133 -13.759 -14.096 -14.164
10.200 -0.702 2.043 -2.885 -5.832 -8.106 -8.987 -10.095 -9.995 -10.977 -11.113 -11.576 -12.105 -12.738 -13.128 -13.753 -14.091 -14.158
10.300 -0.697 2.049 -2.879 -5.826 -8.100 -8.981 -10.089 -9.990 -10.971 -11.108 -11.570 -12.099 -12.732 -13.122 -13.748 -14.085 -14.152
10.400 -0.691 2.055 -2.873 -5.821 -8.094 -8.975 -10.083 -9.984 -10.965 -11.102 -11.564 -12.094 -12.726 -13.116 -13.742 -14.079 -14.146
10.500 -0.685 2.061 -2.867 -5.814 -8.088 -8.969 -10.077 -9.978 -10.959 -11.096 -11.558 -12.087 -12.720 -13.110 -13.736 -14.073 -14.140
10.600 -0.678 2.067 -2.861 -5.808 -8.082 -8.963 -10.071 -9.971 -10.953 -11.089 -11.552 -12.081 -12.714 -13.104 -13.729 -14.067 -14.134
10.700 -0.672 2.074 -2.854 -5.802 -8.075 -8.956 -10.064 -9.965 -10.947 -11.083 -11.545 -12.075 -12.707 -13.097 -13.723 -14.061 -14.128
10.800 -0.665 2.080 -2.848 -5.795 -8.069 -8.950 -10.058 -9.958 -10.940 -11.076 -11.539 -12.068 -12.700 -13.091 -13.716 -14.054 -14.121
10.900 -0.659 2.087 -2.841 -5.788 -8.062 -8.943 -10.051 -9.952 -10.933 -11.069 -11.532 -12.061 -12.694 -13.084 -13.709 -14.047 -14.114
11.000 -0.652 2.094 -2.834 -5.781 -8.055 -8.936 -10.044 -9.945 -10.926 -11.062 -11.525 -12.054 -12.687 -13.077 -13.703 -14.040 -14.107
11.100 -0.644 2.101 -2.827 -5.774 -8.048 -8.929 -10.037 -9.937 -10.919 -11.055 -11.518 -12.047 -12.680 -13.070 -13.695 -14.033 -14.100
11.200 -0.637 2.108 -2.820 -5.767 -8.041 -8.922 -10.029 -9.930 -10.912 -11.048 -11.510 -12.040 -12.672 -13.063 -13.688 -14.026 -14.093
11.300 -0.630 2.116 -2.812 -5.760 -8.033 -8.914 -10.022 -9.923 -10.904 -11.041 -11.503 -12.033 -12.665 -13.055 -13.681 -14.018 -14.085
11.400 -0.622 2.123 -2.805 -5.752 -8.026 -8.907 -10.014 -9.915 -10.897 -11.033 -11.495 -12.025 -12.657 -13.048 -13.673 -14.011 -14.078
11.500 -0.614 2.131 -2.797 -5.744 -8.018 -8.899 -10.007 -9.907 -10.889 -11.025 -11.488 -12.017 -12.650 -13.040 -13.665 -14.003 -14.070
11.600 -0.607 2.139 -2.789 -5.736 -8.010 -8.891 -9.999 -9.900 -10.881 -11.017 -11.480 -12.009 -12.642 -13.032 -13.658 -13.995 -14.062
11.700 -0.598 2.147 -2.781 -5.728 -8.002 -8.883 -9.991 -9.891 -10.873 -11.009 -11.472 -12.001 -12.634 -13.024 -13.649 -13.987 -14.054
11.800 -0.590 2.155 -2.773 -5.720 -7.994 -8.875 -9.983 -9.883 -10.865 -11.001 -11.464 -11.993 -12.625 -13.016 -13.641 -13.979 -14.046
11.900 -0.582 2.164 -2.764 -5.712 -7.985 -8.866 -9.974 -9.875 -10.857 -10.993 -11.455 -11.985 -12.617 -13.007 -13.633 -13.971 -14.038
12.000 -0.574 2.172 -2.756 -5.703 -7.977 -8.858 -9.966 -9.867 -10.848 -10.984 -11.447 -11.976 -12.609 -12.999 -13.624 -13.962 -14.029
12.100 -0.565 2.181 -2.747 -5.695 -7.968 -8.849 -9.957 -9.858 -10.840 -10.976 -11.438 -11.968 -12.600 -12.990 -13.616 -13.953 -14.020
12.200 -0.556 2.190 -2.738 -5.686 -7.959 -8.840 -9.948 -9.849 -10.831 -10.967 -11.429 -11.959 -12.591 -12.981 -13.607 -13.945 -14.012
12.300 -0.547 2.198 -2.729 -5.677 -7.950 -8.831 -9.939 -9.840 -10.822 -10.958 -11.420 -11.950 -12.582 -12.972 -13.598 -13.936 -14.003
12.400 -0.538 2.208 -2.720 -5.668 -7.941 -8.822 -9.930 -9.831 -10.813 -10.949 -11.411 -11.941 -12.573 -12.963 -13.589 -13.926 -13.994
12.500 -0.529 2.217 -2.711 -5.658 -7.932 -8.813 -9.921 -9.822 -10.803 -10.940 -11.402 -11.931 -12.564 -12.954 -13.580 -13.917 -13.984
12.600 -0.519 2.226 -2.702 -5.649 -7.923 -8.804 -9.911 -9.812 -10.794 -10.930 -11.392 -11.922 -12.554 -12.945 -13.570 -13.908 -13.975
12.700 -0.510 2.236 -2.692 -5.639 -7.913 -8.794 -9.902 -9.803 -10.784 -10.920 -11.383 -11.912 -12.545 -12.935 -13.561 -13.898 -13.965
12.800 -0.500 2.246 -2.682 -5.630 -7.903 -8.784 -9.892 -9.793 -10.775 -10.911 -11.373 -11.903 -12.535 -12.925 -13.551 -13.888 -13.955
12.900 -0.490 2.255 -2.673 -5.620 -7.894 -8.775 -9.882 -9.783 -10.765 -10.901 -11.363 -11.893 -12.525 -12.916 -13.541 -13.879 -13.946
13.000 -0.480 2.265 -2.663 -5.610 -7.884 -8.765 -9.872 -9.773 -10.755 -10.891 -11.353 -11.883 -12.515 -12.906 -13.531 -13.869 -13.936
13.100 -0.470 2.276 -2.652 -5.600 -7.873 -8.754 -9.862 -9.763 -10.745 -10.881 -11.343 -11.873 -12.505 -12.895 -13.521 -13.859 -13.926
13.200 -0.460 2.286 -2.642 -5.590 -7.863 -8.744 -9.852 -9.753 -10.734 -10.871 -11.333 -11.862 -12.495 -12.885 -13.511 -13.848 -13.915
13.300 -0.449 2.296 -2.632 -5.579 -7.853 -8.734 -9.842 -9.742 -10.724 -10.860 -11.323 -11.852 -12.485 -12.875 -13.500 -13.838 -13.905
13.400 -0.439 2.307 -2.621 -5.569 -7.842 -8.723 -9.831 -9.732 -10.714 -10.850 -11.312 -11.842 -12.474 -12.864 -13.490 -13.827 -13.894
13.500 -0.428 2.317 -2.611 -5.558 -7.832 -8.713 -9.821 -9.721 -10.703 -10.839 -11.302 -11.831 -12.463 -12.854 -13.479 -13.817 -13.884
13.600 -0.418 2.328 -2.600 -5.547 -7.821 -8.702 -9.810 -9.711 -10.692 -10.828 -11.291 -11.820 -12.453 -12.843 -13.469 -13.806 -13.873
13.700 -0.407 2.339 -2.589 -5.536 -7.810 -8.691 -9.799 -9.700 -10.681 -10.818 -11.280 -11.809 -12.442 -12.832 -13.458 -13.795 -13.862
13.800 -0.396 2.350 -2.578 -5.526 -7.799 -8.680 -9.788 -9.689 -10.670 -10.807 -11.269 -11.798 -12.431 -12.821 -13.447 -13.784 -13.851
13.900 -0.385 2.361 -2.567 -5.514 -7.788 -8.669 -9.777 -9.678 -10.659 -10.795 -11.258 -11.787 -12.420 -12.810 -13.436 -13.773 -13.840
14.000 -0.373 2.372 -2.556 -5.503 -7.777 -8.658 -9.766 -9.666 -10.648 -10.784 -11.247 -11.776 -12.409 -12.799 -13.424 -13.762 -13.829
14.100 -0.362 2.383 -2.544 -5.492 -7.765 -8.646 -9.754 -9.655 -10.637 -10.773 -11.235 -11.765 -12.397 -12.787 -13.413 -13.751 -13.818
14.200 -0.351 2.395 -2.533 -5.480 -7.754 -8.635 -9.743 -9.644 -10.625 -10.761 -11.224 -11.753 -12.386 -12.776 -13.402 -13.739 -13.806
14.300 -0.339 2.407 -2.521 -5.469 -7.742 -8.623 -9.731 -9.632 -10.614 -10.750 -11.212 -11.742 -12.374 -12.764 -13.390 -13.728 -13.795
14.400 -0.327 2.418 -2.510 -5.457 -7.731 -8.612 -9.720 -9.620 -10.602 -10.738 -11.201 -11.730 -12.362 -12.753 -13.378 -13.716 -13.783
14.500 -0.316 2.430 -2.498 -5.445 -7.719 -8.600 -9.708 -9.609 -10.590 -10.726 -11.189 -11.718 -12.351 -12.741 -13.366 -13.704 -13.771
14.600 -0.304 2.442 -2.486 -5.433 -7.707 -8.588 -9.696 -9.597 -10.578 -10.714 -11.177 -11.706 -12.339 -12.729 -13.354 -13.692 -13.759
14.700 -0.292 2.454 -2.474 -5.421 -7.695 -8.576 -9.684 -9.585 -10.566 -10.702 -11.165 -11.694 -12.327 -12.717 -13.342 -13.680 -13.747
14.800 -0.279 2.466 -2.462 -5.409 -7.683 -8.564 -9.672 -9.572 -10.554 -10.690 -11.153 -11.682 -12.314 -12.705 -13.330 -13.668 -13.735
14.900 -0.267 2.478 -2.450 -5.397 -7.671 -8.552 -9.659 -9.560 -10.542 -10.678 -11.140 -11.670 -12.302 -12.693 -13.318 -13.656 -13.723
15.000 -0.255 2.491 -2.437 -5.385 -7.658 -8.539 -9.647 -9.548 -10.530 -10.666 -11.128 -11.658 -12.290 -12.680 -13.306 -13.643 -13.710
