# day W2 M2 W1 u B g V c r w o i z y J H K
0.000 -10.881 -10.675 -10.471 -9.610 -9.241 -9.063 -8.750 -8.875 -8.493 -8.678 -8.351 -8.069 -7.754 -7.510 -7.017 -6.381 -5.794
0.100 -15.316 -15.298 -15.212 -14.857 -14.648 -14.539 -14.345 -14.418 -14.173 -14.277 -14.076 -13.876 -13.640 -13.451 -13.057 -12.515 -11.995
0.200 -14.847 -15.004 -15.058 -15.127 -15.047 -14.990 -14.880 -14.919 -14.767 -14.821 -14.700 -14.554 -14.369 -14.214 -13.881 -13.396 -12.917
0.300 -14.027 -14.341 -14.562 -15.038 -15.087 -15.083 -15.054 -15.062 -14.997 -15.010 -14.959 -14.861 -14.722 -14.597 -14.319 -13.883 -13.437
0.400 -13.097 -13.537 -13.942 -14.792 -14.972 -15.021 -15.070 -15.050 -15.068 -15.047 -15.059 -15.007 -14.913 -14.817 -14.589 -14.199 -13.785
0.500 -12.157 -12.682 -13.276 -14.461 -14.768 -14.870 -14.995 -14.951 -15.047 -14.999 -15.069 -15.060 -15.009 -14.942 -14.765 -14.419 -14.035
0.600 -11.233 -11.801 -12.584 -14.063 -14.496 -14.650 -14.848 -14.784 -14.956 -14.886 -15.008 -15.043 -15.037 -14.999 -14.873 -14.572 -14.219
0.700 -10.312 -10.884 -11.857 -13.600 -14.159 -14.366 -14.637 -14.555 -14.802 -14.717 -14.887 -14.965 -15.006 -14.999 -14.926 -14.673 -14.351
0.800 -9.368 -9.908 -11.081 -13.069 -13.758 -14.020 -14.366 -14.267 -14.589 -14.495 -14.710 -14.833 -14.923 -14.949 -14.934 -14.731 -14.444
0.900 -8.386 -8.850 -10.246 -12.464 -13.290 -13.609 -14.032 -13.921 -14.318 -14.222 -14.480 -14.649 -14.792 -14.853 -14.900 -14.752 -14.502
1.000 -7.393 -7.735 -9.373 -11.799 -12.766 -13.144 -13.646 -13.524 -13.997 -13.906 -14.202 -14.418 -14.617 -14.716 -14.832 -14.742 -14.531
1.100 -6.447 -6.637 -8.507 -11.096 -12.200 -12.637 -13.215 -13.087 -13.633 -13.554 -13.884 -14.147 -14.404 -14.543 -14.731 -14.705 -14.536
1.200 -5.653 -5.731 -7.746 -10.422 -11.636 -12.123 -12.768 -12.637 -13.246 -13.186 -13.542 -13.848 -14.164 -14.344 -14.605 -14.645 -14.521
1.300 -5.064 -5.116 -7.157 -9.846 -11.120 -11.640 -12.331 -12.202 -12.859 -12.820 -13.195 -13.537 -13.906 -14.125 -14.460 -14.567 -14.490
1.400 -4.669 -4.734 -6.760 -9.433 -10.716 -11.247 -11.962 -11.835 -12.520 -12.501 -12.886 -13.254 -13.665 -13.915 -14.310 -14.473 -14.433
1.500 -4.396 -4.457 -6.494 -9.166 -10.438 -10.969 -11.689 -11.565 -12.259 -12.253 -12.642 -13.023 -13.460 -13.730 -14.167 -14.367 -14.353
1.600 -4.186 -4.217 -6.298 -8.987 -10.257 -10.786 -11.505 -11.381 -12.078 -12.076 -12.466 -12.852 -13.301 -13.581 -14.040 -14.260 -14.260
1.700 -4.010 -3.999 -6.137 -8.854 -10.128 -10.655 -11.369 -11.245 -11.938 -11.937 -12.325 -12.711 -13.164 -13.449 -13.922 -14.159 -14.173
1.800 -3.852 -3.781 -5.994 -8.746 -10.043 -10.575 -11.293 -11.168 -11.861 -11.857 -12.245 -12.628 -13.075 -13.357 -13.825 -14.060 -14.073
1.900 -3.706 -3.569 -5.860 -8.646 -9.972 -10.514 -11.239 -11.113 -11.809 -11.801 -12.190 -12.571 -13.011 -13.288 -13.744 -13.969 -13.975
2.000 -3.567 -3.365 -5.732 -8.548 -9.903 -10.454 -11.188 -11.060 -11.760 -11.750 -12.140 -12.520 -12.956 -13.227 -13.673 -13.888 -13.888
2.100 -3.427 -3.157 -5.602 -8.446 -9.831 -10.392 -11.135 -11.006 -11.712 -11.700 -12.092 -12.472 -12.904 -13.172 -13.609 -13.815 -13.808
2.200 -3.292 -2.952 -5.475 -8.345 -9.760 -10.330 -11.083 -10.954 -11.665 -11.653 -12.047 -12.428 -12.858 -13.123 -13.552 -13.750 -13.737
2.300 -3.162 -2.753 -5.353 -8.246 -9.690 -10.270 -11.033 -10.903 -11.621 -11.609 -12.005 -12.387 -12.816 -13.079 -13.501 -13.692 -13.674
2.400 -3.034 -2.554 -5.231 -8.145 -9.618 -10.208 -10.982 -10.852 -11.577 -11.566 -11.964 -12.348 -12.777 -13.039 -13.457 -13.641 -13.618
2.500 -2.907 -2.354 -5.109 -8.042 -9.545 -10.145 -10.930 -10.799 -11.533 -11.522 -11.923 -12.310 -12.741 -13.002 -13.416 -13.596 -13.569
2.600 -2.782 -2.156 -4.988 -7.939 -9.471 -10.082 -10.878 -10.747 -11.489 -11.480 -11.884 -12.274 -12.707 -12.968 -13.381 -13.556 -13.526
2.700 -2.662 -1.962 -4.871 -7.837 -9.398 -10.020 -10.827 -10.696 -11.446 -11.440 -11.846 -12.239 -12.675 -12.938 -13.350 -13.522 -13.489
2.800 -2.543 -1.767 -4.754 -7.734 -9.324 -9.956 -10.775 -10.644 -11.403 -11.399 -11.808 -12.206 -12.645 -12.909 -13.322 -13.493 -13.458
2.900 -2.422 -1.570 -4.636 -7.628 -9.248 -9.890 -10.721 -10.591 -11.359 -11.358 -11.770 -12.172 -12.616 -12.882 -13.297 -13.468 -13.431
3.000 -2.305 -1.375 -4.520 -7.523 -9.172 -9.825 -10.668 -10.538 -11.315 -11.318 -11.732 -12.139 -12.588 -12.857 -13.276 -13.447 -13.410
3.100 -2.189 -1.181 -4.405 -7.417 -9.095 -9.759 -10.614 -10.484 -11.271 -11.278 -11.695 -12.106 -12.562 -12.834 -13.256 -13.430 -13.393
3.200 -2.075 -0.988 -4.292 -7.311 -9.018 -9.693 -10.560 -10.431 -11.227 -11.238 -11.657 -12.074 -12.536 -12.812 -13.239 -13.416 -13.380
3.300 -1.961 -0.793 -4.177 -7.203 -8.940 -9.625 -10.505 -10.376 -11.182 -11.197 -11.620 -12.042 -12.510 -12.791 -13.224 -13.404 -13.370
3.400 -1.846 -0.596 -4.062 -7.093 -8.859 -9.555 -10.447 -10.320 -11.136 -11.156 -11.581 -12.009 -12.485 -12.769 -13.210 -13.395 -13.363
3.500 -1.734 -0.401 -3.949 -6.984 -8.779 -9.486 -10.391 -10.264 -11.090 -11.115 -11.542 -11.976 -12.460 -12.749 -13.197 -13.387 -13.358
3.600 -1.621 -0.205 -3.835 -6.872 -8.698 -9.415 -10.332 -10.207 -11.042 -11.073 -11.503 -11.942 -12.434 -12.729 -13.185 -13.381 -13.356
3.700 -1.509 -0.009 -3.722 -6.761 -8.615 -9.344 -10.274 -10.150 -10.995 -11.031 -11.464 -11.909 -12.409 -12.709 -13.174 -13.377 -13.355
3.800 -1.398 0.188 -3.609 -6.648 -8.532 -9.272 -10.214 -10.091 -10.946 -10.988 -11.424 -11.875 -12.383 -12.688 -13.163 -13.373 -13.356
3.900 -1.286 0.386 -3.496 -6.533 -8.447 -9.198 -10.153 -10.031 -10.896 -10.945 -11.382 -11.839 -12.356 -12.668 -13.152 -13.370 -13.358
4.000 -1.173 0.587 -3.381 -6.416 -8.361 -9.122 -10.090 -9.970 -10.845 -10.900 -11.340 -11.803 -12.329 -12.646 -13.141 -13.368 -13.361
4.100 -1.062 0.787 -3.268 -6.299 -8.274 -9.047 -10.027 -9.908 -10.793 -10.855 -11.297 -11.766 -12.301 -12.625 -13.130 -13.366 -13.364
4.200 -0.949 0.989 -3.153 -6.180 -8.185 -8.969 -9.962 -9.845 -10.740 -10.808 -11.253 -11.728 -12.273 -12.602 -13.119 -13.363 -13.368
4.300 -0.838 1.190 -3.039 -6.061 -8.096 -8.891 -9.897 -9.782 -10.687 -10.762 -11.209 -11.690 -12.244 -12.580 -13.108 -13.361 -13.372
4.400 -0.726 1.393 -2.925 -5.940 -8.006 -8.811 -9.831 -9.717 -10.631 -10.714 -11.163 -11.650 -12.214 -12.556 -13.096 -13.359 -13.376
4.500 -0.613 1.596 -2.810 -5.818 -7.914 -8.730 -9.762 -9.651 -10.575 -10.665 -11.116 -11.609 -12.183 -12.532 -13.083 -13.357 -13.381
4.600 -0.499 1.802 -2.694 -5.694 -7.820 -8.647 -9.693 -9.583 -10.517 -10.614 -11.067 -11.567 -12.150 -12.506 -13.070 -13.354 -13.384
4.700 -0.385 2.008 -2.577 -5.568 -7.724 -8.563 -9.621 -9.513 -10.458 -10.562 -11.018 -11.524 -12.117 -12.480 -13.056 -13.350 -13.388
4.800 -0.271 2.214 -2.461 -5.441 -7.628 -8.478 -9.549 -9.443 -10.397 -10.510 -10.967 -11.479 -12.082 -12.452 -13.041 -13.346 -13.391
4.900 -0.156 2.421 -2.343 -5.313 -7.530 -8.391 -9.475 -9.372 -10.335 -10.456 -10.915 -11.434 -12.047 -12.424 -13.025 -13.342 -13.394
5.000 -0.042 2.627 -2.226 -5.184 -7.432 -8.304 -9.401 -9.299 -10.273 -10.402 -10.863 -11.387 -12.010 -12.395 -13.009 -13.337 -13.397
5.100 0.058 2.804 -2.124 -5.071 -7.345 -8.226 -9.334 -9.235 -10.216 -10.352 -10.815 -11.344 -11.977 -12.367 -12.993 -13.330 -13.397
5.200 0.069 2.814 -2.114 -5.061 -7.335 -8.216 -9.324 -9.224 -10.206 -10.342 -10.805 -11.334 -11.966 -12.357 -12.982 -13.320 -13.387
5.300 0.079 2.825 -2.103 -5.050 -7.324 -8.205 -9.313 -9.214 -10.195 -10.331 -10.794 -11.323 -11.956 -12.346 -12.971 -13.309 -13.376
5.400 0.091 2.836 -2.092 -5.039 -7.313 -8.194 -9.301 -9.202 -10.184 -10.320 -10.782 -11.312 -11.944 -12.335 -12.960 -13.298 -13.365
5.500 0.103 2.848 -2.080 -5.027 -7.301 -8.182 -9.290 -9.190 -10.172 -10.308 -10.771 -11.300 -11.932 -12.323 -12.948 -13.286 -13.353
5.600 0.115 2.860 -2.068 -5.015 -7.289 -8.170 -9.278 -9.178 -10.160 -10.296 -10.759 -11.288 -11.921 -12.311 -12.936 -13.274 -13.341
5.700 0.127 2.873 -2.055 -5.003 -7.276 -8.157 -9.265 -9.166 -10.148 -10.284 -10.746 -11.276 -11.908 -12.298 -12.924 -13.261 -13.328
5.800 0.140 2.886 -2.042 -4.990 -7.263 -8.144 -9.252 -9.153 -10.135 -10.271 -10.733 -11.263 -11.895 -12.285 -12.911 -13.248 -13.315
5.900 0.153 2.899 -2.029 -4.976 -7.250 -8.131 -9.239 -9.140 -10.121 -10.257 -10.720 -11.249 -11.882 -12.272 -12.898 -13.235 -13.302
6.000 0.167 2.913 -2.015 -4.963 -7.236 -8.117 -9.225 -9.126 -10.108 -10.244 -10.706 -11.236 -11.868 -12.258 -12.884 -13.221 -13.288
6.100 0.181 2.927 -2.001 -4.948 -7.222 -8.103 -9.211 -9.112 -10.093 -10.229 -10.692 -11.221 -11.854 -12.244 -12.870 -13.207 -13.274
6.200 0.196 2.942 -1.986 -4.934 -7.207 -8.088 -9.196 -9.097 -10.079 -10.215 -10.677 -11.207 -11.839 -12.229 -12.855 -13.193 -13.260
6.300 0.211 2.957 -1.971 -4.918 -7.192 -8.073 -9.181 -9.082 -10.063 -10.200 -10.662 -11.191 -11.824 -12.214 -12.840 -13.177 -13.244
6.400 0.227 2.973 -1.955 -4.903 -7.176 -8.057 -9.165 -9.066 -10.048 -10.184 -10.646 -11.176 -11.808 -12.198 -12.824 -13.161 -13.228
6.500 0.243 2.989 -1.939 -4.887 -7.160 -8.041 -9.149 -9.050 -10.032 -10.168 -10.630 -11.160 -11.792 -12.182 -12.808 -13.145 -13.212
6.600 0.260 3.005 -1.923 -4.870 -7.144 -8.025 -9.133 -9.033 -10.015 -10.151 -10.614 -11.143 -11.775 -12.166 -12.791 -13.129 -13.196
6.700 0.277 3.022 -1.906 -4.853 -7.127 -8.008 -9.116 -9.016 -9.998 -10.134 -10.597 -11.126 -11.758 -12.149 -12.774 -13.112 -13.179
6.800 0.294 3.040 -1.888 -4.836 -7.109 -7.990 -9.098 -8.999 -9.981 -10.117 -10.579 -11.109 -11.741 -12.131 -12.757 -13.094 -13.161
6.900 0.312 3.057 -1.871 -4.818 -7.091 -7.972 -9.080 -8.981 -9.963 -10.099 -10.561 -11.091 -11.723 -12.113 -12.739 -13.077 -13.144
7.000 0.330 3.076 -1.852 -4.800 -7.073 -7.954 -9.062 -8.963 -9.945 -10.081 -10.543 -11.073 -11.705 -12.095 -12.721 -13.058 -13.125
7.100 0.349 3.094 -1.834 -4.781 -7.055 -7.936 -9.044 -8.944 -9.926 -10.062 -10.525 -11.054 -11.686 -12.077 -12.702 -13.040 -13.107
7.200 0.368 3.113 -1.815 -4.762 -7.036 -7.917 -9.024 -8.925 -9.907 -10.043 -10.505 -11.035 -11.667 -12.058 -12.683 -13.021 -13.088
7.300 0.387 3.133 -1.795 -4.742 -7.016 -7.897 -9.005 -8.906 -9.887 -10.024 -10.486 -11.015 -11.648 -12.038 -12.664 -13.001 -13.068
7.400 0.407 3.153 -1.775 -4.722 -6.996 -7.877 -8.985 -8.886 -9.867 -10.004 -10.466 -10.995 -11.628 -12.018 -12.644 -12.981 -13.048
7.500 0.428 3.173 -1.755 -4.702 -6.976 -7.857 -8.965 -8.865 -9.847 -9.983 -10.446 -10.975 -11.607 -11.998 -12.623 -12.961 -13.028
7.600 0.448 3.194 -1.734 -4.681 -6.955 -7.836 -8.944 -8.845 -9.826 -9.962 -10.425 -10.954 -11.587 -11.977 -12.603 -12.940 -13.007
7.700 0.469 3.215 -1.713 -4.660 -6.934 -7.815 -8.923 -8.824 -9.805 -9.941 -10.404 -10.933 -11.566 -11.956 -12.582 -12.919 -12.986
7.800 0.491 3.236 -1.692 -4.639 -6.913 -7.794 -8.901 -8.802 -9.784 -9.920 -10.382 -10.912 -11.544 -11.935 -12.560 -12.898 -12.965
7.900 0.513 3.258 -1.670 -4.617 -6.891 -7.772 -8.880 -8.780 -9.762 -9.898 -10.361 -10.890 -11.522 -11.913 -12.538 -12.876 -12.943
8.000 0.535 3.280 -1.648 -4.595 -6.869 -7.750 -8.858 -8.758 -9.740 -9.876 -10.339 -10.868 -11.500 -11.891 -12.516 -12.854 -12.921
8.100 0.557 3.303 -1.625 -4.573 -6.846 -7.727 -8.835 -8.736 -9.718 -9.854 -10.316 -10.846 -11.478 -11.868 -12.494 -12.831 -12.898
8.200 0.580 3.325 -1.603 -4.550 -6.824 -7.705 -8.812 -8.713 -9.695 -9.831 -10.293 -10.823 -11.455 -11.846 -12.471 -12.809 -12.876
8.300 0.603 3.348 -1.580 -4.527 -6.801 -7.682 -8.789 -8.690 -9.672 -9.808 -10.270 -10.800 -11.432 -11.823 -12.448 -12.786 -12.853
8.400 0.626 3.372 -1.556 -4.504 -6.777 -7.658 -8.766 -8.667 -9.648 -9.785 -10.247 -10.777 -11.409 -11.799 -12.425 -12.762 -12.829
8.500 0.650 3.395 -1.533 -4.480 -6.754 -7.635 -8.743 -8.643 -9.625 -9.761 -10.224 -10.753 -11.385 -11.776 -12.401 -12.739 -12.806
8.600 0.674 3.419 -1.509 -4.456 -6.730 -7.611 -8.719 -8.619 -9.601 -9.737 -10.200 -10.729 -11.361 -11.752 -12.377 -12.715 -12.782
8.700 0.698 3.443 -1.485 -4.432 -6.706 -7.587 -8.694 -8.595 -9.577 -9.713 -10.175 -10.705 -11.337 -11.728 -12.353 -12.691 -12.758
8.800 0.722 3.468 -1.460 -4.407 -6.681 -7.562 -8.670 -8.571 -9.552 -9.688 -10.151 -10.680 -11.313 -11.703 -12.329 -12.666 -12.733
8.900 0.747 3.493 -1.435 -4.383 -6.656 -7.537 -8.645 -8.546 -9.528 -9.664 -10.126 -10.656 -11.288 -11.678 -12.304 -12.642 -12.709
9.000 0.772 3.517 -1.411 -4.358 -6.632 -7.513 -8.621 -8.521 -9.503 -9.639 -10.102 -10.631 -11.263 -11.654 -12.279 -12.617 -12.684
9.100 0.797 3.542 -1.386 -4.333 -6.607 -7.488 -8.595 -8.496 -9.478 -9.614 -10.076 -10.606 -11.238 -11.629 -12.254 -12.592 -12.659
9.200 0.822 3.568 -1.360 -4.308 -6.581 -7.462 -8.570 -8.471 -9.453 -9.589 -10.051 -10.581 -11.213 -11.603 -12.229 -12.566 -12.634
9.300 0.847 3.593 -1.335 -4.282 -6.556 -7.437 -8.545 -8.446 -9.427 -9.563 -10.026 -10.555 -11.188 -11.578 -12.203 -12.541 -12.608
9.400 0.873 3.619 -1.309 -4.257 -6.530 -7.411 -8.519 -8.420 -9.402 -9.538 -10.000 -10.530 -11.162 -11.552 -12.178 -12.516 -12.583
9.500 0.899 3.644 -1.284 -4.231 -6.505 -7.386 -8.494 -8.394 -9.376 -9.512 -9.975 -10.504 -11.136 -11.527 -12.152 -12.490 -12.557
9.600 0.924 3.670 -1.258 -4.205 -6.479 -7.360 -8.468 -8.369 -9.350 -9.486 -9.949 -10.478 -11.111 -11.501 -12.127 -12.464 -12.531
9.700 0.950 3.696 -1.232 -4.179 -6.453 -7.334 -8.442 -8.343 -9.324 -9.460 -9.923 -10.452 -11.085 -11.475 -12.101 -12.438 -12.505
9.800 0.976 3.722 -1.206 -4.153 -6.427 -7.308 -8.416 -8.317 -9.298 -9.434 -9.897 -10.426 -11.059 -11.449 -12.075 -12.412 -12.479
9.900 1.002 3.748 -1.180 -4.127 -6.401 -7.282 -8.390 -8.291 -9.272 -9.408 -9.871 -10.400 -11.033 -11.423 -12.048 -12.386 -12.453
10.000 1.029 3.774 -1.154 -4.101 -6.375 -7.256 -8.364 -8.264 -9.246 -9.382 -9.845 -10.374 -11.006 -11.397 -12.022 -12.360 -12.427
10.100 1.055 3.800 -1.128 -4.075 -6.348 -7.229 -8.337 -8.238 -9.220 -9.356 -9.818 -10.348 -10.980 -11.370 -11.996 -12.334 -12.401
10.200 1.081 3.827 -1.101 -4.049 -6.322 -7.203 -8.311 -8.212 -9.193 -9.330 -9.792 -10.321 -10.954 -11.344 -11.970 -12.307 -12.374
10.300 1.108 3.853 -1.075 -4.022 -6.296 -7.177 -8.285 -8.185 -9.167 -9.303 -9.766 -10.295 -10.928 -11.318 -11.943 -12.281 -12.348
10.400 1.134 3.879 -1.048 -3.996 -6.269 -7.150 -8.258 -8.159 -9.141 -9.277 -9.739 -10.269 -10.901 -11.291 -11.917 -12.255 -12.322
10.500 1.160 3.906 -1.022 -3.970 -6.243 -7.124 -8.232 -8.133 -9.114 -9.251 -9.713 -10.243 -10.875 -11.265 -11.891 -12.228 -12.295
10.600 1.186 3.932 -0.996 -3.943 -6.217 -7.098 -8.206 -8.107 -9.088 -9.224 -9.687 -10.216 -10.849 -11.239 -11.864 -12.202 -12.269
10.700 1.213 3.958 -0.970 -3.917 -6.191 -7.072 -8.180 -8.080 -9.062 -9.198 -9.661 -10.190 -10.822 -11.213 -11.838 -12.176 -12.243
10.800 1.239 3.984 -0.943 -3.891 -6.164 -7.045 -8.153 -8.054 -9.036 -9.172 -9.634 -10.164 -10.796 -11.186 -11.812 -12.150 -12.217
10.900 1.265 4.011 -0.917 -3.865 -6.138 -7.019 -8.127 -8.028 -9.010 -9.146 -9.608 -10.138 -10.770 -11.160 -11.786 -12.123 -12.190
11.000 1.291 4.037 -0.891 -3.839 -6.112 -6.993 -8.101 -8.002 -8.984 -9.120 -9.582 -10.112 -10.744 -11.134 -11.760 -12.097 -12.164
11.100 1.317 4.063 -0.865 -3.813 -6.086 -6.967 -8.075 -7.976 -8.958 -9.094 -9.556 -10.086 -10.718 -11.108 -11.734 -12.071 -12.138
11.200 1.343 4.088 -0.840 -3.787 -6.061 -6.942 -8.049 -7.950 -8.932 -9.068 -9.530 -10.060 -10.692 -11.083 -11.708 -12.046 -12.113
11.300 1.369 4.114 -0.814 -3.761 -6.035 -6.916 -8.024 -7.924 -8.906 -9.042 -9.505 -10.034 -10.666 -11.057 -11.682 -12.020 -12.087
11.400 1.394 4.140 -0.788 -3.736 -6.009 -6.890 -7.998 -7.899 -8.880 -9.017 -9.479 -10.009 -10.641 -11.031 -11.657 -11.994 -12.061
11.500 1.420 4.165 -0.763 -3.710 -5.984 -6.865 -7.973 -7.873 -8.855 -8.991 -9.454 -9.983 -10.615 -11.006 -11.631 -11.969 -12.036
11.600 1.445 4.191 -0.737 -3.685 -5.958 -6.839 -7.947 -7.848 -8.830 -8.966 -9.428 -9.958 -10.590 -10.980 -11.606 -11.944 -12.011
11.700 1.470 4.216 -0.712 -3.660 -5.933 -6.814 -7.922 -7.823 -8.805 -8.941 -9.403 -9.933 -10.565 -10.955 -11.581 -11.918 -11.985
11.800 1.495 4.241 -0.687 -3.635 -5.908 -6.789 -7.897 -7.798 -8.780 -8.916 -9.378 -9.908 -10.540 -10.930 -11.556 -11.893 -11.960
11.900 1.520 4.265 -0.663 -3.610 -5.884 -6.765 -7.872 -7.773 -8.755 -8.891 -9.353 -9.883 -10.515 -10.906 -11.531 -11.869 -11.936
12.000 1.544 4.290 -0.638 -3.585 -5.859 -6.740 -7.848 -7.749 -8.730 -8.866 -9.329 -9.858 -10.491 -10.881 -11.507 -11.844 -11.911
12.100 1.569 4.314 -0.614 -3.561 -5.835 -6.716 -7.823 -7.724 -8.706 -8.842 -9.304 -9.834 -10.466 -10.857 -11.482 -11.820 -11.887
12.200 1.593 4.339 -0.589 -3.537 -5.810 -6.691 -7.799 -7.700 -8.682 -8.818 -9.280 -9.810 -10.442 -10.832 -11.458 -11.796 -11.863
12.300 1.617 4.362 -0.565 -3.513 -5.786 -6.667 -7.775 -7.676 -8.658 -8.794 -9.256 -9.786 -10.418 -10.808 -11.434 -11.772 -11.839
12.400 1.641 4.386 -0.542 -3.489 -5.763 -6.644 -7.752 -7.652 -8.634 -8.770 -9.233 -9.762 -10.395 -10.785 -11.410 -11.748 -11.815
12.500 1.664 4.410 -0.518 -3.466 -5.739 -6.620 -7.728 -7.629 -8.611 -8.747 -9.209 -9.739 -10.371 -10.761 -11.387 -11.724 -11.791
12.600 1.687 4.433 -0.495 -3.443 -5.716 -6.597 -7.705 -7.606 -8.587 -8.724 -9.186 -9.715 -10.348 -10.738 -11.364 -11.701 -11.768
12.700 1.710 4.456 -0.472 -3.420 -5.693 -6.574 -7.682 -7.583 -8.564 -8.701 -9.163 -9.692 -10.325 -10.715 -11.341 -11.678 -11.745
12.800 1.733 4.478 -0.449 -3.397 -5.670 -6.551 -7.659 -7.560 -8.542 -8.678 -9.140 -9.670 -10.302 -10.692 -11.318 -11.656 -11.723
12.900 1.755 4.501 -0.427 -3.374 -5.648 -6.529 -7.637 -7.538 -8.519 -8.655 -9.118 -9.647 -10.280 -10.670 -11.296 -11.633 -11.700
13.000 1.777 4.523 -0.405 -3.352 -5.626 -6.507 -7.615 -7.516 -8.497 -8.633 -9.096 -9.625 -10.258 -10.648 -11.273 -11.611 -11.678
13.100 1.799 4.545 -0.383 -3.330 -5.604 -6.485 -7.593 -7.494 -8.475 -8.611 -9.074 -9.603 -10.236 -10.626 -11.252 -11.589 -11.656
13.200 1.821 4.567 -0.361 -3.309 -5.582 -6.463 -7.571 -7.472 -8.454 -8.590 -9.052 -9.582 -10.214 -10.604 -11.230 -11.568 -11.635
13.300 1.842 4.588 -0.340 -3.287 -5.561 -6.442 -7.550 -7.451 -8.432 -8.569 -9.031 -9.560 -10.193 -10.583 -11.209 -11.546 -11.613
13.400 1.863 4.609 -0.319 -3.266 -5.540 -6.421 -7.529 -7.430 -8.411 -8.547 -9.010 -9.539 -10.172 -10.562 -11.188 -11.525 -11.592
13.500 1.884 4.630 -0.298 -3.246 -5.519 -6.400 -7.508 -7.409 -8.391 -8.527 -8.989 -9.519 -10.151 -10.541 -11.167 -11.504 -11.571
13.600 1.905 4.650 -0.278 -3.225 -5.499 -6.380 -7.488 -7.388 -8.370 -8.506 -8.969 -9.498 -10.131 -10.521 -11.146 -11.484 -11.551
13.700 1.925 4.670 -0.258 -3.205 -5.479 -6.360 -7.467 -7.368 -8.350 -8.486 -8.948 -9.478 -10.110 -10.501 -11.126 -11.464 -11.531
13.800 1.945 4.690 -0.238 -3.185 -5.459 -6.340 -7.448 -7.348 -8.330 -8.466 -8.929 -9.458 -10.090 -10.481 -11.106 -11.444 -11.511
13.900 1.964 4.710 -0.218 -3.165 -5.439 -6.320 -7.428 -7.329 -8.310 -8.446 -8.909 -9.438 -10.071 -10.461 -11.087 -11.424 -11.491
14.000 1.984 4.729 -0.199 -3.146 -5.420 -6.301 -7.409 -7.309 -8.291 -8.427 -8.890 -9.419 -10.051 -10.442 -11.067 -11.405 -11.472
14.100 2.003 4.748 -0.180 -3.127 -5.401 -6.282 -7.389 -7.290 -8.272 -8.408 -8.870 -9.400 -10.032 -10.423 -11.048 -11.386 -11.453
14.200 2.022 4.767 -0.161 -3.108 -5.382 -6.263 -7.371 -7.271 -8.253 -8.389 -8.852 -9.381 -10.013 -10.404 -11.029 -11.367 -11.434
14.300 2.040 4.786 -0.142 -3.090 -5.363 -6.244 -7.352 -7.253 -8.235 -8.371 -8.833 -9.363 -9.995 -10.385 -11.011 -11.348 -11.415
14.400 2.058 4.804 -0.124 -3.071 -5.345 -6.226 -7.334 -7.235 -8.216 -8.352 -8.815 -9.344 -9.977 -10.367 -10.993 -11.330 -11.397
14.500 2.076 4.822 -0.106 -3.053 -5.327 -6.208 -7.316 -7.217 -8.198 -8.335 -8.797 -9.326 -9.959 -10.349 -10.975 -11.312 -11.379
14.600 2.094 4.840 -0.088 -3.036 -5.309 -6.190 -7.298 -7.199 -8.181 -8.317 -8.779 -9.309 -9.941 -10.331 -10.957 -11.294 -11.362
14.700 2.111 4.857 -0.071 -3.018 -5.292 -6.173 -7.281 -7.182 -8.163 -8.299 -8.762 -9.291 -9.924 -10.314 -10.939 -11.277 -11.344
14.800 2.129 4.874 -0.054 -3.001 -5.275 -6.156 -7.264 -7.164 -8.146 -8.282 -8.745 -9.274 -9.906 -10.297 -10.922 -11.260 -11.327
14.900 2.146 4.891 -0.037 -2.984 -5.258 -6.139 -7.247 -7.147 -8.129 -8.265 -8.728 -9.257 -9.890 -10.280 -10.905 -11.243 -11.310
15.000 2.162 4.908 -0.020 -2.968 -5.241 -6.122 -7.230 -7.131 -8.112 -8.249 -8.711 -9.240 -9.873 -10.263 -10.889 -11.226 -11.293
