# day W2 M2 W1 u B g V c r w o i z y J H K
0.000 -11.029 -10.823 -10.618 -9.755 -9.386 -9.207 -8.894 -9.019 -8.637 -8.822 -8.495 -8.213 -7.897 -7.654 -7.160 -6.524 -5.936
0.100 -15.573 -15.533 -15.431 -15.018 -14.794 -14.678 -14.474 -14.551 -14.296 -14.406 -14.195 -13.991 -13.750 -13.558 -13.159 -12.613 -12.091
0.200 -15.219 -15.336 -15.353 -15.323 -15.214 -15.147 -15.021 -15.066 -14.898 -14.961 -14.826 -14.672 -14.480 -14.321 -13.982 -13.492 -13.009
0.300 -14.496 -14.759 -14.920 -15.266 -15.276 -15.258 -15.208 -15.224 -15.138 -15.161 -15.094 -14.985 -14.839 -14.709 -14.422 -13.980 -13.530
0.400 -13.639 -14.028 -14.355 -15.061 -15.194 -15.226 -15.251 -15.240 -15.233 -15.222 -15.216 -15.151 -15.047 -14.945 -14.706 -14.307 -13.888
0.500 -12.738 -13.225 -13.732 -14.774 -15.031 -15.113 -15.210 -15.175 -15.243 -15.204 -15.255 -15.231 -15.168 -15.092 -14.901 -14.543 -14.151
0.600 -11.848 -12.398 -13.090 -14.436 -14.813 -14.944 -15.111 -15.055 -15.196 -15.135 -15.235 -15.252 -15.229 -15.180 -15.034 -14.717 -14.352
0.700 -10.998 -11.574 -12.448 -14.058 -14.552 -14.732 -14.966 -14.892 -15.101 -15.024 -15.169 -15.225 -15.243 -15.220 -15.121 -14.844 -14.507
0.800 -10.194 -10.759 -11.808 -13.647 -14.254 -14.480 -14.779 -14.690 -14.964 -14.876 -15.063 -15.157 -15.216 -15.220 -15.169 -14.934 -14.626
0.900 -9.411 -9.938 -11.158 -13.196 -13.914 -14.188 -14.550 -14.448 -14.786 -14.692 -14.916 -15.049 -15.150 -15.184 -15.183 -14.992 -14.713
1.000 -8.625 -9.089 -10.485 -12.704 -13.533 -13.854 -14.280 -14.168 -14.569 -14.474 -14.732 -14.904 -15.050 -15.113 -15.166 -15.022 -14.774
1.100 -7.814 -8.182 -9.773 -12.163 -13.107 -13.477 -13.968 -13.847 -14.311 -14.220 -14.511 -14.722 -14.915 -15.011 -15.120 -15.026 -14.812
1.200 -6.983 -7.217 -9.027 -11.575 -12.640 -13.060 -13.617 -13.490 -14.017 -13.934 -14.255 -14.506 -14.749 -14.878 -15.048 -15.008 -14.830
1.300 -6.140 -6.193 -8.252 -10.942 -12.133 -12.606 -13.230 -13.099 -13.688 -13.620 -13.968 -14.259 -14.554 -14.719 -14.953 -14.969 -14.829
1.400 -5.320 -5.160 -7.480 -10.285 -11.602 -12.127 -12.818 -12.685 -13.334 -13.286 -13.657 -13.987 -14.335 -14.536 -14.838 -14.913 -14.814
1.500 -4.561 -4.189 -6.745 -9.628 -11.064 -11.639 -12.391 -12.259 -12.964 -12.939 -13.331 -13.698 -14.098 -14.336 -14.706 -14.842 -14.784
1.600 -3.919 -3.400 -6.110 -9.029 -10.564 -11.182 -11.990 -11.861 -12.615 -12.615 -13.023 -13.422 -13.870 -14.141 -14.569 -14.756 -14.733
1.700 -3.425 -2.829 -5.615 -8.539 -10.152 -10.806 -11.662 -11.536 -12.331 -12.353 -12.773 -13.198 -13.682 -13.976 -14.443 -14.658 -14.650
1.800 -3.047 -2.429 -5.235 -8.153 -9.807 -10.484 -11.371 -11.250 -12.074 -12.116 -12.543 -12.989 -13.503 -13.818 -14.320 -14.562 -14.571
1.900 -2.765 -2.135 -4.955 -7.868 -9.535 -10.223 -11.127 -11.009 -11.851 -11.908 -12.340 -12.799 -13.337 -13.668 -14.201 -14.470 -14.495
2.000 -2.534 -1.870 -4.728 -7.647 -9.319 -10.011 -10.923 -10.807 -11.658 -11.725 -12.160 -12.628 -13.183 -13.528 -14.087 -14.380 -14.422
2.100 -2.381 -1.630 -4.580 -7.517 -9.213 -9.911 -10.828 -10.712 -11.566 -11.632 -12.067 -12.536 -13.090 -13.435 -13.994 -14.287 -14.329
2.200 -2.249 -1.410 -4.451 -7.404 -9.125 -9.829 -10.752 -10.635 -11.491 -11.557 -11.992 -12.461 -13.013 -13.356 -13.911 -14.201 -14.242
2.300 -2.114 -1.180 -4.318 -7.286 -9.034 -9.746 -10.675 -10.558 -11.417 -11.483 -11.919 -12.388 -12.940 -13.282 -13.834 -14.121 -14.160
2.400 -1.975 -0.942 -4.182 -7.162 -8.939 -9.660 -10.597 -10.480 -11.344 -11.410 -11.848 -12.318 -12.869 -13.211 -13.761 -14.046 -14.083
2.500 -1.841 -0.708 -4.049 -7.040 -8.846 -9.576 -10.521 -10.404 -11.272 -11.340 -11.778 -12.250 -12.802 -13.144 -13.693 -13.976 -14.012
2.600 -1.713 -0.482 -3.922 -6.921 -8.756 -9.493 -10.447 -10.330 -11.203 -11.272 -11.712 -12.185 -12.738 -13.080 -13.628 -13.910 -13.945
2.700 -1.583 -0.249 -3.791 -6.796 -8.661 -9.408 -10.370 -10.254 -11.133 -11.204 -11.645 -12.120 -12.675 -13.017 -13.566 -13.847 -13.880
2.800 -1.449 -0.007 -3.657 -6.667 -8.563 -9.319 -10.292 -10.175 -11.061 -11.134 -11.577 -12.055 -12.613 -12.956 -13.505 -13.786 -13.819
2.900 -1.314 0.238 -3.521 -6.534 -8.462 -9.228 -10.211 -10.095 -10.988 -11.064 -11.508 -11.989 -12.550 -12.895 -13.446 -13.727 -13.760
3.000 -1.186 0.472 -3.391 -6.406 -8.364 -9.140 -10.132 -10.017 -10.916 -10.996 -11.441 -11.925 -12.489 -12.836 -13.389 -13.671 -13.704
3.100 -1.057 0.708 -3.261 -6.275 -8.264 -9.049 -10.051 -9.938 -10.843 -10.926 -11.374 -11.860 -12.429 -12.778 -13.334 -13.618 -13.651
3.200 -0.925 0.951 -3.127 -6.139 -8.159 -8.955 -9.968 -9.855 -10.768 -10.855 -11.304 -11.795 -12.368 -12.719 -13.280 -13.565 -13.600
3.300 -0.791 1.198 -2.991 -6.000 -8.052 -8.858 -9.882 -9.770 -10.691 -10.782 -11.233 -11.727 -12.306 -12.661 -13.225 -13.514 -13.551
3.400 -0.656 1.446 -2.854 -5.858 -7.941 -8.758 -9.793 -9.683 -10.612 -10.708 -11.160 -11.659 -12.243 -12.601 -13.172 -13.465 -13.503
3.500 -0.525 1.686 -2.720 -5.718 -7.832 -8.659 -9.705 -9.596 -10.533 -10.634 -11.088 -11.591 -12.181 -12.543 -13.120 -13.417 -13.458
3.600 -0.395 1.919 -2.588 -5.579 -7.723 -8.560 -9.616 -9.509 -10.453 -10.560 -11.015 -11.523 -12.119 -12.485 -13.069 -13.371 -13.415
3.700 -0.265 2.151 -2.456 -5.439 -7.612 -8.458 -9.526 -9.420 -10.372 -10.484 -10.941 -11.453 -12.056 -12.427 -13.018 -13.326 -13.374
3.800 -0.134 2.381 -2.322 -5.296 -7.498 -8.354 -9.432 -9.328 -10.288 -10.407 -10.865 -11.382 -11.992 -12.368 -12.967 -13.282 -13.334
3.900 -0.003 2.604 -2.189 -5.153 -7.383 -8.248 -9.337 -9.235 -10.203 -10.328 -10.788 -11.309 -11.927 -12.308 -12.916 -13.239 -13.296
4.000 0.128 2.818 -2.056 -5.011 -7.266 -8.140 -9.241 -9.140 -10.116 -10.247 -10.709 -11.235 -11.861 -12.247 -12.865 -13.196 -13.258
4.100 0.235 2.981 -1.947 -4.895 -7.168 -8.049 -9.157 -9.058 -10.040 -10.176 -10.638 -11.168 -11.800 -12.190 -12.816 -13.153 -13.220
4.200 0.279 3.024 -1.904 -4.851 -7.125 -8.006 -9.114 -9.014 -9.996 -10.132 -10.595 -11.124 -11.756 -12.147 -12.772 -13.110 -13.177
4.300 0.322 3.067 -1.861 -4.808 -7.082 -7.963 -9.071 -8.971 -9.953 -10.089 -10.552 -11.081 -11.714 -12.104 -12.729 -13.067 -13.134
4.400 0.364 3.109 -1.819 -4.766 -7.040 -7.921 -9.028 -8.929 -9.911 -10.047 -10.509 -11.039 -11.671 -12.062 -12.687 -13.025 -13.092
4.500 0.406 3.151 -1.777 -4.724 -6.998 -7.879 -8.986 -8.887 -9.869 -10.005 -10.467 -10.997 -11.629 -12.020 -12.645 -12.983 -13.050
4.600 0.447 3.193 -1.735 -4.682 -6.956 -7.837 -8.945 -8.846 -9.827 -9.963 -10.426 -10.955 -11.588 -11.978 -12.604 -12.941 -13.008
4.700 0.489 3.234 -1.694 -4.641 -6.915 -7.796 -8.904 -8.804 -9.786 -9.922 -10.385 -10.914 -11.546 -11.937 -12.562 -12.900 -12.967
4.800 0.529 3.275 -1.653 -4.600 -6.874 -7.755 -8.863 -8.764 -9.745 -9.882 -10.344 -10.873 -11.506 -11.896 -12.522 -12.859 -12.926
4.900 0.569 3.315 -1.613 -4.561 -6.834 -7.715 -8.823 -8.724 -9.706 -9.842 -10.304 -10.834 -11.466 -11.856 -12.482 -12.819 -12.886
5.000 0.608 3.354 -1.574 -4.521 -6.795 -7.676 -8.784 -8.685 -9.666 -9.802 -10.265 -10.794 -11.427 -11.817 -12.443 -12.780 -12.847
5.100 0.647 3.393 -1.535 -4.482 -6.756 -7.637 -8.745 -8.646 -9.627 -9.763 -10.226 -10.755 -11.388 -11.778 -12.403 -12.741 -12.808
5.200 0.687 3.432 -1.496 -4.443 -6.717 -7.598 -8.706 -8.606 -9.588 -9.724 -10.187 -10.716 -11.349 -11.739 -12.364 -12.702 -12.769
5.300 0.726 3.471 -1.457 -4.404 -6.678 -7.559 -8.667 -8.567 -9.549 -9.685 -10.148 -10.677 -11.310 -11.700 -12.325 -12.663 -12.730
5.400 0.764 3.510 -1.418 -4.365 -6.639 -7.520 -8.628 -8.529 -9.510 -9.646 -10.109 -10.638 -11.271 -11.661 -12.287 -12.624 -12.691
5.500 0.803 3.549 -1.379 -4.326 -6.600 -7.481 -8.589 -8.490 -9.471 -9.607 -10.070 -10.599 -11.232 -11.622 -12.248 -12.585 -12.652
5.600 0.842 3.588 -1.340 -4.288 -6.561 -7.442 -8.550 -8.451 -9.432 -9.569 -10.031 -10.560 -11.193 -11.583 -12.209 -12.546 -12.613
5.700 0.881 3.626 -1.302 -4.249 -6.523 -7.404 -8.512 -8.412 -9.394 -9.530 -9.993 -10.522 -11.154 -11.545 -12.170 -12.508 -12.575
5.800 0.919 3.664 -1.264 -4.211 -6.485 -7.366 -8.473 -8.374 -9.356 -9.492 -9.954 -10.484 -11.116 -11.507 -12.132 -12.470 -12.537
5.900 0.957 3.702 -1.226 -4.173 -6.447 -7.328 -8.435 -8.336 -9.318 -9.454 -9.916 -10.446 -11.078 -11.469 -12.094 -12.432 -12.499
6.000 0.995 3.740 -1.188 -4.135 -6.409 -7.290 -8.397 -8.298 -9.280 -9.416 -9.878 -10.408 -11.040 -11.431 -12.056 -12.394 -12.461
6.100 1.033 3.778 -1.150 -4.097 -6.371 -7.252 -8.360 -8.260 -9.242 -9.378 -9.841 -10.370 -11.002 -11.393 -12.018 -12.356 -12.423
6.200 1.071 3.816 -1.112 -4.059 -6.333 -7.214 -8.322 -8.222 -9.204 -9.340 -9.803 -10.332 -10.964 -11.355 -11.980 -12.318 -12.385
6.300 1.109 3.854 -1.074 -4.021 -6.295 -7.176 -8.284 -8.184 -9.166 -9.302 -9.765 -10.294 -10.926 -11.317 -11.942 -12.280 -12.347
6.400 1.147 3.892 -1.036 -3.983 -6.257 -7.138 -8.246 -8.146 -9.128 -9.264 -9.727 -10.256 -10.889 -11.279 -11.904 -12.242 -12.309
6.500 1.184 3.930 -0.998 -3.945 -6.219 -7.100 -8.208 -8.109 -9.090 -9.226 -9.689 -10.218 -10.851 -11.241 -11.867 -12.204 -12.271
6.600 1.222 3.968 -0.960 -3.908 -6.181 -7.062 -8.170 -8.071 -9.053 -9.189 -9.651 -10.181 -10.813 -11.203 -11.829 -12.166 -12.234
6.700 1.259 4.005 -0.923 -3.870 -6.144 -7.025 -8.133 -8.034 -9.015 -9.151 -9.614 -10.143 -10.776 -11.166 -11.792 -12.129 -12.196
6.800 1.296 4.042 -0.886 -3.833 -6.107 -6.988 -8.096 -7.997 -8.978 -9.114 -9.577 -10.106 -10.739 -11.129 -11.755 -12.092 -12.159
6.900 1.333 4.079 -0.849 -3.797 -6.070 -6.951 -8.059 -7.960 -8.942 -9.078 -9.540 -10.070 -10.702 -11.092 -11.718 -12.055 -12.122
7.000 1.370 4.115 -0.813 -3.760 -6.034 -6.915 -8.023 -7.923 -8.905 -9.041 -9.504 -10.033 -10.666 -11.056 -11.681 -12.019 -12.086
7.100 1.406 4.151 -0.777 -3.724 -5.998 -6.879 -7.986 -7.887 -8.869 -9.005 -9.467 -9.997 -10.629 -11.020 -11.645 -11.983 -12.050
7.200 1.442 4.187 -0.741 -3.688 -5.962 -6.843 -7.950 -7.851 -8.833 -8.969 -9.431 -9.961 -10.593 -10.984 -11.609 -11.947 -12.014
7.300 1.478 4.223 -0.705 -3.652 -5.926 -6.807 -7.915 -7.815 -8.797 -8.933 -9.396 -9.925 -10.558 -10.948 -11.573 -11.911 -11.978
7.400 1.513 4.259 -0.669 -3.617 -5.890 -6.771 -7.879 -7.780 -8.762 -8.898 -9.360 -9.890 -10.522 -10.912 -11.538 -11.876 -11.943
7.500 1.548 4.294 -0.634 -3.582 -5.855 -6.736 -7.844 -7.745 -8.727 -8.863 -9.325 -9.855 -10.487 -10.877 -11.503 -11.840 -11.907
7.600 1.583 4.328 -0.600 -3.547 -5.821 -6.702 -7.810 -7.710 -8.692 -8.828 -9.290 -9.820 -10.452 -10.843 -11.468 -11.806 -11.873
7.700 1.617 4.363 -0.565 -3.513 -5.786 -6.667 -7.775 -7.676 -8.658 -8.794 -9.256 -9.786 -10.418 -10.808 -11.434 -11.771 -11.838
7.800 1.651 4.397 -0.531 -3.479 -5.752 -6.633 -7.741 -7.642 -8.624 -8.760 -9.222 -9.752 -10.384 -10.774 -11.400 -11.737 -11.805
7.900 1.684 4.430 -0.498 -3.445 -5.719 -6.600 -7.708 -7.609 -8.590 -8.726 -9.189 -9.718 -10.351 -10.741 -11.366 -11.704 -11.771
8.000 1.717 4.463 -0.465 -3.412 -5.686 -6.567 -7.675 -7.576 -8.557 -8.693 -9.156 -9.685 -10.318 -10.708 -11.334 -11.671 -11.738
8.100 1.750 4.495 -0.433 -3.380 -5.654 -6.535 -7.642 -7.543 -8.525 -8.661 -9.123 -9.653 -10.285 -10.676 -11.301 -11.639 -11.706
8.200 1.782 4.527 -0.401 -3.348 -5.622 -6.503 -7.611 -7.511 -8.493 -8.629 -9.092 -9.621 -10.253 -10.644 -11.269 -11.607 -11.674
8.300 1.813 4.559 -0.369 -3.317 -5.590 -6.471 -7.579 -7.480 -8.461 -8.598 -9.060 -9.589 -10.222 -10.612 -11.238 -11.575 -11.642
8.400 1.844 4.590 -0.338 -3.286 -5.559 -6.440 -7.548 -7.449 -8.430 -8.567 -9.029 -9.558 -10.191 -10.581 -11.207 -11.544 -11.611
8.500 1.875 4.620 -0.308 -3.255 -5.529 -6.410 -7.518 -7.418 -8.400 -8.536 -8.999 -9.528 -10.160 -10.551 -11.176 -11.514 -11.581
8.600 1.905 4.650 -0.278 -3.225 -5.499 -6.380 -7.487 -7.388 -8.370 -8.506 -8.968 -9.498 -10.130 -10.521 -11.146 -11.484 -11.551
8.700 1.934 4.680 -0.248 -3.195 -5.469 -6.350 -7.458 -7.359 -8.340 -8.477 -8.939 -9.468 -10.101 -10.491 -11.117 -11.454 -11.521
8.800 1.963 4.709 -0.219 -3.166 -5.440 -6.321 -7.429 -7.330 -8.311 -8.447 -8.910 -9.439 -10.072 -10.462 -11.088 -11.425 -11.492
8.900 1.992 4.737 -0.190 -3.138 -5.411 -6.292 -7.400 -7.301 -8.283 -8.419 -8.881 -9.411 -10.043 -10.433 -11.059 -11.397 -11.464
9.000 2.020 4.766 -0.162 -3.110 -5.383 -6.264 -7.372 -7.273 -8.255 -8.391 -8.853 -9.383 -10.015 -10.405 -11.031 -11.369 -11.436
9.100 2.048 4.793 -0.135 -3.082 -5.356 -6.237 -7.345 -7.245 -8.227 -8.363 -8.826 -9.355 -9.988 -10.378 -11.003 -11.341 -11.408
9.200 2.075 4.820 -0.108 -3.055 -5.329 -6.210 -7.318 -7.218 -8.200 -8.336 -8.799 -9.328 -9.960 -10.351 -10.976 -11.314 -11.381
9.300 2.101 4.847 -0.081 -3.028 -5.302 -6.183 -7.291 -7.192 -8.173 -8.310 -8.772 -9.301 -9.934 -10.324 -10.950 -11.287 -11.354
9.400 2.127 4.873 -0.055 -3.002 -5.276 -6.157 -7.265 -7.166 -8.147 -8.283 -8.746 -9.275 -9.908 -10.298 -10.924 -11.261 -11.328
9.500 2.153 4.899 -0.029 -2.977 -5.250 -6.131 -7.239 -7.140 -8.122 -8.258 -8.720 -9.250 -9.882 -10.272 -10.898 -11.235 -11.303
9.600 2.178 4.924 -0.004 -2.952 -5.225 -6.106 -7.214 -7.115 -8.096 -8.233 -8.695 -9.224 -9.857 -10.247 -10.873 -11.210 -11.277
9.700 2.203 4.949 0.021 -2.927 -5.200 -6.081 -7.189 -7.090 -8.072 -8.208 -8.670 -9.200 -9.832 -10.222 -10.848 -11.186 -11.253
9.800 2.227 4.973 0.045 -2.902 -5.176 -6.057 -7.165 -7.066 -8.047 -8.184 -8.646 -9.175 -9.808 -10.198 -10.824 -11.161 -11.228
9.900 2.251 4.997 0.069 -2.879 -5.152 -6.033 -7.141 -7.042 -8.023 -8.160 -8.622 -9.151 -9.784 -10.174 -10.800 -11.137 -11.204
10.000 2.275 5.020 0.092 -2.855 -5.129 -6.010 -7.118 -7.018 -8.000 -8.136 -8.599 -9.128 -9.760 -10.151 -10.776 -11.114 -11.181
10.100 2.298 5.043 0.115 -2.832 -5.106 -5.987 -7.094 -6.995 -7.977 -8.113 -8.575 -9.105 -9.737 -10.128 -10.753 -11.091 -11.158
10.200 2.321 5.066 0.138 -2.809 -5.083 -5.964 -7.072 -6.972 -7.954 -8.090 -8.553 -9.082 -9.714 -10.105 -10.730 -11.068 -11.135
10.300 2.343 5.089 0.161 -2.787 -5.060 -5.941 -7.049 -6.950 -7.932 -8.068 -8.530 -9.060 -9.692 -10.082 -10.708 -11.046 -11.113
10.400 2.365 5.111 0.183 -2.765 -5.038 -5.919 -7.027 -6.928 -7.910 -8.046 -8.508 -9.038 -9.670 -10.060 -10.686 -11.023 -11.091
10.500 2.387 5.132 0.204 -2.743 -5.017 -5.898 -7.006 -6.906 -7.888 -8.024 -8.487 -9.016 -9.648 -10.039 -10.664 -11.002 -11.069
10.600 2.408 5.154 0.226 -2.722 -4.995 -5.876 -6.984 -6.885 -7.867 -8.003 -8.465 -8.995 -9.627 -10.017 -10.643 -10.980 -11.048
10.700 2.429 5.175 0.247 -2.701 -4.974 -5.855 -6.963 -6.864 -7.846 -7.982 -8.444 -8.974 -9.606 -9.996 -10.622 -10.959 -11.026
10.800 2.450 5.195 0.267 -2.680 -4.954 -5.835 -6.942 -6.843 -7.825 -7.961 -8.423 -8.953 -9.585 -9.976 -10.601 -10.939 -11.006
10.900 2.470 5.216 0.288 -2.660 -4.933 -5.814 -6.922 -6.823 -7.804 -7.941 -8.403 -8.932 -9.565 -9.955 -10.581 -10.918 -10.985
11.000 2.490 5.236 0.308 -2.639 -4.913 -5.794 -6.902 -6.803 -7.784 -7.920 -8.383 -8.912 -9.545 -9.935 -10.561 -10.898 -10.965
11.100 2.510 5.256 0.328 -2.620 -4.893 -5.774 -6.882 -6.783 -7.764 -7.901 -8.363 -8.893 -9.525 -9.915 -10.541 -10.878 -10.945
11.200 2.530 5.275 0.347 -2.600 -4.874 -5.755 -6.862 -6.763 -7.745 -7.881 -8.343 -8.873 -9.505 -9.896 -10.521 -10.859 -10.926
11.300 2.549 5.295 0.367 -2.581 -4.854 -5.735 -6.843 -6.744 -7.726 -7.862 -8.324 -8.854 -9.486 -9.876 -10.502 -10.839 -10.906
11.400 2.568 5.314 0.386 -2.562 -4.835 -5.716 -6.824 -6.725 -7.706 -7.843 -8.305 -8.835 -9.467 -9.857 -10.483 -10.820 -10.887
11.500 2.587 5.333 0.405 -2.543 -4.816 -5.697 -6.805 -6.706 -7.688 -7.824 -8.286 -8.816 -9.448 -9.838 -10.464 -10.801 -10.869
11.600 2.606 5.351 0.423 -2.524 -4.798 -5.679 -6.787 -6.687 -7.669 -7.805 -8.268 -8.797 -9.429 -9.820 -10.445 -10.783 -10.850
11.700 2.624 5.370 0.442 -2.506 -4.779 -5.660 -6.768 -6.669 -7.651 -7.787 -8.249 -8.779 -9.411 -9.801 -10.427 -10.764 -10.831
11.800 2.642 5.388 0.460 -2.488 -4.761 -5.642 -6.750 -6.651 -7.632 -7.769 -8.231 -8.760 -9.393 -9.783 -10.409 -10.746 -10.813
11.900 2.660 5.406 0.478 -2.470 -4.743 -5.624 -6.732 -6.633 -7.614 -7.751 -8.213 -8.742 -9.375 -9.765 -10.391 -10.728 -10.795
12.000 2.678 5.424 0.496 -2.452 -4.725 -5.606 -6.714 -6.615 -7.597 -7.733 -8.195 -8.725 -9.357 -9.747 -10.373 -10.711 -10.778
12.100 2.696 5.441 0.513 -2.434 -4.708 -5.589 -6.697 -6.597 -7.579 -7.715 -8.178 -8.707 -9.340 -9.730 -10.355 -10.693 -10.760
12.200 2.713 5.459 0.531 -2.417 -4.690 -5.571 -6.679 -6.580 -7.562 -7.698 -8.160 -8.690 -9.322 -9.712 -10.338 -10.676 -10.743
12.300 2.730 5.476 0.548 -2.400 -4.673 -5.554 -6.662 -6.563 -7.544 -7.681 -8.143 -8.673 -9.305 -9.695 -10.321 -10.658 -10.725
12.400 2.747 5.493 0.565 -2.383 -4.656 -5.537 -6.645 -6.546 -7.527 -7.664 -8.126 -8.655 -9.288 -9.678 -10.304 -10.641 -10.708
12.500 2.764 5.510 0.582 -2.366 -4.639 -5.520 -6.628 -6.529 -7.511 -7.647 -8.109 -8.639 -9.271 -9.661 -10.287 -10.624 -10.691
12.600 2.781 5.526 0.598 -2.349 -4.623 -5.504 -6.611 -6.512 -7.494 -7.630 -8.092 -8.622 -9.254 -9.645 -10.270 -10.608 -10.675
12.700 2.797 5.543 0.615 -2.332 -4.606 -5.487 -6.595 -6.496 -7.477 -7.613 -8.076 -8.605 -9.238 -9.628 -10.254 -10.591 -10.658
12.800 2.814 5.559 0.631 -2.316 -4.590 -5.471 -6.578 -6.479 -7.461 -7.597 -8.059 -8.589 -9.221 -9.612 -10.237 -10.575 -10.642
12.900 2.830 5.576 0.648 -2.300 -4.573 -5.454 -6.562 -6.463 -7.445 -7.581 -8.043 -8.573 -9.205 -9.595 -10.221 -10.558 -10.625
13.000 2.846 5.592 0.664 -2.284 -4.557 -5.438 -6.546 -6.447 -7.428 -7.565 -8.027 -8.557 -9.189 -9.579 -10.205 -10.542 -10.609
13.100 2.862 5.608 0.680 -2.268 -4.541 -5.422 -6.530 -6.431 -7.412 -7.549 -8.011 -8.541 -9.173 -9.563 -10.189 -10.526 -10.593
13.200 2.878 5.624 0.696 -2.252 -4.525 -5.406 -6.514 -6.415 -7.397 -7.533 -7.995 -8.525 -9.157 -9.547 -10.173 -10.511 -10.578
13.300 2.894 5.639 0.711 -2.236 -4.510 -5.391 -6.499 -6.399 -7.381 -7.517 -7.980 -8.509 -9.141 -9.532 -10.157 -10.495 -10.562
13.400 2.909 5.655 0.727 -2.221 -4.494 -5.375 -6.483 -6.384 -7.365 -7.502 -7.964 -8.493 -9.126 -9.516 -10.142 -10.479 -10.546
13.500 2.925 5.670 0.742 -2.205 -4.479 -5.360 -6.468 -6.368 -7.350 -7.486 -7.949 -8.478 -9.110 -9.501 -10.126 -10.464 -10.531
13.600 2.940 5.686 0.758 -2.190 -4.463 -5.344 -6.452 -6.353 -7.335 -7.471 -7.933 -8.463 -9.095 -9.485 -10.111 -10.449 -10.516
13.700 2.955 5.701 0.773 -2.175 -4.448 -5.329 -6.437 -6.338 -7.319 -7.456 -7.918 -8.448 -9.080 -9.470 -10.096 -10.433 -10.500
13.800 2.970 5.716 0.788 -2.160 -4.433 -5.314 -6.422 -6.323 -7.304 -7.441 -7.903 -8.432 -9.065 -9.455 -10.081 -10.418 -10.485
13.900 2.985 5.731 0.803 -2.145 -4.418 -5.299 -6.407 -6.308 -7.289 -7.426 -7.888 -8.417 -9.050 -9.440 -10.066 -10.403 -10.470
14.000 3.000 5.746 0.818 -2.130 -4.403 -5.284 -6.392 -6.293 -7.275 -7.411 -7.873 -8.403 -9.035 -9.425 -10.051 -10.388 -10.455
14.100 3.015 5.760 0.832 -2.115 -4.389 -5.270 -6.377 -6.278 -7.260 -7.396 -7.858 -8.388 -9.020 -9.411 -10.036 -10.374 -10.441
14.200 3.029 5.775 0.847 -2.100 -4.374 -5.255 -6.363 -6.264 -7.245 -7.381 -7.844 -8.373 -9.006 -9.396 -10.022 -10.359 -10.426
14.300 3.044 5.789 0.861 -2.086 -4.359 -5.240 -6.348 -6.249 -7.231 -7.367 -7.829 -8.359 -8.991 -9.381 -10.007 -10.345 -10.412
14.400 3.058 5.804 0.876 -2.071 -4.345 -5.226 -6.334 -6.235 -7.216 -7.353 -7.815 -8.344 -8.977 -9.367 -9.993 -10.330 -10.397
14.500 3.073 5.818 0.890 -2.057 -4.331 -5.212 -6.320 -6.220 -7.202 -7.338 -7.801 -8.330 -8.963 -9.353 -9.978 -10.316 -10.383
14.600 3.087 5.832 0.904 -2.043 -4.317 -5.198 -6.305 -6.206 -7.188 -7.324 -7.786 -8.316 -8.948 -9.339 -9.964 -10.302 -10.369
14.700 3.101 5.846 0.918 -2.029 -4.303 -5.184 -6.291 -6.192 -7.174 -7.310 -7.772 -8.302 -8.934 -9.325 -9.950 -10.288 -10.355
14.800 3.115 5.860 0.932 -2.015 -4.289 -5.170 -6.277 -6.178 -7.160 -7.296 -7.758 -8.288 -8.920 -9.311 -9.936 -10.274 -10.341
14.900 3.129 5.874 0.946 -2.001 -4.275 -5.156 -6.263 -6.164 -7.146 -7.282 -7.744 -8.274 -8.906 -9.297 -9.922 -10.260 -10.327
15.000 3.143 5.888 0.960 -1.987 -4.261 -5.142 -6.250 -6.150 -7.132 -7.268 -7.731 -8.260 -8.893 -9.283 -9.908 -10.246 -10.313
