# day W2 M2 W1 u B g V c r w o i z y J H K
0.000 -10.596 -10.392 -10.189 -9.334 -8.968 -8.790 -8.478 -8.602 -8.222 -8.406 -8.081 -7.800 -7.485 -7.242 -6.750 -6.115 -5.528
0.100 -14.556 -14.603 -14.567 -14.380 -14.224 -14.137 -13.979 -14.037 -13.832 -13.914 -13.747 -13.570 -13.355 -13.180 -12.809 -12.288 -11.783
0.200 -13.629 -13.904 -14.080 -14.460 -14.482 -14.469 -14.424 -14.438 -14.357 -14.376 -14.313 -14.205 -14.055 -13.923 -13.628 -13.176 -12.717
0.300 -12.409 -12.856 -13.278 -14.167 -14.367 -14.426 -14.489 -14.465 -14.498 -14.471 -14.494 -14.449 -14.361 -14.268 -14.042 -13.650 -13.232
0.400 -11.082 -11.629 -12.317 -13.661 -14.044 -14.179 -14.351 -14.294 -14.439 -14.376 -14.479 -14.497 -14.472 -14.420 -14.265 -13.933 -13.556
0.500 -9.619 -10.187 -11.182 -12.961 -13.547 -13.766 -14.054 -13.968 -14.230 -14.142 -14.322 -14.407 -14.452 -14.445 -14.366 -14.100 -13.765
0.600 -8.067 -8.542 -9.911 -12.106 -12.916 -13.228 -13.639 -13.528 -13.911 -13.812 -14.061 -14.216 -14.337 -14.379 -14.384 -14.189 -13.900
0.700 -6.673 -6.937 -8.699 -11.217 -12.247 -12.649 -13.176 -13.050 -13.543 -13.448 -13.753 -13.974 -14.170 -14.262 -14.353 -14.230 -13.988
0.800 -5.691 -5.773 -7.779 -10.457 -11.653 -12.125 -12.743 -12.610 -13.188 -13.109 -13.452 -13.728 -13.991 -14.129 -14.300 -14.246 -14.050
0.900 -5.096 -5.113 -7.193 -9.913 -11.198 -11.713 -12.389 -12.256 -12.890 -12.830 -13.196 -13.510 -13.827 -14.002 -14.243 -14.251 -14.097
1.000 -4.705 -4.687 -6.812 -9.547 -10.874 -11.411 -12.120 -11.988 -12.655 -12.612 -12.990 -13.330 -13.687 -13.891 -14.188 -14.250 -14.134
1.100 -4.397 -4.334 -6.517 -9.273 -10.629 -11.182 -11.911 -11.780 -12.469 -12.438 -12.824 -13.181 -13.566 -13.792 -14.135 -14.243 -14.162
1.200 -4.145 -4.021 -6.279 -9.061 -10.453 -11.021 -11.771 -11.641 -12.348 -12.326 -12.718 -13.088 -13.492 -13.732 -14.101 -14.233 -14.170
1.300 -3.911 -3.724 -6.056 -8.862 -10.294 -10.879 -11.652 -11.523 -12.250 -12.237 -12.635 -13.018 -13.439 -13.690 -14.078 -14.222 -14.167
1.400 -3.697 -3.448 -5.852 -8.679 -10.145 -10.746 -11.539 -11.411 -12.156 -12.152 -12.557 -12.952 -13.390 -13.653 -14.061 -14.222 -14.176
1.500 -3.491 -3.184 -5.656 -8.500 -9.996 -10.610 -11.422 -11.295 -12.057 -12.063 -12.473 -12.880 -13.337 -13.612 -14.043 -14.223 -14.189
1.600 -3.302 -2.937 -5.474 -8.335 -9.856 -10.481 -11.309 -11.184 -11.960 -11.977 -12.391 -12.809 -13.283 -13.571 -14.025 -14.227 -14.207
1.700 -3.121 -2.698 -5.301 -8.176 -9.720 -10.356 -11.197 -11.074 -11.864 -11.890 -12.308 -12.736 -13.227 -13.528 -14.007 -14.231 -14.227
1.800 -2.951 -2.472 -5.136 -8.027 -9.588 -10.233 -11.085 -10.963 -11.764 -11.800 -12.221 -12.658 -13.166 -13.480 -13.984 -14.231 -14.244
1.900 -2.789 -2.252 -4.981 -7.886 -9.465 -10.117 -10.979 -10.859 -11.669 -11.714 -12.138 -12.583 -13.107 -13.432 -13.961 -14.232 -14.262
2.000 -2.666 -2.047 -4.863 -7.787 -9.397 -10.059 -10.933 -10.813 -11.632 -11.680 -12.106 -12.555 -13.084 -13.413 -13.947 -14.224 -14.257
2.100 -2.560 -1.852 -4.761 -7.702 -9.347 -10.020 -10.905 -10.785 -11.611 -11.661 -12.089 -12.541 -13.072 -13.401 -13.936 -14.211 -14.244
2.200 -2.457 -1.660 -4.661 -7.618 -9.295 -9.979 -10.875 -10.755 -11.589 -11.641 -12.071 -12.526 -13.059 -13.389 -13.924 -14.199 -14.231
2.300 -2.359 -1.473 -4.565 -7.535 -9.244 -9.939 -10.846 -10.726 -11.567 -11.621 -12.053 -12.510 -13.046 -13.377 -13.913 -14.187 -14.218
2.400 -2.265 -1.290 -4.473 -7.453 -9.193 -9.897 -10.814 -10.695 -11.543 -11.599 -12.032 -12.493 -13.031 -13.363 -13.899 -14.173 -14.204
2.500 -2.175 -1.115 -4.384 -7.373 -9.142 -9.856 -10.782 -10.663 -11.517 -11.576 -12.011 -12.473 -13.014 -13.347 -13.884 -14.158 -14.188
2.600 -2.087 -0.940 -4.296 -7.293 -9.090 -9.813 -10.749 -10.630 -11.491 -11.551 -11.988 -12.453 -12.996 -13.331 -13.869 -14.143 -14.172
2.700 -2.000 -0.768 -4.210 -7.213 -9.038 -9.769 -10.715 -10.596 -11.463 -11.526 -11.964 -12.433 -12.978 -13.314 -13.853 -14.127 -14.157
2.800 -1.918 -0.603 -4.127 -7.135 -8.986 -9.726 -10.680 -10.562 -11.434 -11.500 -11.939 -12.410 -12.958 -13.296 -13.836 -14.110 -14.140
2.900 -1.838 -0.442 -4.047 -7.059 -8.934 -9.682 -10.644 -10.527 -11.405 -11.473 -11.914 -12.387 -12.937 -13.276 -13.818 -14.093 -14.122
3.000 -1.758 -0.281 -3.966 -6.981 -8.880 -9.636 -10.606 -10.490 -11.373 -11.443 -11.886 -12.361 -12.915 -13.255 -13.798 -14.073 -14.103
3.100 -1.681 -0.126 -3.888 -6.904 -8.827 -9.591 -10.568 -10.452 -11.341 -11.414 -11.857 -12.335 -12.892 -13.233 -13.779 -14.055 -14.084
3.200 -1.604 0.029 -3.811 -6.827 -8.773 -9.544 -10.530 -10.414 -11.308 -11.384 -11.828 -12.309 -12.868 -13.211 -13.759 -14.036 -14.066
3.300 -1.530 0.178 -3.735 -6.752 -8.719 -9.497 -10.490 -10.375 -11.274 -11.353 -11.798 -12.281 -12.843 -13.188 -13.738 -14.016 -14.046
3.400 -1.455 0.326 -3.660 -6.676 -8.665 -9.449 -10.449 -10.335 -11.239 -11.320 -11.767 -12.252 -12.818 -13.164 -13.716 -13.996 -14.026
3.500 -1.382 0.472 -3.585 -6.600 -8.609 -9.400 -10.407 -10.294 -11.203 -11.286 -11.734 -12.222 -12.790 -13.139 -13.693 -13.975 -14.006
3.600 -1.309 0.614 -3.511 -6.524 -8.553 -9.351 -10.365 -10.252 -11.166 -11.252 -11.701 -12.191 -12.763 -13.113 -13.671 -13.953 -13.986
3.700 -1.237 0.756 -3.437 -6.448 -8.496 -9.301 -10.322 -10.210 -11.128 -11.217 -11.667 -12.160 -12.735 -13.087 -13.648 -13.933 -13.966
3.800 -1.165 0.894 -3.364 -6.372 -8.440 -9.250 -10.278 -10.166 -11.090 -11.182 -11.633 -12.128 -12.707 -13.061 -13.625 -13.912 -13.947
3.900 -1.095 1.029 -3.292 -6.297 -8.383 -9.199 -10.234 -10.123 -11.051 -11.146 -11.598 -12.096 -12.678 -13.034 -13.602 -13.891 -13.927
4.000 -1.023 1.164 -3.219 -6.221 -8.325 -9.147 -10.188 -10.078 -11.011 -11.109 -11.562 -12.062 -12.648 -13.007 -13.578 -13.870 -13.908
4.100 -0.952 1.297 -3.147 -6.144 -8.266 -9.094 -10.141 -10.032 -10.970 -11.071 -11.525 -12.028 -12.617 -12.979 -13.554 -13.849 -13.889
4.200 -0.881 1.428 -3.074 -6.067 -8.206 -9.040 -10.094 -9.986 -10.928 -11.033 -11.487 -11.993 -12.586 -12.950 -13.529 -13.828 -13.870
4.300 -0.809 1.557 -3.001 -5.990 -8.146 -8.986 -10.046 -9.939 -10.886 -10.994 -11.449 -11.958 -12.555 -12.922 -13.505 -13.808 -13.851
4.400 -0.739 1.685 -2.929 -5.913 -8.086 -8.931 -9.998 -9.892 -10.843 -10.954 -11.411 -11.922 -12.524 -12.893 -13.482 -13.788 -13.834
4.500 -0.668 1.810 -2.857 -5.836 -8.025 -8.876 -9.949 -9.844 -10.800 -10.915 -11.373 -11.886 -12.493 -12.865 -13.458 -13.768 -13.817
4.600 -0.597 1.934 -2.785 -5.759 -7.963 -8.820 -9.900 -9.796 -10.756 -10.875 -11.333 -11.850 -12.461 -12.836 -13.435 -13.749 -13.801
4.700 -0.525 2.057 -2.712 -5.680 -7.901 -8.763 -9.849 -9.746 -10.711 -10.834 -11.293 -11.813 -12.428 -12.807 -13.411 -13.730 -13.785
4.800 -0.454 2.178 -2.639 -5.601 -7.838 -8.706 -9.798 -9.696 -10.666 -10.793 -11.253 -11.775 -12.396 -12.777 -13.388 -13.712 -13.770
4.900 -0.382 2.299 -2.566 -5.522 -7.774 -8.648 -9.747 -9.646 -10.621 -10.751 -11.212 -11.737 -12.363 -12.748 -13.364 -13.694 -13.756
5.000 -0.309 2.418 -2.492 -5.442 -7.710 -8.589 -9.694 -9.594 -10.574 -10.709 -11.171 -11.699 -12.329 -12.718 -13.341 -13.676 -13.742
5.100 -0.270 2.476 -2.452 -5.400 -7.673 -8.554 -9.662 -9.563 -10.545 -10.681 -11.143 -11.673 -12.305 -12.695 -13.321 -13.658 -13.725
5.200 -0.252 2.494 -2.434 -5.382 -7.655 -8.536 -9.644 -9.545 -10.526 -10.663 -11.125 -11.654 -12.287 -12.677 -13.303 -13.640 -13.707
5.300 -0.234 2.511 -2.417 -5.364 -7.638 -8.519 -9.627 -9.527 -10.509 -10.645 -11.108 -11.637 -12.269 -12.660 -13.285 -13.623 -13.690
5.400 -0.217 2.528 -2.400 -5.347 -7.621 -8.502 -9.609 -9.510 -10.492 -10.628 -11.090 -11.620 -12.252 -12.643 -13.268 -13.606 -13.673
5.500 -0.201 2.545 -2.383 -5.330 -7.604 -8.485 -9.593 -9.494 -10.475 -10.611 -11.074 -11.603 -12.236 -12.626 -13.252 -13.589 -13.656
5.600 -0.185 2.561 -2.367 -5.314 -7.588 -8.469 -9.577 -9.478 -10.459 -10.596 -11.058 -11.587 -12.220 -12.610 -13.236 -13.573 -13.640
5.700 -0.169 2.576 -2.352 -5.299 -7.573 -8.454 -9.562 -9.462 -10.444 -10.580 -11.043 -11.572 -12.205 -12.595 -13.220 -13.558 -13.625
5.800 -0.155 2.591 -2.337 -5.284 -7.558 -8.439 -9.547 -9.448 -10.429 -10.565 -11.028 -11.557 -12.190 -12.580 -13.206 -13.543 -13.610
5.900 -0.140 2.605 -2.323 -5.270 -7.544 -8.425 -9.533 -9.433 -10.415 -10.551 -11.014 -11.543 -12.175 -12.566 -13.191 -13.529 -13.596
6.000 -0.127 2.619 -2.309 -5.256 -7.530 -8.411 -9.519 -9.420 -10.401 -10.538 -11.000 -11.529 -12.162 -12.552 -13.178 -13.515 -13.582
6.100 -0.114 2.632 -2.296 -5.243 -7.517 -8.398 -9.506 -9.407 -10.388 -10.525 -10.987 -11.516 -12.149 -12.539 -13.165 -13.502 -13.569
6.200 -0.101 2.644 -2.284 -5.231 -7.505 -8.386 -9.493 -9.394 -10.376 -10.512 -10.974 -11.504 -12.136 -12.527 -13.152 -13.490 -13.557
6.300 -0.089 2.657 -2.271 -5.219 -7.492 -8.373 -9.481 -9.382 -10.364 -10.500 -10.962 -11.492 -12.124 -12.514 -13.140 -13.477 -13.544
6.400 -0.077 2.668 -2.260 -5.207 -7.481 -8.362 -9.469 -9.370 -10.352 -10.488 -10.950 -11.480 -12.112 -12.503 -13.128 -13.466 -13.533
6.500 -0.066 2.680 -2.248 -5.196 -7.469 -8.350 -9.458 -9.359 -10.340 -10.477 -10.939 -11.469 -12.101 -12.491 -13.117 -13.454 -13.521
6.600 -0.055 2.691 -2.237 -5.185 -7.458 -8.339 -9.447 -9.348 -10.330 -10.466 -10.928 -11.458 -12.090 -12.480 -13.106 -13.443 -13.510
6.700 -0.044 2.701 -2.227 -5.174 -7.448 -8.329 -9.436 -9.337 -10.319 -10.455 -10.917 -11.447 -12.079 -12.470 -13.095 -13.433 -13.500
6.800 -0.034 2.712 -2.216 -5.163 -7.437 -8.318 -9.426 -9.327 -10.308 -10.444 -10.907 -11.436 -12.069 -12.459 -13.085 -13.422 -13.489
6.900 -0.023 2.722 -2.206 -5.153 -7.427 -8.308 -9.416 -9.316 -10.298 -10.434 -10.897 -11.426 -12.059 -12.449 -13.074 -13.412 -13.479
7.000 -0.014 2.732 -2.196 -5.143 -7.417 -8.298 -9.406 -9.307 -10.288 -10.424 -10.887 -11.416 -12.049 -12.439 -13.065 -13.402 -13.469
7.100 -0.004 2.742 -2.186 -5.134 -7.407 -8.288 -9.396 -9.297 -10.279 -10.415 -10.877 -11.407 -12.039 -12.429 -13.055 -13.393 -13.460
7.200 0.005 2.751 -2.177 -5.124 -7.398 -8.279 -9.387 -9.288 -10.269 -10.405 -10.868 -11.397 -12.030 -12.420 -13.046 -13.383 -13.450
7.300 0.015 2.760 -2.168 -5.115 -7.388 -8.269 -9.377 -9.278 -10.260 -10.396 -10.858 -11.388 -12.020 -12.411 -13.036 -13.374 -13.441
7.400 0.024 2.770 -2.158 -5.106 -7.379 -8.260 -9.368 -9.269 -10.250 -10.387 -10.849 -11.379 -12.011 -12.401 -13.027 -13.364 -13.431
7.500 0.033 2.779 -2.149 -5.096 -7.370 -8.251 -9.359 -9.260 -10.241 -10.377 -10.840 -11.369 -12.002 -12.392 -13.017 -13.355 -13.422
7.600 0.043 2.788 -2.140 -5.087 -7.361 -8.242 -9.350 -9.250 -10.232 -10.368 -10.831 -11.360 -11.993 -12.383 -13.008 -13.346 -13.413
7.700 0.052 2.797 -2.131 -5.078 -7.352 -8.233 -9.341 -9.241 -10.223 -10.359 -10.822 -11.351 -11.983 -12.374 -12.999 -13.337 -13.404
7.800 0.061 2.806 -2.121 -5.069 -7.342 -8.223 -9.331 -9.232 -10.214 -10.350 -10.812 -11.342 -11.974 -12.364 -12.990 -13.328 -13.395
7.900 0.070 2.816 -2.112 -5.060 -7.333 -8.214 -9.322 -9.223 -10.205 -10.341 -10.803 -11.333 -11.965 -12.355 -12.981 -13.318 -13.385
8.000 0.079 2.825 -2.103 -5.050 -7.324 -8.205 -9.313 -9.214 -10.195 -10.332 -10.794 -11.323 -11.956 -12.346 -12.972 -13.309 -13.376
8.100 0.089 2.834 -2.094 -5.041 -7.315 -8.196 -9.304 -9.204 -10.186 -10.322 -10.785 -11.314 -11.947 -12.337 -12.962 -13.300 -13.367
8.200 0.098 2.843 -2.085 -5.032 -7.306 -8.187 -9.294 -9.195 -10.177 -10.313 -10.775 -11.305 -11.937 -12.328 -12.953 -13.291 -13.358
8.300 0.107 2.853 -2.075 -5.023 -7.296 -8.177 -9.285 -9.186 -10.167 -10.304 -10.766 -11.295 -11.928 -12.318 -12.944 -13.281 -13.348
8.400 0.117 2.862 -2.066 -5.013 -7.287 -8.168 -9.275 -9.176 -10.158 -10.294 -10.756 -11.286 -11.918 -12.309 -12.934 -13.272 -13.339
8.500 0.127 2.872 -2.056 -5.003 -7.277 -8.158 -9.266 -9.166 -10.148 -10.284 -10.747 -11.276 -11.909 -12.299 -12.924 -13.262 -13.329
8.600 0.136 2.882 -2.046 -4.993 -7.267 -8.148 -9.256 -9.157 -10.138 -10.274 -10.737 -11.266 -11.899 -12.289 -12.915 -13.252 -13.319
8.700 0.146 2.892 -2.036 -4.983 -7.257 -8.138 -9.246 -9.147 -10.128 -10.264 -10.727 -11.256 -11.889 -12.279 -12.905 -13.242 -13.309
8.800 0.157 2.902 -2.026 -4.973 -7.247 -8.128 -9.236 -9.136 -10.118 -10.254 -10.717 -11.246 -11.879 -12.269 -12.894 -13.232 -13.299
8.900 0.167 2.912 -2.016 -4.963 -7.237 -8.118 -9.226 -9.126 -10.108 -10.244 -10.707 -11.236 -11.868 -12.259 -12.884 -13.222 -13.289
9.000 0.177 2.923 -2.005 -4.953 -7.226 -8.107 -9.215 -9.116 -10.097 -10.234 -10.696 -11.225 -11.858 -12.248 -12.874 -13.211 -13.278
9.100 0.188 2.934 -1.994 -4.942 -7.215 -8.096 -9.204 -9.105 -10.087 -10.223 -10.685 -11.215 -11.847 -12.237 -12.863 -13.201 -13.268
9.200 0.199 2.944 -1.983 -4.931 -7.204 -8.085 -9.193 -9.094 -10.076 -10.212 -10.674 -11.204 -11.836 -12.226 -12.852 -13.190 -13.257
9.300 0.210 2.955 -1.972 -4.920 -7.193 -8.074 -9.182 -9.083 -10.065 -10.201 -10.663 -11.193 -11.825 -12.215 -12.841 -13.179 -13.246
9.400 0.221 2.967 -1.961 -4.909 -7.182 -8.063 -9.171 -9.072 -10.053 -10.190 -10.652 -11.182 -11.814 -12.204 -12.830 -13.167 -13.234
9.500 0.233 2.978 -1.950 -4.897 -7.171 -8.052 -9.160 -9.060 -10.042 -10.178 -10.641 -11.170 -11.803 -12.193 -12.818 -13.156 -13.223
9.600 0.244 2.990 -1.938 -4.886 -7.159 -8.040 -9.148 -9.049 -10.030 -10.167 -10.629 -11.159 -11.791 -12.181 -12.807 -13.144 -13.211
9.700 0.256 3.002 -1.926 -4.874 -7.147 -8.028 -9.136 -9.037 -10.019 -10.155 -10.617 -11.147 -11.779 -12.169 -12.795 -13.133 -13.200
9.800 0.268 3.014 -1.914 -4.862 -7.135 -8.016 -9.124 -9.025 -10.007 -10.143 -10.605 -11.135 -11.767 -12.157 -12.783 -13.120 -13.187
9.900 0.280 3.026 -1.902 -4.849 -7.123 -8.004 -9.112 -9.013 -9.994 -10.130 -10.593 -11.122 -11.755 -12.145 -12.771 -13.108 -13.175
10.000 0.293 3.038 -1.889 -4.837 -7.110 -7.991 -9.099 -9.000 -9.982 -10.118 -10.580 -11.110 -11.742 -12.132 -12.758 -13.096 -13.163
10.100 0.306 3.051 -1.877 -4.824 -7.098 -7.979 -9.087 -8.987 -9.969 -10.105 -10.568 -11.097 -11.729 -12.120 -12.745 -13.083 -13.150
10.200 0.319 3.064 -1.864 -4.811 -7.085 -7.966 -9.074 -8.974 -9.956 -10.092 -10.555 -11.084 -11.716 -12.107 -12.732 -13.070 -13.137
10.300 0.332 3.077 -1.851 -4.798 -7.072 -7.953 -9.061 -8.961 -9.943 -10.079 -10.542 -11.071 -11.703 -12.094 -12.719 -13.057 -13.124
10.400 0.345 3.091 -1.837 -4.785 -7.058 -7.939 -9.047 -8.948 -9.930 -10.066 -10.528 -11.058 -11.690 -12.080 -12.706 -13.043 -13.111
10.500 0.359 3.104 -1.824 -4.771 -7.045 -7.926 -9.034 -8.934 -9.916 -10.052 -10.515 -11.044 -11.676 -12.067 -12.692 -13.030 -13.097
10.600 0.372 3.118 -1.810 -4.757 -7.031 -7.912 -9.020 -8.921 -9.902 -10.038 -10.501 -11.030 -11.663 -12.053 -12.679 -13.016 -13.083
10.700 0.386 3.132 -1.796 -4.743 -7.017 -7.898 -9.006 -8.907 -9.888 -10.024 -10.487 -11.016 -11.649 -12.039 -12.665 -13.002 -13.069
10.800 0.401 3.146 -1.782 -4.729 -7.003 -7.884 -8.992 -8.892 -9.874 -10.010 -10.473 -11.002 -11.635 -12.025 -12.650 -12.988 -13.055
10.900 0.415 3.161 -1.767 -4.715 -6.988 -7.869 -8.977 -8.878 -9.860 -9.996 -10.458 -10.988 -11.620 -12.010 -12.636 -12.974 -13.041
11.000 0.429 3.175 -1.753 -4.700 -6.974 -7.855 -8.963 -8.863 -9.845 -9.981 -10.444 -10.973 -11.606 -11.996 -12.621 -12.959 -13.026
11.100 0.444 3.190 -1.738 -4.686 -6.959 -7.840 -8.948 -8.849 -9.830 -9.967 -10.429 -10.959 -11.591 -11.981 -12.607 -12.944 -13.011
11.200 0.459 3.205 -1.723 -4.671 -6.944 -7.825 -8.933 -8.834 -9.816 -9.952 -10.414 -10.944 -11.576 -11.966 -12.592 -12.929 -12.996
11.300 0.474 3.220 -1.708 -4.656 -6.929 -7.810 -8.918 -8.819 -9.800 -9.937 -10.399 -10.929 -11.561 -11.951 -12.577 -12.914 -12.981
11.400 0.489 3.235 -1.693 -4.640 -6.914 -7.795 -8.903 -8.804 -9.785 -9.921 -10.384 -10.913 -11.546 -11.936 -12.561 -12.899 -12.966
11.500 0.505 3.251 -1.677 -4.625 -6.898 -7.779 -8.887 -8.788 -9.770 -9.906 -10.368 -10.898 -11.530 -11.920 -12.546 -12.884 -12.951
11.600 0.521 3.266 -1.662 -4.609 -6.883 -7.764 -8.872 -8.772 -9.754 -9.890 -10.353 -10.882 -11.515 -11.905 -12.530 -12.868 -12.935
11.700 0.536 3.282 -1.646 -4.593 -6.867 -7.748 -8.856 -8.757 -9.738 -9.874 -10.337 -10.866 -11.499 -11.889 -12.515 -12.852 -12.919
11.800 0.552 3.298 -1.630 -4.577 -6.851 -7.732 -8.840 -8.741 -9.722 -9.858 -10.321 -10.850 -11.483 -11.873 -12.499 -12.836 -12.903
11.900 0.569 3.314 -1.614 -4.561 -6.835 -7.716 -8.824 -8.724 -9.706 -9.842 -10.305 -10.834 -11.467 -11.857 -12.482 -12.820 -12.887
12.000 0.585 3.330 -1.598 -4.545 -6.819 -7.700 -8.807 -8.708 -9.690 -9.826 -10.288 -10.818 -11.450 -11.841 -12.466 -12.804 -12.871
12.100 0.601 3.347 -1.581 -4.529 -6.802 -7.683 -8.791 -8.692 -9.673 -9.810 -10.272 -10.801 -11.434 -11.824 -12.450 -12.787 -12.854
12.200 0.618 3.363 -1.565 -4.512 -6.786 -7.667 -8.774 -8.675 -9.657 -9.793 -10.255 -10.785 -11.417 -11.808 -12.433 -12.771 -12.838
12.300 0.635 3.380 -1.548 -4.495 -6.769 -7.650 -8.758 -8.658 -9.640 -9.776 -10.239 -10.768 -11.401 -11.791 -12.416 -12.754 -12.821
12.400 0.651 3.397 -1.531 -4.478 -6.752 -7.633 -8.741 -8.642 -9.623 -9.759 -10.222 -10.751 -11.384 -11.774 -12.400 -12.737 -12.804
12.500 0.668 3.414 -1.514 -4.461 -6.735 -7.616 -8.724 -8.625 -9.606 -9.742 -10.205 -10.734 -11.367 -11.757 -12.383 -12.720 -12.787
12.600 0.685 3.431 -1.497 -4.444 -6.718 -7.599 -8.707 -8.608 -9.589 -9.725 -10.188 -10.717 -11.350 -11.740 -12.365 -12.703 -12.770
12.700 0.703 3.448 -1.480 -4.427 -6.701 -7.582 -8.690 -8.590 -9.572 -9.708 -10.171 -10.700 -11.332 -11.723 -12.348 -12.686 -12.753
12.800 0.720 3.466 -1.462 -4.410 -6.683 -7.564 -8.672 -8.573 -9.555 -9.691 -10.153 -10.683 -11.315 -11.705 -12.331 -12.668 -12.736
12.900 0.737 3.483 -1.445 -4.392 -6.666 -7.547 -8.655 -8.556 -9.537 -9.673 -10.136 -10.665 -11.298 -11.688 -12.314 -12.651 -12.718
13.000 0.755 3.500 -1.428 -4.375 -6.649 -7.530 -8.637 -8.538 -9.520 -9.656 -10.118 -10.648 -11.280 -11.671 -12.296 -12.634 -12.701
13.100 0.772 3.518 -1.410 -4.357 -6.631 -7.512 -8.620 -8.521 -9.502 -9.638 -10.101 -10.630 -11.263 -11.653 -12.279 -12.616 -12.683
13.200 0.790 3.536 -1.392 -4.340 -6.613 -7.494 -8.602 -8.503 -9.485 -9.621 -10.083 -10.613 -11.245 -11.635 -12.261 -12.598 -12.665
13.300 0.808 3.553 -1.375 -4.322 -6.596 -7.477 -8.584 -8.485 -9.467 -9.603 -10.065 -10.595 -11.227 -11.618 -12.243 -12.581 -12.648
13.400 0.826 3.571 -1.357 -4.304 -6.578 -7.459 -8.567 -8.467 -9.449 -9.585 -10.048 -10.577 -11.209 -11.600 -12.225 -12.563 -12.630
13.500 0.844 3.589 -1.339 -4.286 -6.560 -7.441 -8.549 -8.449 -9.431 -9.567 -10.030 -10.559 -11.191 -11.582 -12.207 -12.545 -12.612
13.600 0.862 3.607 -1.321 -4.268 -6.542 -7.423 -8.531 -8.431 -9.413 -9.549 -10.012 -10.541 -11.173 -11.564 -12.189 -12.527 -12.594
13.700 0.880 3.625 -1.303 -4.250 -6.524 -7.405 -8.513 -8.413 -9.395 -9.531 -9.994 -10.523 -11.155 -11.546 -12.171 -12.509 -12.576
13.800 0.898 3.643 -1.285 -4.232 -6.506 -7.387 -8.494 -8.395 -9.377 -9.513 -9.975 -10.505 -11.137 -11.528 -12.153 -12.491 -12.558
13.900 0.916 3.661 -1.267 -4.214 -6.487 -7.368 -8.476 -8.377 -9.359 -9.495 -9.957 -10.487 -11.119 -11.509 -12.135 -12.473 -12.540
14.000 0.934 3.680 -1.248 -4.196 -6.469 -7.350 -8.458 -8.359 -9.341 -9.477 -9.939 -10.469 -11.101 -11.491 -12.117 -12.454 -12.522
14.100 0.952 3.698 -1.230 -4.178 -6.451 -7.332 -8.440 -8.341 -9.322 -9.459 -9.921 -10.450 -11.083 -11.473 -12.099 -12.436 -12.503
14.200 0.970 3.716 -1.212 -4.159 -6.433 -7.314 -8.422 -8.323 -9.304 -9.440 -9.903 -10.432 -11.065 -11.455 -12.081 -12.418 -12.485
14.300 0.989 3.734 -1.194 -4.141 -6.415 -7.296 -8.404 -8.304 -9.286 -9.422 -9.885 -10.414 -11.046 -11.437 -12.062 -12.400 -12.467
14.400 1.007 3.753 -1.175 -4.123 -6.396 -7.277 -8.385 -8.286 -9.268 -9.404 -9.866 -10.396 -11.028 -11.418 -12.044 -12.382 -12.449
14.500 1.025 3.771 -1.157 -4.105 -6.378 -7.259 -8.367 -8.268 -9.249 -9.386 -9.848 -10.377 -11.010 -11.400 -12.026 -12.363 -12.430
14.600 1.044 3.789 -1.139 -4.086 -6.360 -7.241 -8.349 -8.249 -9.231 -9.367 -9.830 -10.359 -10.992 -11.382 -12.007 -12.345 -12.412
14.700 1.062 3.807 -1.121 -4.068 -6.342 -7.223 -8.330 -8.231 -9.213 -9.349 -9.811 -10.341 -10.973 -11.364 -11.989 -12.327 -12.394
14.800 1.080 3.826 -1.102 -4.050 -6.323 -7.204 -8.312 -8.213 -9.195 -9.331 -9.793 -10.323 -10.955 -11.345 -11.971 -12.308 -12.376
14.900 1.098 3.844 -1.084 -4.031 -6.305 -7.186 -8.294 -8.195 -9.176 -9.313 -9.775 -10.304 -10.937 -11.327 -11.953 -12.290 -12.357
15.000 1.116 3.862 -1.066 -4.013 -6.287 -7.168 -8.276 -8.177 -9.158 -9.294 -9.757 -10.286 -10.919 -11.309 -11.934 -12.272 -12.339
