# day W2 M2 W1 u B g V c r w o i z y J H K
0.000 -11.052 -10.845 -10.640 -9.776 -9.407 -9.228 -8.914 -9.040 -8.657 -8.842 -8.515 -8.233 -7.917 -7.673 -7.179 -6.543 -5.955
0.100 -15.752 -15.707 -15.602 -15.170 -14.934 -14.813 -14.599 -14.680 -14.412 -14.529 -14.307 -14.094 -13.844 -13.646 -13.237 -12.681 -12.152
0.200 -15.549 -15.651 -15.655 -15.577 -15.444 -15.365 -15.218 -15.271 -15.078 -15.153 -14.996 -14.826 -14.617 -14.447 -14.087 -13.579 -13.084
0.300 -15.002 -15.241 -15.372 -15.628 -15.597 -15.558 -15.474 -15.503 -15.378 -15.418 -15.318 -15.185 -15.013 -14.866 -14.549 -14.080 -13.613
0.400 -14.358 -14.712 -14.979 -15.542 -15.609 -15.611 -15.587 -15.592 -15.531 -15.541 -15.493 -15.394 -15.255 -15.130 -14.851 -14.418 -13.976
0.500 -13.697 -14.140 -14.543 -15.378 -15.540 -15.581 -15.614 -15.599 -15.598 -15.582 -15.581 -15.515 -15.407 -15.302 -15.061 -14.661 -14.243
0.600 -13.056 -13.560 -14.092 -15.164 -15.418 -15.495 -15.583 -15.550 -15.606 -15.569 -15.610 -15.575 -15.498 -15.414 -15.208 -14.841 -14.446
0.700 -12.440 -12.983 -13.636 -14.914 -15.254 -15.368 -15.508 -15.459 -15.569 -15.515 -15.594 -15.590 -15.544 -15.480 -15.309 -14.974 -14.602
0.800 -11.838 -12.401 -13.169 -14.631 -15.055 -15.205 -15.394 -15.332 -15.494 -15.425 -15.540 -15.567 -15.551 -15.508 -15.374 -15.072 -14.722
0.900 -11.231 -11.802 -12.685 -14.317 -14.824 -15.008 -15.247 -15.172 -15.385 -15.305 -15.453 -15.509 -15.526 -15.503 -15.406 -15.138 -14.813
1.000 -10.606 -11.172 -12.177 -13.970 -14.560 -14.779 -15.067 -14.981 -15.243 -15.156 -15.335 -15.422 -15.471 -15.470 -15.411 -15.178 -14.878
1.100 -9.955 -10.502 -11.638 -13.590 -14.264 -14.519 -14.856 -14.760 -15.072 -14.979 -15.188 -15.305 -15.387 -15.409 -15.391 -15.195 -14.921
1.200 -9.284 -9.792 -11.072 -13.178 -13.939 -14.231 -14.618 -14.512 -14.874 -14.779 -15.016 -15.163 -15.281 -15.326 -15.349 -15.188 -14.936
1.300 -8.605 -9.054 -10.486 -12.738 -13.588 -13.917 -14.354 -14.240 -14.652 -14.556 -14.821 -14.999 -15.153 -15.222 -15.288 -15.162 -14.932
1.400 -7.947 -8.321 -9.901 -12.281 -13.218 -13.584 -14.070 -13.950 -14.408 -14.316 -14.605 -14.813 -15.004 -15.098 -15.208 -15.119 -14.914
1.500 -7.343 -7.643 -9.345 -11.823 -12.839 -13.240 -13.771 -13.647 -14.149 -14.064 -14.374 -14.610 -14.837 -14.956 -15.111 -15.062 -14.882
1.600 -6.826 -7.072 -8.850 -11.387 -12.468 -12.898 -13.469 -13.341 -13.883 -13.805 -14.133 -14.396 -14.656 -14.800 -14.999 -14.991 -14.838
1.700 -6.418 -6.644 -8.446 -11.005 -12.127 -12.578 -13.178 -13.050 -13.622 -13.554 -13.895 -14.179 -14.471 -14.636 -14.879 -14.910 -14.785
1.800 -6.099 -6.322 -8.129 -10.688 -11.829 -12.294 -12.915 -12.787 -13.381 -13.323 -13.673 -13.976 -14.294 -14.478 -14.755 -14.818 -14.714
1.900 -5.851 -6.072 -7.887 -10.443 -11.588 -12.057 -12.689 -12.563 -13.170 -13.121 -13.477 -13.793 -14.132 -14.331 -14.637 -14.722 -14.632
2.000 -5.649 -5.861 -7.696 -10.258 -11.397 -11.865 -12.499 -12.373 -12.986 -12.942 -13.301 -13.624 -13.978 -14.190 -14.521 -14.629 -14.554
2.100 -5.470 -5.660 -7.530 -10.110 -11.246 -11.711 -12.342 -12.217 -12.829 -12.788 -13.147 -13.474 -13.837 -14.058 -14.410 -14.540 -14.482
2.200 -5.306 -5.467 -7.383 -9.988 -11.127 -11.590 -12.217 -12.092 -12.700 -12.660 -13.017 -13.343 -13.710 -13.937 -14.305 -14.456 -14.415
2.300 -5.155 -5.279 -7.247 -9.881 -11.030 -11.494 -12.118 -11.992 -12.596 -12.554 -12.910 -13.234 -13.600 -13.829 -14.210 -14.379 -14.355
2.400 -5.011 -5.091 -7.118 -9.786 -10.958 -11.428 -12.059 -11.932 -12.538 -12.494 -12.851 -13.173 -13.535 -13.761 -14.136 -14.303 -14.278
2.500 -4.870 -4.901 -6.991 -9.692 -10.891 -11.372 -12.013 -11.884 -12.498 -12.452 -12.811 -13.134 -13.493 -13.715 -14.079 -14.234 -14.201
2.600 -4.730 -4.710 -6.864 -9.596 -10.824 -11.315 -11.966 -11.837 -12.458 -12.412 -12.774 -13.099 -13.456 -13.675 -14.031 -14.177 -14.136
2.700 -4.593 -4.521 -6.739 -9.501 -10.757 -11.258 -11.921 -11.791 -12.420 -12.374 -12.739 -13.066 -13.424 -13.641 -13.991 -14.129 -14.082
2.800 -4.457 -4.330 -6.614 -9.403 -10.687 -11.199 -11.874 -11.743 -12.382 -12.337 -12.705 -13.036 -13.395 -13.612 -13.957 -14.089 -14.037
2.900 -4.319 -4.135 -6.486 -9.301 -10.615 -11.138 -11.826 -11.694 -12.343 -12.299 -12.671 -13.005 -13.368 -13.585 -13.928 -14.055 -13.999
3.000 -4.184 -3.941 -6.359 -9.199 -10.542 -11.076 -11.777 -11.644 -12.303 -12.261 -12.637 -12.976 -13.342 -13.561 -13.903 -14.027 -13.968
3.100 -4.049 -3.746 -6.232 -9.095 -10.468 -11.013 -11.726 -11.593 -12.263 -12.223 -12.603 -12.947 -13.318 -13.539 -13.882 -14.004 -13.942
3.200 -3.916 -3.550 -6.105 -8.991 -10.392 -10.949 -11.675 -11.542 -12.223 -12.185 -12.568 -12.918 -13.295 -13.518 -13.864 -13.985 -13.921
3.300 -3.783 -3.352 -5.977 -8.883 -10.315 -10.882 -11.622 -11.489 -12.181 -12.146 -12.533 -12.889 -13.271 -13.497 -13.847 -13.969 -13.904
3.400 -3.648 -3.150 -5.848 -8.772 -10.234 -10.813 -11.567 -11.434 -12.136 -12.106 -12.496 -12.858 -13.247 -13.477 -13.831 -13.955 -13.890
3.500 -3.515 -2.949 -5.720 -8.661 -10.153 -10.744 -11.511 -11.378 -12.092 -12.065 -12.459 -12.827 -13.223 -13.457 -13.817 -13.943 -13.878
3.600 -3.382 -2.745 -5.590 -8.548 -10.070 -10.673 -11.454 -11.320 -12.046 -12.023 -12.421 -12.795 -13.199 -13.437 -13.803 -13.932 -13.869
3.700 -3.250 -2.540 -5.461 -8.433 -9.986 -10.600 -11.395 -11.262 -11.999 -11.980 -12.382 -12.762 -13.174 -13.417 -13.789 -13.923 -13.862
3.800 -3.118 -2.333 -5.331 -8.316 -9.900 -10.526 -11.335 -11.202 -11.950 -11.936 -12.341 -12.728 -13.148 -13.396 -13.776 -13.915 -13.856
3.900 -2.985 -2.123 -5.200 -8.197 -9.811 -10.449 -11.272 -11.140 -11.900 -11.890 -12.299 -12.693 -13.121 -13.375 -13.763 -13.907 -13.851
4.000 -2.852 -1.910 -5.068 -8.074 -9.721 -10.371 -11.208 -11.076 -11.847 -11.843 -12.256 -12.656 -13.093 -13.352 -13.749 -13.899 -13.846
4.100 -2.719 -1.696 -4.936 -7.952 -9.629 -10.291 -11.142 -11.012 -11.794 -11.796 -12.211 -12.618 -13.064 -13.329 -13.735 -13.892 -13.843
4.200 -2.586 -1.480 -4.803 -7.826 -9.536 -10.210 -11.075 -10.945 -11.739 -11.746 -12.165 -12.579 -13.034 -13.305 -13.721 -13.885 -13.840
4.300 -2.454 -1.262 -4.671 -7.699 -9.441 -10.127 -11.007 -10.878 -11.683 -11.696 -12.118 -12.539 -13.004 -13.281 -13.707 -13.878 -13.837
4.400 -2.321 -1.043 -4.537 -7.571 -9.345 -10.043 -10.937 -10.809 -11.625 -11.645 -12.070 -12.498 -12.972 -13.255 -13.691 -13.871 -13.835
4.500 -2.188 -0.820 -4.403 -7.440 -9.246 -9.957 -10.865 -10.738 -11.566 -11.592 -12.020 -12.455 -12.939 -13.228 -13.676 -13.864 -13.833
4.600 -2.054 -0.594 -4.268 -7.306 -9.146 -9.868 -10.791 -10.666 -11.505 -11.538 -11.969 -12.410 -12.904 -13.201 -13.659 -13.856 -13.830
4.700 -1.920 -0.366 -4.132 -7.170 -9.043 -9.778 -10.715 -10.592 -11.443 -11.482 -11.916 -12.364 -12.869 -13.171 -13.641 -13.848 -13.828
4.800 -1.786 -0.137 -3.996 -7.034 -8.940 -9.687 -10.639 -10.517 -11.379 -11.425 -11.862 -12.318 -12.832 -13.142 -13.623 -13.839 -13.825
4.900 -1.651 0.095 -3.859 -6.894 -8.834 -9.594 -10.560 -10.440 -11.313 -11.367 -11.807 -12.269 -12.794 -13.110 -13.604 -13.830 -13.823
5.000 -1.516 0.327 -3.723 -6.754 -8.728 -9.500 -10.481 -10.362 -11.247 -11.308 -11.750 -12.219 -12.755 -13.078 -13.584 -13.820 -13.819
5.100 -1.382 0.562 -3.586 -6.612 -8.620 -9.404 -10.399 -10.282 -11.178 -11.248 -11.693 -12.169 -12.715 -13.045 -13.564 -13.810 -13.816
5.200 -1.247 0.798 -3.448 -6.468 -8.510 -9.307 -10.317 -10.202 -11.109 -11.186 -11.633 -12.116 -12.673 -13.011 -13.542 -13.799 -13.812
5.300 -1.112 1.036 -3.310 -6.323 -8.399 -9.208 -10.232 -10.119 -11.038 -11.123 -11.573 -12.063 -12.630 -12.975 -13.520 -13.788 -13.808
5.400 -0.976 1.275 -3.171 -6.176 -8.285 -9.108 -10.146 -10.035 -10.965 -11.058 -11.510 -12.007 -12.586 -12.938 -13.496 -13.776 -13.803
5.500 -0.839 1.515 -3.032 -6.027 -8.171 -9.005 -10.058 -9.950 -10.890 -10.992 -11.447 -11.950 -12.540 -12.900 -13.472 -13.762 -13.798
5.600 -0.704 1.753 -2.894 -5.878 -8.056 -8.903 -9.970 -9.864 -10.815 -10.926 -11.382 -11.893 -12.493 -12.861 -13.446 -13.749 -13.792
5.700 -0.569 1.991 -2.756 -5.728 -7.940 -8.799 -9.880 -9.776 -10.738 -10.858 -11.317 -11.834 -12.445 -12.821 -13.420 -13.735 -13.786
5.800 -0.433 2.228 -2.618 -5.577 -7.822 -8.693 -9.789 -9.687 -10.660 -10.788 -11.249 -11.773 -12.396 -12.779 -13.393 -13.719 -13.779
5.900 -0.315 2.431 -2.497 -5.444 -7.718 -8.599 -9.707 -9.608 -10.589 -10.725 -11.188 -11.717 -12.350 -12.740 -13.366 -13.703 -13.770
6.000 -0.294 2.452 -2.476 -5.424 -7.697 -8.578 -9.686 -9.587 -10.568 -10.705 -11.167 -11.697 -12.329 -12.719 -13.345 -13.682 -13.749
6.100 -0.273 2.473 -2.455 -5.402 -7.676 -8.557 -9.665 -9.566 -10.547 -10.684 -11.146 -11.675 -12.308 -12.698 -13.324 -13.661 -13.728
6.200 -0.251 2.494 -2.434 -5.381 -7.655 -8.536 -9.644 -9.544 -10.526 -10.662 -11.125 -11.654 -12.286 -12.677 -13.302 -13.640 -13.707
6.300 -0.229 2.516 -2.412 -5.359 -7.633 -8.514 -9.622 -9.522 -10.504 -10.640 -11.103 -11.632 -12.264 -12.655 -13.280 -13.618 -13.685
6.400 -0.207 2.539 -2.389 -5.337 -7.610 -8.491 -9.599 -9.500 -10.482 -10.618 -11.080 -11.610 -12.242 -12.632 -13.258 -13.595 -13.663
6.500 -0.185 2.561 -2.367 -5.314 -7.588 -8.469 -9.577 -9.478 -10.459 -10.595 -11.058 -11.587 -12.220 -12.610 -13.235 -13.573 -13.640
6.600 -0.162 2.584 -2.344 -5.291 -7.565 -8.446 -9.554 -9.455 -10.436 -10.573 -11.035 -11.564 -12.197 -12.587 -13.213 -13.550 -13.617
6.700 -0.139 2.607 -2.321 -5.268 -7.542 -8.423 -9.531 -9.431 -10.413 -10.549 -11.012 -11.541 -12.174 -12.564 -13.189 -13.527 -13.594
6.800 -0.115 2.631 -2.297 -5.245 -7.518 -8.399 -9.507 -9.408 -10.390 -10.526 -10.988 -11.518 -12.150 -12.540 -13.166 -13.504 -13.571
6.900 -0.091 2.654 -2.274 -5.221 -7.495 -8.376 -9.484 -9.384 -10.366 -10.502 -10.965 -11.494 -12.126 -12.517 -13.142 -13.480 -13.547
7.000 -0.067 2.678 -2.250 -5.197 -7.471 -8.352 -9.460 -9.360 -10.342 -10.478 -10.941 -11.470 -12.102 -12.493 -13.118 -13.456 -13.523
7.100 -0.043 2.703 -2.225 -5.173 -7.446 -8.327 -9.435 -9.336 -10.318 -10.454 -10.916 -11.446 -12.078 -12.468 -13.094 -13.431 -13.499
7.200 -0.018 2.727 -2.201 -5.148 -7.422 -8.303 -9.411 -9.311 -10.293 -10.429 -10.892 -11.421 -12.053 -12.444 -13.069 -13.407 -13.474
7.300 0.007 2.752 -2.176 -5.123 -7.397 -8.278 -9.386 -9.286 -10.268 -10.404 -10.867 -11.396 -12.029 -12.419 -13.044 -13.382 -13.449
7.400 0.032 2.777 -2.151 -5.098 -7.372 -8.253 -9.360 -9.261 -10.243 -10.379 -10.841 -11.371 -12.003 -12.394 -13.019 -13.357 -13.424
7.500 0.057 2.803 -2.125 -5.072 -7.346 -8.227 -9.335 -9.236 -10.217 -10.353 -10.816 -11.345 -11.978 -12.368 -12.993 -13.331 -13.398
7.600 0.083 2.829 -2.099 -5.047 -7.320 -8.201 -9.309 -9.210 -10.191 -10.328 -10.790 -11.320 -11.952 -12.342 -12.968 -13.305 -13.372
7.700 0.109 2.855 -2.073 -5.021 -7.294 -8.175 -9.283 -9.184 -10.165 -10.302 -10.764 -11.294 -11.926 -12.316 -12.942 -13.279 -13.346
7.800 0.135 2.881 -2.047 -4.994 -7.268 -8.149 -9.257 -9.158 -10.139 -10.275 -10.738 -11.267 -11.900 -12.290 -12.916 -13.253 -13.320
7.900 0.162 2.907 -2.021 -4.968 -7.242 -8.123 -9.230 -9.131 -10.113 -10.249 -10.711 -11.241 -11.873 -12.264 -12.889 -13.227 -13.294
8.000 0.189 2.934 -1.994 -4.941 -7.215 -8.096 -9.204 -9.104 -10.086 -10.222 -10.685 -11.214 -11.847 -12.237 -12.862 -13.200 -13.267
8.100 0.215 2.961 -1.967 -4.914 -7.188 -8.069 -9.177 -9.078 -10.059 -10.195 -10.658 -11.187 -11.820 -12.210 -12.836 -13.173 -13.240
8.200 0.242 2.988 -1.940 -4.887 -7.161 -8.042 -9.150 -9.051 -10.032 -10.168 -10.631 -11.160 -11.793 -12.183 -12.809 -13.146 -13.213
8.300 0.270 3.015 -1.913 -4.860 -7.134 -8.015 -9.123 -9.023 -10.005 -10.141 -10.604 -11.133 -11.765 -12.156 -12.781 -13.119 -13.186
8.400 0.297 3.043 -1.885 -4.833 -7.106 -7.987 -9.095 -8.996 -9.978 -10.114 -10.576 -11.106 -11.738 -12.128 -12.754 -13.091 -13.158
8.500 0.325 3.070 -1.858 -4.805 -7.079 -7.960 -9.068 -8.968 -9.950 -10.086 -10.549 -11.078 -11.710 -12.101 -12.726 -13.064 -13.131
8.600 0.352 3.098 -1.830 -4.777 -7.051 -7.932 -9.040 -8.941 -9.922 -10.058 -10.521 -11.050 -11.683 -12.073 -12.699 -13.036 -13.103
8.700 0.380 3.126 -1.802 -4.749 -7.023 -7.904 -9.012 -8.913 -9.894 -10.030 -10.493 -11.022 -11.655 -12.045 -12.671 -13.008 -13.075
8.800 0.409 3.154 -1.774 -4.721 -6.995 -7.876 -8.984 -8.884 -9.866 -10.002 -10.465 -10.994 -11.627 -12.017 -12.642 -12.980 -13.047
8.900 0.437 3.182 -1.746 -4.693 -6.967 -7.848 -8.956 -8.856 -9.838 -9.974 -10.437 -10.966 -11.598 -11.989 -12.614 -12.952 -13.019
9.000 0.465 3.210 -1.718 -4.665 -6.939 -7.820 -8.927 -8.828 -9.810 -9.946 -10.408 -10.938 -11.570 -11.961 -12.586 -12.924 -12.991
9.100 0.493 3.239 -1.689 -4.636 -6.910 -7.791 -8.899 -8.800 -9.781 -9.918 -10.380 -10.909 -11.542 -11.932 -12.558 -12.895 -12.962
9.200 0.522 3.267 -1.661 -4.608 -6.882 -7.763 -8.871 -8.771 -9.753 -9.889 -10.352 -10.881 -11.513 -11.904 -12.529 -12.867 -12.934
9.300 0.550 3.296 -1.632 -4.580 -6.853 -7.734 -8.842 -8.743 -9.724 -9.861 -10.323 -10.852 -11.485 -11.875 -12.501 -12.838 -12.905
9.400 0.579 3.324 -1.604 -4.551 -6.825 -7.706 -8.813 -8.714 -9.696 -9.832 -10.294 -10.824 -11.456 -11.847 -12.472 -12.810 -12.877
9.500 0.607 3.353 -1.575 -4.522 -6.796 -7.677 -8.785 -8.686 -9.667 -9.803 -10.266 -10.795 -11.428 -11.818 -12.444 -12.781 -12.848
9.600 0.636 3.382 -1.546 -4.494 -6.767 -7.648 -8.756 -8.657 -9.639 -9.775 -10.237 -10.767 -11.399 -11.789 -12.415 -12.753 -12.820
9.700 0.665 3.410 -1.518 -4.465 -6.739 -7.620 -8.728 -8.628 -9.610 -9.746 -10.209 -10.738 -11.371 -11.761 -12.386 -12.724 -12.791
9.800 0.693 3.439 -1.489 -4.437 -6.710 -7.591 -8.699 -8.600 -9.581 -9.718 -10.180 -10.709 -11.342 -11.732 -12.358 -12.695 -12.762
9.900 0.722 3.467 -1.461 -4.408 -6.682 -7.563 -8.670 -8.571 -9.553 -9.689 -10.151 -10.681 -11.313 -11.704 -12.329 -12.667 -12.734
10.000 0.750 3.496 -1.432 -4.379 -6.653 -7.534 -8.642 -8.543 -9.524 -9.660 -10.123 -10.652 -11.285 -11.675 -12.300 -12.638 -12.705
10.100 0.779 3.525 -1.403 -4.351 -6.624 -7.505 -8.613 -8.514 -9.496 -9.632 -10.094 -10.624 -11.256 -11.646 -12.272 -12.609 -12.676
10.200 0.808 3.553 -1.375 -4.322 -6.596 -7.477 -8.585 -8.485 -9.467 -9.603 -10.066 -10.595 -11.227 -11.618 -12.243 -12.581 -12.648
10.300 0.836 3.582 -1.346 -4.294 -6.567 -7.448 -8.556 -8.457 -9.438 -9.575 -10.037 -10.567 -11.199 -11.589 -12.215 -12.552 -12.619
10.400 0.865 3.610 -1.318 -4.265 -6.539 -7.420 -8.528 -8.428 -9.410 -9.546 -10.009 -10.538 -11.170 -11.561 -12.186 -12.524 -12.591
10.500 0.893 3.638 -1.289 -4.237 -6.510 -7.391 -8.499 -8.400 -9.382 -9.518 -9.980 -10.510 -11.142 -11.532 -12.158 -12.496 -12.563
10.600 0.921 3.667 -1.261 -4.209 -6.482 -7.363 -8.471 -8.372 -9.354 -9.490 -9.952 -10.482 -11.114 -11.504 -12.130 -12.467 -12.534
10.700 0.949 3.695 -1.233 -4.181 -6.454 -7.335 -8.443 -8.344 -9.325 -9.462 -9.924 -10.453 -11.086 -11.476 -12.102 -12.439 -12.506
10.800 0.977 3.723 -1.205 -4.153 -6.426 -7.307 -8.415 -8.316 -9.297 -9.434 -9.896 -10.425 -11.058 -11.448 -12.074 -12.411 -12.478
10.900 1.005 3.751 -1.177 -4.125 -6.398 -7.279 -8.387 -8.288 -9.270 -9.406 -9.868 -10.398 -11.030 -11.420 -12.046 -12.383 -12.450
11.000 1.033 3.778 -1.150 -4.097 -6.371 -7.252 -8.359 -8.260 -9.242 -9.378 -9.840 -10.370 -11.002 -11.393 -12.018 -12.356 -12.423
11.100 1.060 3.806 -1.122 -4.069 -6.343 -7.224 -8.332 -8.233 -9.214 -9.351 -9.813 -10.342 -10.975 -11.365 -11.991 -12.328 -12.395
11.200 1.088 3.833 -1.095 -4.042 -6.316 -7.197 -8.305 -8.205 -9.187 -9.323 -9.786 -10.315 -10.947 -11.338 -11.963 -12.301 -12.368
11.300 1.115 3.860 -1.068 -4.015 -6.289 -7.170 -8.277 -8.178 -9.160 -9.296 -9.758 -10.288 -10.920 -11.311 -11.936 -12.274 -12.341
11.400 1.142 3.887 -1.041 -3.988 -6.262 -7.143 -8.250 -8.151 -9.133 -9.269 -9.731 -10.261 -10.893 -11.284 -11.909 -12.247 -12.314
11.500 1.169 3.914 -1.014 -3.961 -6.235 -7.116 -8.224 -8.124 -9.106 -9.242 -9.705 -10.234 -10.866 -11.257 -11.882 -12.220 -12.287
11.600 1.195 3.941 -0.987 -3.934 -6.208 -7.089 -8.197 -8.098 -9.079 -9.216 -9.678 -10.207 -10.840 -11.230 -11.856 -12.193 -12.260
11.700 1.222 3.967 -0.961 -3.908 -6.182 -7.063 -8.171 -8.071 -9.053 -9.189 -9.652 -10.181 -10.813 -11.204 -11.829 -12.167 -12.234
11.800 1.248 3.993 -0.935 -3.882 -6.156 -7.037 -8.144 -8.045 -9.027 -9.163 -9.625 -10.155 -10.787 -11.178 -11.803 -12.141 -12.208
11.900 1.274 4.019 -0.909 -3.856 -6.130 -7.011 -8.119 -8.019 -9.001 -9.137 -9.599 -10.129 -10.761 -11.152 -11.777 -12.115 -12.182
12.000 1.299 4.045 -0.883 -3.830 -6.104 -6.985 -8.093 -7.994 -8.975 -9.111 -9.574 -10.103 -10.736 -11.126 -11.751 -12.089 -12.156
12.100 1.325 4.070 -0.857 -3.805 -6.078 -6.959 -8.067 -7.968 -8.950 -9.086 -9.548 -10.078 -10.710 -11.100 -11.726 -12.064 -12.131
12.200 1.350 4.096 -0.832 -3.780 -6.053 -6.934 -8.042 -7.943 -8.925 -9.061 -9.523 -10.053 -10.685 -11.075 -11.701 -12.038 -12.105
12.300 1.375 4.121 -0.807 -3.755 -6.028 -6.909 -8.017 -7.918 -8.900 -9.036 -9.498 -10.028 -10.660 -11.050 -11.676 -12.014 -12.081
12.400 1.400 4.145 -0.783 -3.730 -6.004 -6.885 -7.993 -7.893 -8.875 -9.011 -9.474 -10.003 -10.635 -11.026 -11.651 -11.989 -12.056
12.500 1.424 4.170 -0.758 -3.706 -5.979 -6.860 -7.968 -7.869 -8.851 -8.987 -9.449 -9.979 -10.611 -11.001 -11.627 -11.964 -12.032
12.600 1.448 4.194 -0.734 -3.682 -5.955 -6.836 -7.944 -7.845 -8.827 -8.963 -9.425 -9.955 -10.587 -10.977 -11.603 -11.940 -12.007
12.700 1.472 4.218 -0.710 -3.658 -5.931 -6.812 -7.920 -7.821 -8.803 -8.939 -9.401 -9.931 -10.563 -10.953 -11.579 -11.917 -11.984
12.800 1.495 4.241 -0.687 -3.634 -5.908 -6.789 -7.897 -7.798 -8.779 -8.915 -9.378 -9.907 -10.540 -10.930 -11.555 -11.893 -11.960
12.900 1.519 4.264 -0.664 -3.611 -5.885 -6.766 -7.874 -7.774 -8.756 -8.892 -9.355 -9.884 -10.516 -10.907 -11.532 -11.870 -11.937
13.000 1.542 4.287 -0.641 -3.588 -5.862 -6.743 -7.851 -7.751 -8.733 -8.869 -9.332 -9.861 -10.493 -10.884 -11.509 -11.847 -11.914
13.100 1.564 4.310 -0.618 -3.565 -5.839 -6.720 -7.828 -7.729 -8.710 -8.847 -9.309 -9.838 -10.471 -10.861 -11.487 -11.824 -11.891
13.200 1.587 4.332 -0.596 -3.543 -5.817 -6.698 -7.806 -7.706 -8.688 -8.824 -9.287 -9.816 -10.448 -10.839 -11.464 -11.802 -11.869
13.300 1.609 4.354 -0.574 -3.521 -5.795 -6.676 -7.784 -7.684 -8.666 -8.802 -9.265 -9.794 -10.426 -10.817 -11.442 -11.780 -11.847
13.400 1.631 4.376 -0.552 -3.499 -5.773 -6.654 -7.762 -7.662 -8.644 -8.780 -9.243 -9.772 -10.405 -10.795 -11.420 -11.758 -11.825
13.500 1.652 4.398 -0.530 -3.478 -5.751 -6.632 -7.740 -7.641 -8.623 -8.759 -9.221 -9.751 -10.383 -10.773 -11.399 -11.737 -11.804
13.600 1.673 4.419 -0.509 -3.457 -5.730 -6.611 -7.719 -7.620 -8.601 -8.738 -9.200 -9.730 -10.362 -10.752 -11.378 -11.715 -11.782
13.700 1.694 4.440 -0.488 -3.436 -5.709 -6.590 -7.698 -7.599 -8.581 -8.717 -9.179 -9.709 -10.341 -10.731 -11.357 -11.694 -11.761
13.800 1.715 4.460 -0.468 -3.415 -5.689 -6.570 -7.678 -7.578 -8.560 -8.696 -9.159 -9.688 -10.320 -10.711 -11.336 -11.674 -11.741
13.900 1.735 4.481 -0.447 -3.395 -5.668 -6.549 -7.657 -7.558 -8.540 -8.676 -9.138 -9.668 -10.300 -10.690 -11.316 -11.654 -11.721
14.000 1.755 4.501 -0.427 -3.375 -5.648 -6.529 -7.637 -7.538 -8.520 -8.656 -9.118 -9.648 -10.280 -10.670 -11.296 -11.634 -11.701
14.100 1.775 4.520 -0.408 -3.355 -5.629 -6.510 -7.618 -7.518 -8.500 -8.636 -9.099 -9.628 -10.260 -10.651 -11.276 -11.614 -11.681
14.200 1.794 4.540 -0.388 -3.336 -5.609 -6.490 -7.598 -7.499 -8.480 -8.617 -9.079 -9.609 -10.241 -10.631 -11.257 -11.594 -11.661
14.300 1.813 4.559 -0.369 -3.316 -5.590 -6.471 -7.579 -7.480 -8.461 -8.597 -9.060 -9.589 -10.222 -10.612 -11.238 -11.575 -11.642
14.400 1.832 4.578 -0.350 -3.298 -5.571 -6.452 -7.560 -7.461 -8.442 -8.579 -9.041 -9.571 -10.203 -10.593 -11.219 -11.556 -11.623
14.500 1.851 4.596 -0.332 -3.279 -5.553 -6.434 -7.541 -7.442 -8.424 -8.560 -9.022 -9.552 -10.184 -10.575 -11.200 -11.538 -11.605
14.600 1.869 4.615 -0.313 -3.261 -5.534 -6.415 -7.523 -7.424 -8.406 -8.542 -9.004 -9.534 -10.166 -10.556 -11.182 -11.519 -11.586
14.700 1.887 4.633 -0.295 -3.243 -5.516 -6.397 -7.505 -7.406 -8.387 -8.524 -8.986 -9.516 -10.148 -10.538 -11.164 -11.501 -11.568
14.800 1.905 4.651 -0.277 -3.225 -5.498 -6.379 -7.487 -7.388 -8.370 -8.506 -8.968 -9.498 -10.130 -10.520 -11.146 -11.484 -11.551
14.900 1.923 4.668 -0.260 -3.207 -5.481 -6.362 -7.470 -7.370 -8.352 -8.488 -8.951 -9.480 -10.113 -10.503 -11.128 -11.466 -11.533
15.000 1.940 4.685 -0.243 -3.190 -5.464 -6.345 -7.452 -7.353 -8.335 -8.471 -8.933 -9.463 -10.095 -10.486 -11.111 -11.449 -11.516
