# day W2 M2 W1 u B g V c r w o i z y J H K
0.000 -6.991 -6.898 -6.757 -6.173 -5.880 -5.733 -5.472 -5.573 -5.250 -5.398 -5.125 -4.876 -4.590 -4.367 -3.909 -3.305 -2.740
0.100 -8.813 -9.330 -9.918 -11.095 -11.395 -11.491 -11.603 -11.562 -11.641 -11.594 -11.651 -11.624 -11.549 -11.462 -11.240 -10.846 -10.424
0.200 -8.118 -8.683 -9.571 -11.215 -11.727 -11.912 -12.150 -12.074 -12.284 -12.202 -12.347 -12.396 -12.397 -12.360 -12.226 -11.907 -11.535
0.300 -7.552 -8.094 -9.202 -11.133 -11.796 -12.044 -12.370 -12.275 -12.572 -12.476 -12.676 -12.777 -12.836 -12.836 -12.765 -12.502 -12.167
0.400 -7.073 -7.564 -8.853 -10.989 -11.773 -12.073 -12.468 -12.359 -12.725 -12.625 -12.864 -13.007 -13.111 -13.142 -13.125 -12.908 -12.604
0.500 -6.659 -7.084 -8.532 -10.824 -11.710 -12.054 -12.506 -12.389 -12.811 -12.711 -12.980 -13.158 -13.302 -13.359 -13.389 -13.212 -12.935
0.600 -6.293 -6.645 -8.235 -10.649 -11.625 -12.007 -12.509 -12.386 -12.856 -12.759 -13.053 -13.260 -13.440 -13.521 -13.593 -13.452 -13.199
0.700 -5.962 -6.236 -7.957 -10.470 -11.528 -11.943 -12.490 -12.362 -12.875 -12.783 -13.097 -13.331 -13.543 -13.646 -13.756 -13.649 -13.418
0.800 -5.659 -5.851 -7.696 -10.290 -11.422 -11.869 -12.456 -12.325 -12.875 -12.791 -13.121 -13.379 -13.621 -13.744 -13.890 -13.814 -13.603
0.900 -5.373 -5.479 -7.444 -10.108 -11.309 -11.785 -12.409 -12.276 -12.861 -12.784 -13.130 -13.410 -13.680 -13.821 -14.001 -13.954 -13.763
1.000 -5.105 -5.120 -7.205 -9.928 -11.194 -11.698 -12.356 -12.222 -12.838 -12.770 -13.128 -13.429 -13.725 -13.884 -14.096 -14.076 -13.903
1.100 -4.846 -4.765 -6.971 -9.746 -11.075 -11.604 -12.295 -12.161 -12.806 -12.747 -13.117 -13.436 -13.757 -13.934 -14.176 -14.182 -14.027
1.200 -4.594 -4.407 -6.739 -9.561 -10.951 -11.506 -12.228 -12.093 -12.767 -12.718 -13.098 -13.435 -13.780 -13.973 -14.244 -14.276 -14.138
1.300 -4.348 -4.046 -6.511 -9.374 -10.825 -11.404 -12.157 -12.022 -12.722 -12.684 -13.073 -13.426 -13.794 -14.003 -14.303 -14.359 -14.238
1.400 -4.106 -3.678 -6.283 -9.184 -10.695 -11.298 -12.080 -11.946 -12.671 -12.644 -13.042 -13.412 -13.802 -14.026 -14.353 -14.433 -14.328
1.500 -3.866 -3.298 -6.054 -8.988 -10.560 -11.187 -11.999 -11.866 -12.616 -12.600 -13.005 -13.391 -13.803 -14.042 -14.396 -14.500 -14.410
1.600 -3.631 -2.910 -5.828 -8.790 -10.424 -11.075 -11.915 -11.784 -12.557 -12.553 -12.966 -13.366 -13.800 -14.053 -14.433 -14.560 -14.485
1.700 -3.397 -2.507 -5.600 -8.585 -10.282 -10.957 -11.825 -11.696 -12.493 -12.501 -12.921 -13.336 -13.790 -14.058 -14.464 -14.613 -14.553
1.800 -3.169 -2.097 -5.376 -8.379 -10.140 -10.839 -11.735 -11.608 -12.427 -12.448 -12.874 -13.303 -13.778 -14.060 -14.491 -14.662 -14.616
1.900 -2.945 -1.679 -5.153 -8.169 -9.995 -10.717 -11.640 -11.516 -12.357 -12.391 -12.823 -13.266 -13.761 -14.057 -14.514 -14.705 -14.674
2.000 -2.727 -1.255 -4.934 -7.955 -9.846 -10.592 -11.543 -11.421 -12.284 -12.332 -12.769 -13.225 -13.741 -14.051 -14.531 -14.744 -14.728
2.100 -2.516 -0.833 -4.721 -7.743 -9.698 -10.467 -11.445 -11.327 -12.210 -12.272 -12.714 -13.183 -13.718 -14.042 -14.546 -14.780 -14.778
2.200 -2.312 -0.415 -4.513 -7.530 -9.549 -10.341 -11.345 -11.230 -12.134 -12.209 -12.656 -13.138 -13.692 -14.029 -14.558 -14.812 -14.823
2.300 -2.114 -0.007 -4.312 -7.318 -9.400 -10.214 -11.244 -11.132 -12.056 -12.145 -12.597 -13.090 -13.664 -14.014 -14.566 -14.841 -14.866
2.400 -1.927 0.383 -4.120 -7.111 -9.254 -10.089 -11.144 -11.036 -11.978 -12.082 -12.537 -13.042 -13.634 -13.997 -14.573 -14.867 -14.906
2.500 -1.744 0.758 -3.933 -6.906 -9.108 -9.963 -11.042 -10.938 -11.898 -12.017 -12.475 -12.992 -13.602 -13.978 -14.576 -14.891 -14.942
2.600 -1.570 1.112 -3.754 -6.707 -8.964 -9.840 -10.942 -10.842 -11.819 -11.952 -12.414 -12.941 -13.569 -13.957 -14.578 -14.912 -14.977
2.700 -1.553 1.174 -3.736 -6.685 -8.954 -9.833 -10.939 -10.839 -11.819 -11.954 -12.416 -12.945 -13.576 -13.965 -14.589 -14.925 -14.991
2.800 -1.549 1.196 -3.732 -6.679 -8.952 -9.833 -10.941 -10.842 -11.824 -11.960 -12.422 -12.952 -13.584 -13.974 -14.600 -14.937 -15.004
2.900 -1.559 1.187 -3.741 -6.689 -8.962 -9.843 -10.951 -10.852 -11.833 -11.970 -12.432 -12.962 -13.594 -13.984 -14.610 -14.947 -15.014
3.000 -1.569 1.177 -3.751 -6.699 -8.972 -9.853 -10.961 -10.862 -11.844 -11.980 -12.442 -12.972 -13.604 -13.994 -14.620 -14.957 -15.024
3.100 -1.578 1.168 -3.760 -6.708 -8.981 -9.862 -10.970 -10.871 -11.853 -11.989 -12.451 -12.981 -13.613 -14.003 -14.629 -14.967 -15.034
3.200 -1.587 1.159 -3.769 -6.717 -8.990 -9.871 -10.979 -10.880 -11.862 -11.998 -12.460 -12.990 -13.622 -14.012 -14.638 -14.975 -15.042
3.300 -1.595 1.151 -3.777 -6.725 -8.998 -9.879 -10.987 -10.888 -11.870 -12.006 -12.468 -12.998 -13.630 -14.020 -14.646 -14.983 -15.050
3.400 -1.602 1.143 -3.785 -6.732 -9.006 -9.887 -10.994 -10.895 -11.877 -12.013 -12.475 -13.005 -13.637 -14.028 -14.653 -14.991 -15.058
3.500 -1.609 1.136 -3.791 -6.739 -9.012 -9.893 -11.001 -10.902 -11.884 -12.020 -12.482 -13.012 -13.644 -14.034 -14.660 -14.998 -15.065
3.600 -1.616 1.130 -3.798 -6.745 -9.019 -9.900 -11.008 -10.908 -11.890 -12.026 -12.489 -13.018 -13.651 -14.041 -14.666 -15.004 -15.071
3.700 -1.622 1.124 -3.804 -6.752 -9.025 -9.906 -11.014 -10.915 -11.897 -12.033 -12.495 -13.025 -13.657 -14.047 -14.673 -15.010 -15.077
3.800 -1.628 1.118 -3.810 -6.757 -9.031 -9.912 -11.020 -10.921 -11.902 -12.038 -12.501 -13.030 -13.663 -14.053 -14.678 -15.016 -15.083
3.900 -1.632 1.113 -3.815 -6.762 -9.036 -9.917 -11.025 -10.925 -11.907 -12.043 -12.506 -13.035 -13.667 -14.058 -14.683 -15.021 -15.088
4.000 -1.637 1.109 -3.819 -6.767 -9.040 -9.921 -11.029 -10.930 -11.912 -12.048 -12.510 -13.040 -13.672 -14.062 -14.688 -15.026 -15.093
4.100 -1.641 1.104 -3.824 -6.771 -9.045 -9.926 -11.033 -10.934 -11.916 -12.052 -12.514 -13.044 -13.676 -14.067 -14.692 -15.030 -15.097
4.200 -1.645 1.101 -3.827 -6.775 -9.048 -9.929 -11.037 -10.938 -11.920 -12.056 -12.518 -13.048 -13.680 -14.070 -14.696 -15.034 -15.101
4.300 -1.649 1.097 -3.831 -6.778 -9.052 -9.933 -11.041 -10.942 -11.923 -12.059 -12.522 -13.051 -13.684 -14.074 -14.700 -15.037 -15.104
4.400 -1.652 1.094 -3.834 -6.781 -9.055 -9.936 -11.044 -10.945 -11.926 -12.062 -12.525 -13.054 -13.687 -14.077 -14.703 -15.040 -15.107
4.500 -1.654 1.091 -3.837 -6.784 -9.058 -9.939 -11.046 -10.947 -11.929 -12.065 -12.527 -13.057 -13.689 -14.080 -14.705 -15.043 -15.110
4.600 -1.656 1.089 -3.839 -6.786 -9.060 -9.941 -11.048 -10.949 -11.931 -12.067 -12.529 -13.059 -13.691 -14.082 -14.707 -15.045 -15.112
4.700 -1.658 1.087 -3.840 -6.788 -9.061 -9.942 -11.050 -10.951 -11.933 -12.069 -12.531 -13.061 -13.693 -14.083 -14.709 -15.047 -15.114
4.800 -1.660 1.086 -3.842 -6.789 -9.063 -9.944 -11.052 -10.952 -11.934 -12.070 -12.533 -13.062 -13.695 -14.085 -14.710 -15.048 -15.115
4.900 -1.661 1.085 -3.843 -6.791 -9.064 -9.945 -11.053 -10.954 -11.935 -12.072 -12.534 -13.063 -13.696 -14.086 -14.712 -15.049 -15.116
5.000 -1.662 1.084 -3.844 -6.791 -9.065 -9.946 -11.054 -10.955 -11.936 -12.073 -12.535 -13.064 -13.697 -14.087 -14.713 -15.050 -15.117
5.100 -1.662 1.084 -3.844 -6.792 -9.065 -9.946 -11.054 -10.955 -11.937 -12.073 -12.535 -13.065 -13.697 -14.087 -14.713 -15.050 -15.118
5.200 -1.662 1.084 -3.844 -6.792 -9.065 -9.946 -11.054 -10.955 -11.937 -12.073 -12.535 -13.065 -13.697 -14.087 -14.713 -15.050 -15.118
5.300 -1.662 1.084 -3.844 -6.791 -9.065 -9.946 -11.054 -10.955 -11.936 -12.072 -12.535 -13.064 -13.697 -14.087 -14.712 -15.050 -15.117
5.400 -1.661 1.085 -3.843 -6.791 -9.064 -9.945 -11.053 -10.954 -11.936 -12.072 -12.534 -13.064 -13.696 -14.086 -14.712 -15.049 -15.116
5.500 -1.660 1.086 -3.842 -6.790 -9.063 -9.944 -11.052 -10.953 -11.935 -12.071 -12.533 -13.063 -13.695 -14.085 -14.711 -15.048 -15.115
5.600 -1.659 1.087 -3.841 -6.788 -9.062 -9.943 -11.051 -10.952 -11.933 -12.069 -12.532 -13.061 -13.694 -14.084 -14.710 -15.047 -15.114
5.700 -1.657 1.088 -3.840 -6.787 -9.060 -9.941 -11.049 -10.950 -11.932 -12.068 -12.530 -13.060 -13.692 -14.082 -14.708 -15.046 -15.113
5.800 -1.655 1.090 -3.838 -6.785 -9.059 -9.940 -11.048 -10.948 -11.930 -12.066 -12.529 -13.058 -13.690 -14.081 -14.706 -15.044 -15.111
5.900 -1.653 1.092 -3.835 -6.783 -9.056 -9.937 -11.045 -10.946 -11.928 -12.064 -12.526 -13.056 -13.688 -14.078 -14.704 -15.042 -15.109
6.000 -1.651 1.095 -3.833 -6.780 -9.054 -9.935 -11.043 -10.944 -11.925 -12.061 -12.524 -13.053 -13.686 -14.076 -14.702 -15.039 -15.106
6.100 -1.648 1.098 -3.830 -6.777 -9.051 -9.932 -11.040 -10.941 -11.922 -12.058 -12.521 -13.050 -13.683 -14.073 -14.699 -15.036 -15.103
6.200 -1.645 1.101 -3.827 -6.774 -9.048 -9.929 -11.037 -10.937 -11.919 -12.055 -12.518 -13.047 -13.680 -14.070 -14.695 -15.033 -15.100
6.300 -1.641 1.105 -3.823 -6.771 -9.044 -9.925 -11.033 -10.934 -11.916 -12.052 -12.514 -13.044 -13.676 -14.066 -14.692 -15.030 -15.097
6.400 -1.637 1.108 -3.820 -6.767 -9.041 -9.922 -11.030 -10.930 -11.912 -12.048 -12.511 -13.040 -13.672 -14.063 -14.688 -15.026 -15.093
6.500 -1.633 1.112 -3.816 -6.763 -9.037 -9.918 -11.026 -10.926 -11.908 -12.044 -12.507 -13.036 -13.668 -14.059 -14.684 -15.022 -15.089
6.600 -1.629 1.116 -3.812 -6.759 -9.033 -9.914 -11.021 -10.922 -11.904 -12.040 -12.502 -13.032 -13.664 -14.055 -14.680 -15.018 -15.085
6.700 -1.625 1.121 -3.807 -6.755 -9.028 -9.909 -11.017 -10.918 -11.899 -12.036 -12.498 -13.028 -13.660 -14.050 -14.676 -15.013 -15.080
6.800 -1.620 1.125 -3.803 -6.750 -9.024 -9.905 -11.012 -10.913 -11.895 -12.031 -12.493 -13.023 -13.655 -14.046 -14.671 -15.009 -15.076
6.900 -1.615 1.130 -3.798 -6.745 -9.019 -9.900 -11.007 -10.908 -11.890 -12.026 -12.488 -13.018 -13.650 -14.041 -14.666 -15.004 -15.071
7.000 -1.610 1.136 -3.792 -6.739 -9.013 -9.894 -11.002 -10.903 -11.884 -12.021 -12.483 -13.012 -13.645 -14.035 -14.661 -14.998 -15.065
7.100 -1.604 1.141 -3.786 -6.734 -9.007 -9.888 -10.996 -10.897 -11.879 -12.015 -12.477 -13.007 -13.639 -14.029 -14.655 -14.993 -15.060
7.200 -1.598 1.147 -3.781 -6.728 -9.002 -9.883 -10.991 -10.891 -11.873 -12.009 -12.472 -13.001 -13.633 -14.024 -14.649 -14.987 -15.054
7.300 -1.592 1.153 -3.775 -6.722 -8.996 -9.877 -10.984 -10.885 -11.867 -12.003 -12.465 -12.995 -13.627 -14.018 -14.643 -14.981 -15.048
7.400 -1.586 1.160 -3.768 -6.716 -8.989 -9.870 -10.978 -10.879 -11.860 -11.997 -12.459 -12.989 -13.621 -14.011 -14.637 -14.974 -15.041
7.500 -1.579 1.166 -3.762 -6.709 -8.983 -9.864 -10.971 -10.872 -11.854 -11.990 -12.452 -12.982 -13.614 -14.005 -14.630 -14.968 -15.035
7.600 -1.573 1.173 -3.755 -6.702 -8.976 -9.857 -10.965 -10.866 -11.847 -11.983 -12.446 -12.975 -13.608 -13.998 -14.624 -14.961 -15.028
7.700 -1.566 1.180 -3.748 -6.695 -8.969 -9.850 -10.958 -10.859 -11.840 -11.977 -12.439 -12.968 -13.601 -13.991 -14.617 -14.954 -15.021
7.800 -1.559 1.187 -3.741 -6.688 -8.962 -9.843 -10.951 -10.851 -11.833 -11.969 -12.432 -12.961 -13.594 -13.984 -14.609 -14.947 -15.014
7.900 -1.551 1.195 -3.733 -6.681 -8.954 -9.835 -10.943 -10.844 -11.826 -11.962 -12.424 -12.954 -13.586 -13.976 -14.602 -14.940 -15.007
8.000 -1.543 1.202 -3.726 -6.673 -8.947 -9.828 -10.936 -10.836 -11.818 -11.954 -12.417 -12.946 -13.578 -13.969 -14.594 -14.932 -14.999
8.100 -1.535 1.210 -3.718 -6.665 -8.939 -9.820 -10.928 -10.828 -11.810 -11.946 -12.409 -12.938 -13.570 -13.961 -14.586 -14.924 -14.991
8.200 -1.527 1.218 -3.709 -6.657 -8.930 -9.811 -10.919 -10.820 -11.802 -11.938 -12.400 -12.930 -13.562 -13.952 -14.578 -14.916 -14.983
8.300 -1.519 1.227 -3.701 -6.648 -8.922 -9.803 -10.911 -10.812 -11.793 -11.930 -12.392 -12.921 -13.554 -13.944 -14.570 -14.907 -14.974
8.400 -1.510 1.235 -3.693 -6.640 -8.914 -9.795 -10.902 -10.803 -11.785 -11.921 -12.383 -12.913 -13.545 -13.936 -14.561 -14.899 -14.966
8.500 -1.501 1.244 -3.684 -6.631 -8.905 -9.786 -10.894 -10.794 -11.776 -11.912 -12.375 -12.904 -13.536 -13.927 -14.552 -14.890 -14.957
8.600 -1.492 1.253 -3.675 -6.622 -8.896 -9.777 -10.884 -10.785 -11.767 -11.903 -12.365 -12.895 -13.527 -13.918 -14.543 -14.881 -14.948
8.700 -1.483 1.263 -3.665 -6.613 -8.886 -9.767 -10.875 -10.776 -11.758 -11.894 -12.356 -12.886 -13.518 -13.908 -14.534 -14.871 -14.938
8.800 -1.474 1.272 -3.656 -6.603 -8.877 -9.758 -10.866 -10.767 -11.748 -11.884 -12.347 -12.876 -13.509 -13.899 -14.524 -14.862 -14.929
8.900 -1.464 1.282 -3.646 -6.594 -8.867 -9.748 -10.856 -10.757 -11.739 -11.875 -12.337 -12.867 -13.499 -13.889 -14.515 -14.852 -14.920
9.000 -1.454 1.291 -3.637 -6.584 -8.858 -9.739 -10.846 -10.747 -11.729 -11.865 -12.327 -12.857 -13.489 -13.880 -14.505 -14.843 -14.910
9.100 -1.444 1.301 -3.627 -6.574 -8.848 -9.729 -10.836 -10.737 -11.719 -11.855 -12.317 -12.847 -13.479 -13.870 -14.495 -14.833 -14.900
9.200 -1.434 1.312 -3.616 -6.564 -8.837 -9.718 -10.826 -10.727 -11.709 -11.845 -12.307 -12.837 -13.469 -13.859 -14.485 -14.822 -14.889
9.300 -1.423 1.322 -3.606 -6.553 -8.827 -9.708 -10.816 -10.716 -11.698 -11.834 -12.297 -12.826 -13.459 -13.849 -14.474 -14.812 -14.879
9.400 -1.413 1.333 -3.595 -6.542 -8.816 -9.697 -10.805 -10.706 -11.687 -11.823 -12.286 -12.815 -13.448 -13.838 -14.464 -14.801 -14.868
9.500 -1.402 1.344 -3.584 -6.532 -8.805 -9.686 -10.794 -10.695 -11.676 -11.813 -12.275 -12.804 -13.437 -13.827 -14.453 -14.790 -14.857
9.600 -1.391 1.355 -3.573 -6.520 -8.794 -9.675 -10.783 -10.684 -11.665 -11.802 -12.264 -12.793 -13.426 -13.816 -14.442 -14.779 -14.846
9.700 -1.380 1.366 -3.562 -6.509 -8.783 -9.664 -10.772 -10.673 -11.654 -11.790 -12.253 -12.782 -13.415 -13.805 -14.430 -14.768 -14.835
9.800 -1.368 1.377 -3.550 -6.498 -8.771 -9.652 -10.760 -10.661 -11.643 -11.779 -12.241 -12.771 -13.403 -13.793 -14.419 -14.757 -14.824
9.900 -1.356 1.389 -3.539 -6.486 -8.760 -9.641 -10.749 -10.649 -11.631 -11.767 -12.230 -12.759 -13.392 -13.782 -14.407 -14.745 -14.812
10.000 -1.345 1.401 -3.527 -6.474 -8.748 -9.629 -10.737 -10.638 -11.619 -11.755 -12.218 -12.747 -13.380 -13.770 -14.396 -14.733 -14.800
10.100 -1.333 1.413 -3.515 -6.462 -8.736 -9.617 -10.725 -10.626 -11.607 -11.743 -12.206 -12.735 -13.368 -13.758 -14.384 -14.721 -14.788
10.200 -1.321 1.425 -3.503 -6.450 -8.724 -9.605 -10.713 -10.614 -11.595 -11.731 -12.194 -12.723 -13.356 -13.746 -14.371 -14.709 -14.776
10.300 -1.308 1.437 -3.491 -6.438 -8.712 -9.593 -10.701 -10.601 -11.583 -11.719 -12.182 -12.711 -13.343 -13.734 -14.359 -14.697 -14.764
10.400 -1.296 1.450 -3.478 -6.426 -8.699 -9.580 -10.688 -10.589 -11.570 -11.707 -12.169 -12.699 -13.331 -13.721 -14.347 -14.684 -14.751
10.500 -1.283 1.462 -3.466 -6.413 -8.687 -9.568 -10.675 -10.576 -11.558 -11.694 -12.156 -12.686 -13.318 -13.709 -14.334 -14.672 -14.739
10.600 -1.270 1.475 -3.453 -6.400 -8.674 -9.555 -10.663 -10.563 -11.545 -11.681 -12.144 -12.673 -13.305 -13.696 -14.321 -14.659 -14.726
10.700 -1.257 1.488 -3.440 -6.387 -8.661 -9.542 -10.650 -10.550 -11.532 -11.668 -12.131 -12.660 -13.292 -13.683 -14.308 -14.646 -14.713
10.800 -1.244 1.502 -3.426 -6.374 -8.647 -9.528 -10.636 -10.537 -11.519 -11.655 -12.117 -12.647 -13.279 -13.669 -14.295 -14.633 -14.700
10.900 -1.231 1.515 -3.413 -6.360 -8.634 -9.515 -10.623 -10.524 -11.505 -11.641 -12.104 -12.633 -13.266 -13.656 -14.282 -14.619 -14.686
11.000 -1.217 1.529 -3.399 -6.347 -8.620 -9.501 -10.609 -10.510 -11.492 -11.628 -12.090 -12.620 -13.252 -13.642 -14.268 -14.605 -14.673
11.100 -1.203 1.542 -3.386 -6.333 -8.607 -9.488 -10.595 -10.496 -11.478 -11.614 -12.076 -12.606 -13.238 -13.629 -14.254 -14.592 -14.659
11.200 -1.189 1.556 -3.372 -6.319 -8.593 -9.474 -10.582 -10.482 -11.464 -11.600 -12.063 -12.592 -13.224 -13.615 -14.240 -14.578 -14.645
11.300 -1.175 1.570 -3.358 -6.305 -8.579 -9.460 -10.568 -10.468 -11.450 -11.586 -12.049 -12.578 -13.210 -13.601 -14.226 -14.564 -14.631
11.400 -1.161 1.584 -3.344 -6.291 -8.565 -9.446 -10.553 -10.454 -11.436 -11.572 -12.034 -12.564 -13.196 -13.587 -14.212 -14.550 -14.617
11.500 -1.147 1.599 -3.329 -6.277 -8.550 -9.431 -10.539 -10.440 -11.421 -11.558 -12.020 -12.550 -13.182 -13.572 -14.198 -14.535 -14.602
11.600 -1.132 1.613 -3.315 -6.262 -8.536 -9.417 -10.525 -10.425 -11.407 -11.543 -12.006 -12.535 -13.167 -13.558 -14.183 -14.521 -14.588
11.700 -1.118 1.628 -3.300 -6.247 -8.521 -9.402 -10.510 -10.411 -11.392 -11.528 -11.991 -12.520 -13.153 -13.543 -14.169 -14.506 -14.573
11.800 -1.103 1.643 -3.285 -6.233 -8.506 -9.387 -10.495 -10.396 -11.377 -11.514 -11.976 -12.506 -13.138 -13.528 -14.154 -14.491 -14.558
11.900 -1.088 1.658 -3.270 -6.218 -8.491 -9.372 -10.480 -10.381 -11.363 -11.499 -11.961 -12.491 -13.123 -13.513 -14.139 -14.476 -14.543
12.000 -1.073 1.673 -3.255 -6.203 -8.476 -9.357 -10.465 -10.366 -11.348 -11.484 -11.946 -12.476 -13.108 -13.498 -14.124 -14.461 -14.528
12.100 -1.058 1.688 -3.240 -6.187 -8.461 -9.342 -10.450 -10.351 -11.332 -11.468 -11.931 -12.460 -13.093 -13.483 -14.109 -14.446 -14.513
12.200 -1.042 1.703 -3.225 -6.172 -8.446 -9.327 -10.435 -10.335 -11.317 -11.453 -11.916 -12.445 -13.077 -13.468 -14.093 -14.431 -14.498
12.300 -1.027 1.719 -3.209 -6.156 -8.430 -9.311 -10.419 -10.320 -11.301 -11.438 -11.900 -12.429 -13.062 -13.452 -14.078 -14.415 -14.482
12.400 -1.011 1.735 -3.193 -6.141 -8.414 -9.295 -10.403 -10.304 -11.286 -11.422 -11.884 -12.414 -13.046 -13.436 -14.062 -14.400 -14.467
12.500 -0.995 1.750 -3.178 -6.125 -8.399 -9.280 -10.387 -10.288 -11.270 -11.406 -11.868 -12.398 -13.030 -13.421 -14.046 -14.384 -14.451
12.600 -0.979 1.766 -3.162 -6.109 -8.383 -9.264 -10.371 -10.272 -11.254 -11.390 -11.852 -12.382 -13.014 -13.405 -14.030 -14.368 -14.435
12.700 -0.963 1.783 -3.145 -6.093 -8.366 -9.247 -10.355 -10.256 -11.238 -11.374 -11.836 -12.366 -12.998 -13.388 -14.014 -14.352 -14.419
12.800 -0.947 1.799 -3.129 -6.077 -8.350 -9.231 -10.339 -10.240 -11.221 -11.358 -11.820 -12.349 -12.982 -13.372 -13.998 -14.335 -14.402
12.900 -0.930 1.815 -3.113 -6.060 -8.334 -9.215 -10.323 -10.223 -11.205 -11.341 -11.804 -12.333 -12.965 -13.356 -13.981 -14.319 -14.386
13.000 -0.914 1.832 -3.096 -6.044 -8.317 -9.198 -10.306 -10.207 -11.189 -11.325 -11.787 -12.317 -12.949 -13.339 -13.965 -14.302 -14.369
13.100 -0.897 1.848 -3.080 -6.027 -8.301 -9.182 -10.290 -10.190 -11.172 -11.308 -11.771 -12.300 -12.932 -13.323 -13.948 -14.286 -14.353
13.200 -0.880 1.865 -3.063 -6.010 -8.284 -9.165 -10.273 -10.173 -11.155 -11.291 -11.754 -12.283 -12.916 -13.306 -13.931 -14.269 -14.336
13.300 -0.864 1.882 -3.046 -5.993 -8.267 -9.148 -10.256 -10.157 -11.138 -11.274 -11.737 -12.266 -12.899 -13.289 -13.915 -14.252 -14.319
13.400 -0.847 1.899 -3.029 -5.976 -8.250 -9.131 -10.239 -10.140 -11.121 -11.257 -11.720 -12.249 -12.882 -13.272 -13.898 -14.235 -14.302
13.500 -0.829 1.916 -3.012 -5.959 -8.233 -9.114 -10.222 -10.122 -11.104 -11.240 -11.703 -12.232 -12.865 -13.255 -13.880 -14.218 -14.285
13.600 -0.812 1.933 -2.995 -5.942 -8.216 -9.097 -10.204 -10.105 -11.087 -11.223 -11.685 -12.215 -12.847 -13.238 -13.863 -14.201 -14.268
13.700 -0.795 1.951 -2.977 -5.925 -8.198 -9.079 -10.187 -10.088 -11.069 -11.206 -11.668 -12.198 -12.830 -13.220 -13.846 -14.183 -14.250
13.800 -0.777 1.968 -2.960 -5.907 -8.181 -9.062 -10.170 -10.070 -11.052 -11.188 -11.651 -12.180 -12.812 -13.203 -13.828 -14.166 -14.233
13.900 -0.760 1.986 -2.942 -5.890 -8.163 -9.044 -10.152 -10.053 -11.035 -11.171 -11.633 -12.163 -12.795 -13.185 -13.811 -14.148 -14.215
14.000 -0.742 2.003 -2.925 -5.872 -8.146 -9.027 -10.134 -10.035 -11.017 -11.153 -11.615 -12.145 -12.777 -13.168 -13.793 -14.131 -14.198
14.100 -0.724 2.021 -2.907 -5.854 -8.128 -9.009 -10.117 -10.017 -10.999 -11.135 -11.598 -12.127 -12.759 -13.150 -13.775 -14.113 -14.180
14.200 -0.706 2.039 -2.889 -5.836 -8.110 -8.991 -10.099 -9.999 -10.981 -11.117 -11.580 -12.109 -12.742 -13.132 -13.757 -14.095 -14.162
14.300 -0.688 2.057 -2.871 -5.818 -8.092 -8.973 -10.081 -9.981 -10.963 -11.099 -11.562 -12.091 -12.724 -13.114 -13.739 -14.077 -14.144
14.400 -0.670 2.075 -2.853 -5.800 -8.074 -8.955 -10.063 -9.963 -10.945 -11.081 -11.544 -12.073 -12.705 -13.096 -13.721 -14.059 -14.126
14.500 -0.652 2.094 -2.834 -5.782 -8.055 -8.936 -10.044 -9.945 -10.927 -11.063 -11.525 -12.055 -12.687 -13.077 -13.703 -14.041 -14.108
14.600 -0.634 2.112 -2.816 -5.763 -8.037 -8.918 -10.026 -9.927 -10.908 -11.044 -11.507 -12.036 -12.669 -13.059 -13.685 -14.022 -14.089
14.700 -0.615 2.130 -2.798 -5.745 -8.019 -8.900 -10.007 -9.908 -10.890 -11.026 -11.488 -12.018 -12.650 -13.041 -13.666 -14.004 -14.071
14.800 -0.597 2.149 -2.779 -5.726 -8.000 -8.881 -9.989 -9.890 -10.871 -11.007 -11.470 -11.999 -12.632 -13.022 -13.648 -13.985 -14.052
14.900 -0.578 2.168 -2.760 -5.708 -7.981 -8.862 -9.970 -9.871 -10.853 -10.989 -11.451 -11.981 -12.613 -13.003 -13.629 -13.966 -14.034
15.000 -0.559 2.186 -2.742 -5.689 -7.963 -8.844 -9.952 -9.852 -10.834 -10.970 -11.433 -11.962 -12.594 -12.985 -13.610 -13.948 -14.015
