# day W2 M2 W1 u B g V c r w o i z y J H K
0.000 -11.232 -11.025 -10.820 -9.955 -9.585 -9.406 -9.092 -9.218 -8.835 -9.021 -8.693 -8.410 -8.094 -7.851 -7.357 -6.720 -6.132
0.100 -15.972 -15.919 -15.808 -15.354 -15.112 -14.988 -14.769 -14.852 -14.579 -14.698 -14.472 -14.256 -14.004 -13.804 -13.391 -12.833 -12.302
0.200 -15.807 -15.894 -15.886 -15.772 -15.628 -15.544 -15.389 -15.446 -15.244 -15.324 -15.160 -14.985 -14.773 -14.600 -14.236 -13.724 -13.226
0.300 -15.285 -15.504 -15.616 -15.827 -15.781 -15.737 -15.644 -15.676 -15.541 -15.586 -15.478 -15.340 -15.163 -15.013 -14.691 -14.218 -13.749
0.400 -14.641 -14.976 -15.220 -15.736 -15.788 -15.784 -15.750 -15.759 -15.688 -15.703 -15.647 -15.543 -15.398 -15.270 -14.986 -14.549 -14.105
0.500 -13.948 -14.378 -14.760 -15.557 -15.707 -15.742 -15.767 -15.755 -15.746 -15.733 -15.725 -15.654 -15.542 -15.434 -15.187 -14.784 -14.364
0.600 -13.237 -13.737 -14.260 -15.316 -15.563 -15.637 -15.720 -15.689 -15.739 -15.704 -15.741 -15.703 -15.622 -15.535 -15.325 -14.955 -14.559
0.700 -12.516 -13.064 -13.730 -15.023 -15.367 -15.482 -15.621 -15.573 -15.682 -15.627 -15.706 -15.701 -15.653 -15.588 -15.415 -15.079 -14.706
0.800 -11.783 -12.355 -13.166 -14.682 -15.124 -15.279 -15.476 -15.411 -15.580 -15.509 -15.628 -15.656 -15.642 -15.599 -15.465 -15.164 -14.816
0.900 -11.028 -11.602 -12.564 -14.291 -14.834 -15.031 -15.287 -15.207 -15.435 -15.351 -15.509 -15.572 -15.594 -15.574 -15.481 -15.217 -14.895
1.000 -10.246 -10.798 -11.922 -13.850 -14.497 -14.739 -15.054 -14.961 -15.250 -15.157 -15.351 -15.450 -15.510 -15.515 -15.466 -15.241 -14.946
1.100 -9.435 -9.938 -11.236 -13.356 -14.113 -14.401 -14.779 -14.674 -15.024 -14.926 -15.157 -15.293 -15.394 -15.426 -15.424 -15.237 -14.968
1.200 -8.608 -9.032 -10.516 -12.814 -13.685 -14.021 -14.464 -14.348 -14.762 -14.663 -14.928 -15.103 -15.248 -15.310 -15.357 -15.210 -14.965
1.300 -7.782 -8.102 -9.773 -12.228 -13.215 -13.600 -14.108 -13.985 -14.461 -14.367 -14.664 -14.878 -15.071 -15.163 -15.265 -15.162 -14.944
1.400 -6.992 -7.200 -9.037 -11.613 -12.713 -13.147 -13.719 -13.589 -14.127 -14.043 -14.369 -14.623 -14.864 -14.990 -15.149 -15.095 -14.906
1.500 -6.270 -6.388 -8.339 -10.992 -12.191 -12.671 -13.303 -13.171 -13.766 -13.697 -14.047 -14.339 -14.631 -14.791 -15.011 -15.009 -14.855
1.600 -5.640 -5.714 -7.716 -10.398 -11.673 -12.190 -12.873 -12.742 -13.387 -13.337 -13.708 -14.035 -14.376 -14.571 -14.855 -14.908 -14.789
1.700 -5.102 -5.162 -7.181 -9.864 -11.182 -11.725 -12.449 -12.319 -13.005 -12.976 -13.361 -13.720 -14.108 -14.336 -14.683 -14.793 -14.713
1.800 -4.638 -4.689 -6.726 -9.405 -10.738 -11.295 -12.044 -11.918 -12.632 -12.623 -13.018 -13.402 -13.831 -14.091 -14.499 -14.666 -14.627
1.900 -4.232 -4.248 -6.336 -9.031 -10.375 -10.942 -11.709 -11.585 -12.319 -12.326 -12.728 -13.130 -13.589 -13.872 -14.322 -14.526 -14.511
2.000 -3.852 -3.809 -5.976 -8.702 -10.061 -10.636 -11.414 -11.292 -12.040 -12.060 -12.466 -12.881 -13.365 -13.665 -14.151 -14.386 -14.391
2.100 -3.485 -3.361 -5.629 -8.395 -9.776 -10.357 -11.144 -11.024 -11.782 -11.811 -12.220 -12.645 -13.148 -13.464 -13.983 -14.250 -14.278
2.200 -3.147 -2.907 -5.311 -8.129 -9.561 -10.158 -10.962 -10.841 -11.611 -11.643 -12.055 -12.485 -12.993 -13.313 -13.837 -14.111 -14.144
2.300 -2.816 -2.436 -4.997 -7.864 -9.360 -9.980 -10.807 -10.685 -11.470 -11.504 -11.921 -12.355 -12.866 -13.186 -13.709 -13.979 -14.011
2.400 -2.483 -1.943 -4.677 -7.586 -9.152 -9.796 -10.647 -10.526 -11.327 -11.366 -11.788 -12.228 -12.744 -13.066 -13.590 -13.859 -13.888
2.500 -2.152 -1.435 -4.354 -7.300 -8.939 -9.607 -10.486 -10.365 -11.185 -11.230 -11.656 -12.104 -12.627 -12.952 -13.479 -13.748 -13.777
2.600 -1.826 -0.913 -4.033 -7.008 -8.722 -9.416 -10.323 -10.202 -11.042 -11.094 -11.526 -11.982 -12.514 -12.844 -13.375 -13.646 -13.675
2.700 -1.505 -0.377 -3.715 -6.710 -8.502 -9.223 -10.158 -10.039 -10.898 -10.959 -11.396 -11.861 -12.404 -12.738 -13.277 -13.551 -13.581
2.800 -1.194 0.168 -3.403 -6.410 -8.281 -9.029 -9.992 -9.875 -10.755 -10.825 -11.266 -11.741 -12.295 -12.636 -13.183 -13.462 -13.494
2.900 -0.892 0.720 -3.098 -6.110 -8.060 -8.834 -9.826 -9.711 -10.611 -10.691 -11.137 -11.621 -12.188 -12.536 -13.093 -13.378 -13.414
3.000 -0.608 1.262 -2.809 -5.817 -7.844 -8.644 -9.662 -9.550 -10.468 -10.559 -11.009 -11.503 -12.082 -12.438 -13.006 -13.299 -13.338
3.100 -0.342 1.780 -2.539 -5.537 -7.635 -8.458 -9.501 -9.392 -10.327 -10.429 -10.883 -11.386 -11.978 -12.341 -12.921 -13.223 -13.267
3.200 -0.098 2.257 -2.290 -5.274 -7.436 -8.279 -9.344 -9.238 -10.190 -10.302 -10.759 -11.270 -11.874 -12.246 -12.839 -13.150 -13.199
3.300 0.123 2.672 -2.064 -5.034 -7.248 -8.109 -9.194 -9.091 -10.056 -10.178 -10.637 -11.157 -11.773 -12.152 -12.758 -13.079 -13.135
3.400 0.319 3.010 -1.865 -4.819 -7.075 -7.950 -9.051 -8.950 -9.926 -10.058 -10.519 -11.046 -11.672 -12.059 -12.677 -13.009 -13.072
3.500 0.449 3.195 -1.733 -4.681 -6.954 -7.835 -8.943 -8.844 -9.826 -9.962 -10.424 -10.954 -11.586 -11.976 -12.602 -12.939 -13.006
3.600 0.519 3.264 -1.664 -4.611 -6.885 -7.766 -8.873 -8.774 -9.756 -9.892 -10.354 -10.884 -11.516 -11.907 -12.532 -12.870 -12.937
3.700 0.586 3.332 -1.596 -4.543 -6.817 -7.698 -8.806 -8.707 -9.688 -9.824 -10.287 -10.816 -11.449 -11.839 -12.464 -12.802 -12.869
3.800 0.652 3.398 -1.530 -4.478 -6.751 -7.632 -8.740 -8.641 -9.622 -9.759 -10.221 -10.750 -11.383 -11.773 -12.399 -12.736 -12.803
3.900 0.716 3.462 -1.466 -4.414 -6.687 -7.568 -8.676 -8.577 -9.558 -9.695 -10.157 -10.686 -11.319 -11.709 -12.335 -12.672 -12.739
4.000 0.779 3.524 -1.404 -4.351 -6.625 -7.506 -8.614 -8.514 -9.496 -9.632 -10.095 -10.624 -11.257 -11.647 -12.272 -12.610 -12.677
4.100 0.839 3.585 -1.343 -4.291 -6.564 -7.445 -8.553 -8.454 -9.435 -9.572 -10.034 -10.564 -11.196 -11.586 -12.212 -12.549 -12.616
4.200 0.898 3.644 -1.284 -4.232 -6.505 -7.386 -8.494 -8.395 -9.377 -9.513 -9.975 -10.505 -11.137 -11.527 -12.153 -12.490 -12.557
4.300 0.955 3.701 -1.227 -4.174 -6.448 -7.329 -8.437 -8.337 -9.319 -9.455 -9.918 -10.447 -11.080 -11.470 -12.095 -12.433 -12.500
4.400 1.011 3.757 -1.171 -4.118 -6.392 -7.273 -8.381 -8.282 -9.263 -9.400 -9.862 -10.391 -11.024 -11.414 -12.040 -12.377 -12.444
4.500 1.066 3.811 -1.117 -4.064 -6.338 -7.219 -8.327 -8.227 -9.209 -9.345 -9.808 -10.337 -10.969 -11.360 -11.985 -12.323 -12.390
4.600 1.118 3.864 -1.064 -4.011 -6.285 -7.166 -8.274 -8.175 -9.156 -9.292 -9.755 -10.284 -10.917 -11.307 -11.932 -12.270 -12.337
4.700 1.170 3.916 -1.012 -3.960 -6.233 -7.114 -8.222 -8.123 -9.105 -9.241 -9.703 -10.233 -10.865 -11.255 -11.881 -12.219 -12.286
4.800 1.220 3.966 -0.962 -3.910 -6.183 -7.064 -8.172 -8.073 -9.055 -9.191 -9.653 -10.183 -10.815 -11.205 -11.831 -12.169 -12.236
4.900 1.269 4.014 -0.914 -3.861 -6.135 -7.016 -8.124 -8.024 -9.006 -9.142 -9.605 -10.134 -10.766 -11.157 -11.782 -12.120 -12.187
5.000 1.316 4.062 -0.866 -3.814 -6.087 -6.968 -8.076 -7.977 -8.959 -9.095 -9.557 -10.087 -10.719 -11.109 -11.735 -12.072 -12.139
5.100 1.362 4.108 -0.820 -3.768 -6.041 -6.922 -8.030 -7.931 -8.912 -9.049 -9.511 -10.040 -10.673 -11.063 -11.689 -12.026 -12.093
5.200 1.407 4.153 -0.775 -3.723 -5.996 -6.877 -7.985 -7.886 -8.867 -9.004 -9.466 -9.996 -10.628 -11.018 -11.644 -11.981 -12.048
5.300 1.451 4.197 -0.731 -3.679 -5.952 -6.833 -7.941 -7.842 -8.824 -8.960 -9.422 -9.952 -10.584 -10.974 -11.600 -11.938 -12.005
5.400 1.494 4.239 -0.689 -3.636 -5.910 -6.791 -7.899 -7.799 -8.781 -8.917 -9.380 -9.909 -10.541 -10.932 -11.557 -11.895 -11.962
5.500 1.535 4.281 -0.647 -3.594 -5.868 -6.749 -7.857 -7.758 -8.739 -8.876 -9.338 -9.867 -10.500 -10.890 -11.516 -11.853 -11.920
5.600 1.576 4.321 -0.606 -3.554 -5.827 -6.708 -7.816 -7.717 -8.699 -8.835 -9.297 -9.827 -10.459 -10.849 -11.475 -11.813 -11.880
5.700 1.616 4.361 -0.567 -3.514 -5.788 -6.669 -7.777 -7.677 -8.659 -8.795 -9.258 -9.787 -10.420 -10.810 -11.435 -11.773 -11.840
5.800 1.654 4.400 -0.528 -3.475 -5.749 -6.630 -7.738 -7.639 -8.620 -8.757 -9.219 -9.748 -10.381 -10.771 -11.397 -11.734 -11.801
5.900 1.692 4.438 -0.490 -3.438 -5.711 -6.592 -7.700 -7.601 -8.582 -8.719 -9.181 -9.711 -10.343 -10.733 -11.359 -11.696 -11.763
6.000 1.729 4.475 -0.453 -3.401 -5.674 -6.555 -7.663 -7.564 -8.545 -8.682 -9.144 -9.673 -10.306 -10.696 -11.322 -11.659 -11.726
6.100 1.765 4.511 -0.417 -3.364 -5.638 -6.519 -7.627 -7.527 -8.509 -8.645 -9.108 -9.637 -10.270 -10.660 -11.285 -11.623 -11.690
6.200 1.801 4.547 -0.381 -3.329 -5.602 -6.483 -7.591 -7.492 -8.474 -8.610 -9.072 -9.602 -10.234 -10.624 -11.250 -11.587 -11.655
6.300 1.836 4.581 -0.347 -3.294 -5.568 -6.449 -7.556 -7.457 -8.439 -8.575 -9.037 -9.567 -10.199 -10.590 -11.215 -11.553 -11.620
6.400 1.870 4.616 -0.312 -3.260 -5.533 -6.414 -7.522 -7.423 -8.405 -8.541 -9.003 -9.533 -10.165 -10.555 -11.181 -11.519 -11.586
6.500 1.903 4.649 -0.279 -3.226 -5.500 -6.381 -7.489 -7.390 -8.371 -8.507 -8.970 -9.499 -10.132 -10.522 -11.147 -11.485 -11.552
6.600 1.936 4.682 -0.246 -3.193 -5.467 -6.348 -7.456 -7.357 -8.338 -8.474 -8.937 -9.466 -10.099 -10.489 -11.115 -11.452 -11.519
6.700 1.969 4.714 -0.214 -3.161 -5.435 -6.316 -7.424 -7.324 -8.306 -8.442 -8.905 -9.434 -10.066 -10.457 -11.082 -11.420 -11.487
6.800 2.000 4.746 -0.182 -3.129 -5.403 -6.284 -7.392 -7.293 -8.274 -8.410 -8.873 -9.402 -10.035 -10.425 -11.050 -11.388 -11.455
6.900 2.032 4.777 -0.151 -3.098 -5.372 -6.253 -7.361 -7.261 -8.243 -8.379 -8.842 -9.371 -10.003 -10.394 -11.019 -11.357 -11.424
7.000 2.062 4.808 -0.120 -3.067 -5.341 -6.222 -7.330 -7.231 -8.212 -8.348 -8.811 -9.340 -9.973 -10.363 -10.988 -11.326 -11.393
7.100 2.093 4.838 -0.090 -3.037 -5.311 -6.192 -7.300 -7.200 -8.182 -8.318 -8.781 -9.310 -9.942 -10.333 -10.958 -11.296 -11.363
7.200 2.122 4.868 -0.060 -3.007 -5.281 -6.162 -7.270 -7.170 -8.152 -8.288 -8.751 -9.280 -9.913 -10.303 -10.928 -11.266 -11.333
7.300 2.152 4.897 -0.031 -2.978 -5.252 -6.133 -7.240 -7.141 -8.123 -8.259 -8.721 -9.251 -9.883 -10.274 -10.899 -11.237 -11.304
7.400 2.181 4.926 -0.002 -2.949 -5.223 -6.104 -7.211 -7.112 -8.094 -8.230 -8.692 -9.222 -9.854 -10.245 -10.870 -11.208 -11.275
7.500 2.209 4.955 0.027 -2.920 -5.194 -6.075 -7.183 -7.084 -8.065 -8.202 -8.664 -9.193 -9.826 -10.216 -10.842 -11.179 -11.246
7.600 2.237 4.983 0.055 -2.892 -5.166 -6.047 -7.155 -7.056 -8.037 -8.173 -8.636 -9.165 -9.798 -10.188 -10.814 -11.151 -11.218
7.700 2.265 5.011 0.083 -2.865 -5.138 -6.019 -7.127 -7.028 -8.010 -8.146 -8.608 -9.138 -9.770 -10.160 -10.786 -11.123 -11.190
7.800 2.292 5.038 0.110 -2.837 -5.111 -5.992 -7.100 -7.001 -7.982 -8.118 -8.581 -9.110 -9.743 -10.133 -10.758 -11.096 -11.163
7.900 2.319 5.065 0.137 -2.810 -5.084 -5.965 -7.073 -6.974 -7.955 -8.091 -8.554 -9.083 -9.716 -10.106 -10.731 -11.069 -11.136
8.000 2.346 5.092 0.164 -2.784 -5.057 -5.938 -7.046 -6.947 -7.929 -8.065 -8.527 -9.057 -9.689 -10.079 -10.705 -11.042 -11.109
8.100 2.372 5.118 0.190 -2.757 -5.031 -5.912 -7.020 -6.921 -7.902 -8.038 -8.501 -9.030 -9.663 -10.053 -10.679 -11.016 -11.083
8.200 2.398 5.144 0.216 -2.731 -5.005 -5.886 -6.994 -6.895 -7.876 -8.012 -8.475 -9.004 -9.637 -10.027 -10.653 -10.990 -11.057
8.300 2.424 5.170 0.242 -2.706 -4.979 -5.860 -6.968 -6.869 -7.851 -7.987 -8.449 -8.979 -9.611 -10.001 -10.627 -10.964 -11.031
8.400 2.449 5.195 0.267 -2.680 -4.954 -5.835 -6.943 -6.844 -7.825 -7.961 -8.424 -8.953 -9.586 -9.976 -10.602 -10.939 -11.006
8.500 2.474 5.220 0.292 -2.655 -4.929 -5.810 -6.918 -6.819 -7.800 -7.936 -8.399 -8.928 -9.561 -9.951 -10.576 -10.914 -10.981
8.600 2.499 5.245 0.317 -2.631 -4.904 -5.785 -6.893 -6.794 -7.775 -7.912 -8.374 -8.903 -9.536 -9.926 -10.552 -10.889 -10.956
8.700 2.524 5.269 0.341 -2.606 -4.880 -5.761 -6.869 -6.769 -7.751 -7.887 -8.350 -8.879 -9.511 -9.902 -10.527 -10.865 -10.932
8.800 2.548 5.293 0.366 -2.582 -4.855 -5.736 -6.844 -6.745 -7.727 -7.863 -8.325 -8.855 -9.487 -9.877 -10.503 -10.841 -10.908
8.900 2.572 5.317 0.389 -2.558 -4.832 -5.713 -6.820 -6.721 -7.703 -7.839 -8.301 -8.831 -9.463 -9.854 -10.479 -10.817 -10.884
9.000 2.595 5.341 0.413 -2.534 -4.808 -5.689 -6.797 -6.697 -7.679 -7.815 -8.278 -8.807 -9.440 -9.830 -10.455 -10.793 -10.860
9.100 2.619 5.364 0.437 -2.511 -4.784 -5.665 -6.773 -6.674 -7.656 -7.792 -8.254 -8.784 -9.416 -9.806 -10.432 -10.770 -10.837
9.200 2.642 5.388 0.460 -2.488 -4.761 -5.642 -6.750 -6.651 -7.633 -7.769 -8.231 -8.761 -9.393 -9.783 -10.409 -10.746 -10.813
9.300 2.665 5.411 0.483 -2.465 -4.738 -5.619 -6.727 -6.628 -7.610 -7.746 -8.208 -8.738 -9.370 -9.760 -10.386 -10.724 -10.791
9.400 2.688 5.433 0.505 -2.442 -4.716 -5.597 -6.705 -6.605 -7.587 -7.723 -8.186 -8.715 -9.347 -9.738 -10.363 -10.701 -10.768
9.500 2.710 5.456 0.528 -2.420 -4.693 -5.574 -6.682 -6.583 -7.565 -7.701 -8.163 -8.693 -9.325 -9.715 -10.341 -10.678 -10.745
9.600 2.732 5.478 0.550 -2.397 -4.671 -5.552 -6.660 -6.561 -7.542 -7.679 -8.141 -8.670 -9.303 -9.693 -10.319 -10.656 -10.723
9.700 2.754 5.500 0.572 -2.376 -4.649 -5.530 -6.638 -6.539 -7.520 -7.657 -8.119 -8.648 -9.281 -9.671 -10.297 -10.634 -10.701
9.800 2.776 5.522 0.594 -2.354 -4.627 -5.508 -6.616 -6.517 -7.499 -7.635 -8.097 -8.627 -9.259 -9.649 -10.275 -10.613 -10.680
9.900 2.798 5.543 0.615 -2.332 -4.606 -5.487 -6.595 -6.495 -7.477 -7.613 -8.076 -8.605 -9.238 -9.628 -10.253 -10.591 -10.658
10.000 2.819 5.564 0.636 -2.311 -4.585 -5.466 -6.573 -6.474 -7.456 -7.592 -8.054 -8.584 -9.216 -9.607 -10.232 -10.570 -10.637
10.100 2.840 5.586 0.658 -2.290 -4.563 -5.444 -6.552 -6.453 -7.435 -7.571 -8.033 -8.563 -9.195 -9.585 -10.211 -10.549 -10.616
10.200 2.861 5.606 0.679 -2.269 -4.542 -5.423 -6.531 -6.432 -7.414 -7.550 -8.012 -8.542 -9.174 -9.564 -10.190 -10.528 -10.595
10.300 2.882 5.627 0.699 -2.248 -4.522 -5.403 -6.511 -6.411 -7.393 -7.529 -7.992 -8.521 -9.153 -9.544 -10.169 -10.507 -10.574
10.400 2.902 5.648 0.720 -2.228 -4.501 -5.382 -6.490 -6.391 -7.372 -7.509 -7.971 -8.501 -9.133 -9.523 -10.149 -10.486 -10.553
10.500 2.923 5.668 0.740 -2.207 -4.481 -5.362 -6.470 -6.370 -7.352 -7.488 -7.951 -8.480 -9.113 -9.503 -10.128 -10.466 -10.533
10.600 2.943 5.688 0.760 -2.187 -4.461 -5.342 -6.450 -6.350 -7.332 -7.468 -7.931 -8.460 -9.092 -9.483 -10.108 -10.446 -10.513
10.700 2.963 5.708 0.780 -2.167 -4.441 -5.322 -6.430 -6.330 -7.312 -7.448 -7.911 -8.440 -9.072 -9.463 -10.088 -10.426 -10.493
10.800 2.982 5.728 0.800 -2.147 -4.421 -5.302 -6.410 -6.311 -7.292 -7.428 -7.891 -8.420 -9.053 -9.443 -10.068 -10.406 -10.473
10.900 3.002 5.748 0.820 -2.128 -4.401 -5.282 -6.390 -6.291 -7.273 -7.409 -7.871 -8.401 -9.033 -9.423 -10.049 -10.386 -10.453
11.000 3.022 5.767 0.839 -2.108 -4.382 -5.263 -6.371 -6.271 -7.253 -7.389 -7.852 -8.381 -9.014 -9.404 -10.029 -10.367 -10.434
11.100 3.041 5.786 0.858 -2.089 -4.363 -5.244 -6.351 -6.252 -7.234 -7.370 -7.832 -8.362 -8.994 -9.385 -10.010 -10.348 -10.415
11.200 3.060 5.805 0.878 -2.070 -4.343 -5.224 -6.332 -6.233 -7.215 -7.351 -7.813 -8.343 -8.975 -9.365 -9.991 -10.329 -10.396
11.300 3.079 5.824 0.896 -2.051 -4.325 -5.206 -6.313 -6.214 -7.196 -7.332 -7.794 -8.324 -8.956 -9.347 -9.972 -10.310 -10.377
11.400 3.098 5.843 0.915 -2.032 -4.306 -5.187 -6.295 -6.195 -7.177 -7.313 -7.776 -8.305 -8.937 -9.328 -9.953 -10.291 -10.358
11.500 3.116 5.862 0.934 -2.013 -4.287 -5.168 -6.276 -6.177 -7.158 -7.295 -7.757 -8.286 -8.919 -9.309 -9.935 -10.272 -10.339
11.600 3.135 5.880 0.952 -1.995 -4.269 -5.150 -6.257 -6.158 -7.140 -7.276 -7.738 -8.268 -8.900 -9.291 -9.916 -10.254 -10.321
11.700 3.153 5.899 0.971 -1.977 -4.250 -5.131 -6.239 -6.140 -7.122 -7.258 -7.720 -8.250 -8.882 -9.272 -9.898 -10.235 -10.302
11.800 3.171 5.917 0.989 -1.959 -4.232 -5.113 -6.221 -6.122 -7.103 -7.240 -7.702 -8.231 -8.864 -9.254 -9.880 -10.217 -10.284
11.900 3.189 5.935 1.007 -1.940 -4.214 -5.095 -6.203 -6.104 -7.085 -7.222 -7.684 -8.213 -8.846 -9.236 -9.862 -10.199 -10.266
12.000 3.207 5.953 1.025 -1.923 -4.196 -5.077 -6.185 -6.086 -7.067 -7.204 -7.666 -8.196 -8.828 -9.218 -9.844 -10.181 -10.248
12.100 3.225 5.970 1.042 -1.905 -4.178 -5.059 -6.167 -6.068 -7.050 -7.186 -7.648 -8.178 -8.810 -9.200 -9.826 -10.164 -10.231
12.200 3.242 5.988 1.060 -1.887 -4.161 -5.042 -6.150 -6.051 -7.032 -7.168 -7.631 -8.160 -8.793 -9.183 -9.808 -10.146 -10.213
12.300 3.260 6.006 1.078 -1.870 -4.143 -5.024 -6.132 -6.033 -7.015 -7.151 -7.613 -8.143 -8.775 -9.165 -9.791 -10.129 -10.196
12.400 3.277 6.023 1.095 -1.852 -4.126 -5.007 -6.115 -6.016 -6.997 -7.134 -7.596 -8.125 -8.758 -9.148 -9.774 -10.111 -10.178
12.500 3.294 6.040 1.112 -1.835 -4.109 -4.990 -6.098 -5.999 -6.980 -7.116 -7.579 -8.108 -8.741 -9.131 -9.756 -10.094 -10.161
12.600 3.312 6.057 1.129 -1.818 -4.092 -4.973 -6.081 -5.981 -6.963 -7.099 -7.562 -8.091 -8.724 -9.114 -9.739 -10.077 -10.144
12.700 3.328 6.074 1.146 -1.801 -4.075 -4.956 -6.064 -5.965 -6.946 -7.082 -7.545 -8.074 -8.707 -9.097 -9.722 -10.060 -10.127
12.800 3.345 6.091 1.163 -1.784 -4.058 -4.939 -6.047 -5.948 -6.929 -7.066 -7.528 -8.057 -8.690 -9.080 -9.706 -10.043 -10.110
12.900 3.362 6.108 1.180 -1.768 -4.041 -4.922 -6.030 -5.931 -6.913 -7.049 -7.511 -8.041 -8.673 -9.063 -9.689 -10.027 -10.094
13.000 3.378 6.124 1.196 -1.751 -4.025 -4.906 -6.014 -5.914 -6.896 -7.032 -7.495 -8.024 -8.657 -9.047 -9.672 -10.010 -10.077
13.100 3.395 6.140 1.213 -1.735 -4.008 -4.889 -5.997 -5.898 -6.880 -7.016 -7.478 -8.008 -8.640 -9.030 -9.656 -9.994 -10.061
13.200 3.411 6.157 1.229 -1.719 -3.992 -4.873 -5.981 -5.882 -6.863 -7.000 -7.462 -7.991 -8.624 -9.014 -9.640 -9.977 -10.044
13.300 3.427 6.173 1.245 -1.702 -3.976 -4.857 -5.965 -5.866 -6.847 -6.983 -7.446 -7.975 -8.608 -8.998 -9.624 -9.961 -10.028
13.400 3.444 6.189 1.261 -1.686 -3.960 -4.841 -5.949 -5.849 -6.831 -6.967 -7.430 -7.959 -8.592 -8.982 -9.607 -9.945 -10.012
13.500 3.459 6.205 1.277 -1.670 -3.944 -4.825 -5.933 -5.833 -6.815 -6.951 -7.414 -7.943 -8.576 -8.966 -9.591 -9.929 -9.996
13.600 3.475 6.221 1.293 -1.654 -3.928 -4.809 -5.917 -5.818 -6.799 -6.935 -7.398 -7.927 -8.560 -8.950 -9.576 -9.913 -9.980
13.700 3.491 6.237 1.309 -1.639 -3.912 -4.793 -5.901 -5.802 -6.784 -6.920 -7.382 -7.912 -8.544 -8.934 -9.560 -9.897 -9.964
13.800 3.507 6.252 1.324 -1.623 -3.897 -4.778 -5.886 -5.786 -6.768 -6.904 -7.367 -7.896 -8.528 -8.919 -9.544 -9.882 -9.949
13.900 3.522 6.268 1.340 -1.608 -3.881 -4.762 -5.870 -5.771 -6.752 -6.889 -7.351 -7.880 -8.513 -8.903 -9.529 -9.866 -9.933
14.000 3.538 6.283 1.355 -1.592 -3.866 -4.747 -5.855 -5.755 -6.737 -6.873 -7.336 -7.865 -8.497 -8.888 -9.513 -9.851 -9.918
14.100 3.553 6.299 1.371 -1.577 -3.850 -4.731 -5.839 -5.740 -6.722 -6.858 -7.320 -7.850 -8.482 -8.872 -9.498 -9.836 -9.903
14.200 3.568 6.314 1.386 -1.562 -3.835 -4.716 -5.824 -5.725 -6.706 -6.843 -7.305 -7.834 -8.467 -8.857 -9.483 -9.820 -9.887
14.300 3.583 6.329 1.401 -1.546 -3.820 -4.701 -5.809 -5.710 -6.691 -6.828 -7.290 -7.819 -8.452 -8.842 -9.468 -9.805 -9.872
14.400 3.598 6.344 1.416 -1.531 -3.805 -4.686 -5.794 -5.695 -6.676 -6.813 -7.275 -7.804 -8.437 -8.827 -9.453 -9.790 -9.857
14.500 3.613 6.359 1.431 -1.517 -3.790 -4.671 -5.779 -5.680 -6.661 -6.798 -7.260 -7.789 -8.422 -8.812 -9.438 -9.775 -9.842
14.600 3.628 6.374 1.446 -1.502 -3.775 -4.656 -5.764 -5.665 -6.647 -6.783 -7.245 -7.775 -8.407 -8.797 -9.423 -9.760 -9.827
14.700 3.643 6.388 1.460 -1.487 -3.761 -4.642 -5.749 -5.650 -6.632 -6.768 -7.230 -7.760 -8.392 -8.783 -9.408 -9.746 -9.813
14.800 3.657 6.403 1.475 -1.472 -3.746 -4.627 -5.735 -5.636 -6.617 -6.753 -7.216 -7.745 -8.378 -8.768 -9.394 -9.731 -9.798
14.900 3.672 6.417 1.490 -1.458 -3.731 -4.612 -5.720 -5.621 -6.603 -6.739 -7.201 -7.731 -8.363 -8.753 -9.379 -9.717 -9.784
15.000 3.686 6.432 1.504 -1.443 -3.717 -4.598 -5.706 -5.607 -6.588 -6.724 -7.187 -7.716 -8.349 -8.739 -9.365 -9.702 -9.769
