# day W2 M2 W1 u B g V c r w o i z y J H K
0.000 -8.078 -7.930 -7.758 -7.050 -6.725 -6.565 -6.284 -6.394 -6.048 -6.210 -5.917 -5.656 -5.359 -5.128 -4.658 -4.043 -3.470
0.100 -13.779 -13.885 -13.885 -13.785 -13.639 -13.556 -13.402 -13.458 -13.259 -13.338 -13.176 -13.005 -12.798 -12.629 -12.274 -11.773 -11.284
0.200 -14.034 -14.250 -14.351 -14.519 -14.451 -14.397 -14.290 -14.327 -14.177 -14.230 -14.110 -13.965 -13.784 -13.634 -13.315 -12.850 -12.389
0.300 -13.837 -14.146 -14.348 -14.761 -14.771 -14.749 -14.688 -14.707 -14.607 -14.635 -14.556 -14.437 -14.281 -14.148 -13.860 -13.427 -12.991
0.400 -13.355 -13.750 -14.071 -14.738 -14.836 -14.849 -14.841 -14.841 -14.797 -14.799 -14.765 -14.676 -14.549 -14.434 -14.181 -13.781 -13.371
0.500 -12.644 -13.118 -13.579 -14.519 -14.718 -14.773 -14.827 -14.805 -14.826 -14.802 -14.817 -14.764 -14.671 -14.579 -14.367 -14.005 -13.622
0.600 -11.756 -12.292 -12.916 -14.142 -14.458 -14.561 -14.684 -14.640 -14.733 -14.685 -14.752 -14.740 -14.688 -14.623 -14.458 -14.141 -13.791
0.700 -10.736 -11.303 -12.105 -13.617 -14.063 -14.220 -14.422 -14.356 -14.530 -14.459 -14.582 -14.617 -14.614 -14.581 -14.474 -14.209 -13.896
0.800 -9.721 -10.277 -11.233 -12.983 -13.561 -13.777 -14.060 -13.975 -14.233 -14.147 -14.325 -14.411 -14.464 -14.468 -14.429 -14.225 -13.954
0.900 -8.893 -9.425 -10.439 -12.313 -13.000 -13.268 -13.627 -13.527 -13.865 -13.774 -13.999 -14.138 -14.252 -14.298 -14.335 -14.200 -13.976
1.000 -8.315 -8.849 -9.848 -11.719 -12.459 -12.760 -13.174 -13.068 -13.469 -13.384 -13.644 -13.830 -14.005 -14.095 -14.211 -14.146 -13.967
1.100 -7.882 -8.432 -9.434 -11.277 -12.010 -12.321 -12.758 -12.653 -13.089 -13.018 -13.298 -13.521 -13.750 -13.881 -14.073 -14.074 -13.935
1.200 -7.493 -8.048 -9.098 -10.965 -11.680 -11.984 -12.422 -12.320 -12.766 -12.709 -12.995 -13.240 -13.512 -13.676 -13.936 -13.997 -13.898
1.300 -7.106 -7.655 -8.779 -10.716 -11.434 -11.734 -12.166 -12.066 -12.510 -12.462 -12.749 -13.004 -13.303 -13.492 -13.807 -13.921 -13.858
1.400 -6.706 -7.235 -8.451 -10.483 -11.229 -11.534 -11.968 -11.867 -12.312 -12.267 -12.555 -12.814 -13.129 -13.335 -13.692 -13.851 -13.820
1.500 -6.287 -6.783 -8.102 -10.238 -11.031 -11.351 -11.799 -11.694 -12.149 -12.103 -12.395 -12.659 -12.983 -13.201 -13.589 -13.784 -13.781
1.600 -5.853 -6.303 -7.736 -9.981 -10.838 -11.184 -11.663 -11.553 -12.035 -11.988 -12.292 -12.566 -12.898 -13.120 -13.513 -13.714 -13.715
1.700 -5.400 -5.789 -7.347 -9.700 -10.629 -11.005 -11.523 -11.408 -11.923 -11.877 -12.197 -12.485 -12.830 -13.055 -13.451 -13.649 -13.648
1.800 -4.931 -5.242 -6.936 -9.394 -10.401 -10.809 -11.368 -11.249 -11.800 -11.758 -12.092 -12.398 -12.758 -12.991 -13.392 -13.590 -13.588
1.900 -4.450 -4.663 -6.506 -9.066 -10.155 -10.597 -11.199 -11.077 -11.666 -11.629 -11.979 -12.303 -12.681 -12.923 -13.334 -13.535 -13.532
2.000 -3.958 -4.052 -6.059 -8.715 -9.891 -10.370 -11.017 -10.892 -11.520 -11.492 -11.857 -12.201 -12.599 -12.852 -13.275 -13.481 -13.479
2.100 -3.455 -3.403 -5.594 -8.339 -9.610 -10.127 -10.822 -10.695 -11.364 -11.346 -11.725 -12.090 -12.510 -12.775 -13.212 -13.425 -13.425
2.200 -2.949 -2.723 -5.118 -7.943 -9.314 -9.873 -10.616 -10.489 -11.199 -11.193 -11.587 -11.972 -12.416 -12.693 -13.148 -13.369 -13.372
2.300 -2.445 -2.012 -4.635 -7.529 -9.007 -9.608 -10.402 -10.276 -11.026 -11.035 -11.441 -11.848 -12.316 -12.607 -13.079 -13.310 -13.318
2.400 -1.949 -1.272 -4.153 -7.101 -8.693 -9.337 -10.182 -10.057 -10.847 -10.872 -11.290 -11.718 -12.210 -12.515 -13.006 -13.249 -13.261
2.500 -1.465 -0.506 -3.676 -6.663 -8.374 -9.063 -9.959 -9.836 -10.665 -10.707 -11.136 -11.583 -12.100 -12.418 -12.930 -13.184 -13.203
2.600 -1.006 0.277 -3.216 -6.226 -8.058 -8.791 -9.735 -9.616 -10.481 -10.541 -10.979 -11.444 -11.985 -12.318 -12.850 -13.117 -13.142
2.700 -0.580 1.056 -2.786 -5.801 -7.752 -8.526 -9.515 -9.401 -10.298 -10.376 -10.822 -11.304 -11.868 -12.213 -12.766 -13.047 -13.080
2.800 -0.197 1.804 -2.396 -5.401 -7.463 -8.274 -9.303 -9.193 -10.119 -10.214 -10.666 -11.164 -11.748 -12.106 -12.679 -12.974 -13.015
2.900 0.138 2.474 -2.054 -5.040 -7.197 -8.038 -9.101 -8.995 -9.945 -10.056 -10.512 -11.023 -11.626 -11.997 -12.588 -12.898 -12.947
3.000 0.421 3.016 -1.765 -4.730 -6.958 -7.823 -8.912 -8.810 -9.778 -9.904 -10.364 -10.885 -11.504 -11.885 -12.495 -12.819 -12.877
3.100 0.651 3.397 -1.531 -4.479 -6.752 -7.633 -8.741 -8.642 -9.624 -9.760 -10.222 -10.752 -11.384 -11.774 -12.400 -12.737 -12.804
3.200 0.738 3.484 -1.444 -4.392 -6.665 -7.546 -8.654 -8.555 -9.537 -9.673 -10.135 -10.665 -11.297 -11.687 -12.313 -12.650 -12.717
3.300 0.825 3.571 -1.357 -4.305 -6.578 -7.459 -8.567 -8.468 -9.449 -9.586 -10.048 -10.577 -11.210 -11.600 -12.226 -12.563 -12.630
3.400 0.912 3.658 -1.270 -4.218 -6.491 -7.372 -8.480 -8.381 -9.363 -9.499 -9.961 -10.491 -11.123 -11.513 -12.139 -12.477 -12.544
3.500 0.998 3.744 -1.184 -4.131 -6.405 -7.286 -8.394 -8.295 -9.276 -9.413 -9.875 -10.404 -11.037 -11.427 -12.053 -12.390 -12.457
3.600 1.084 3.829 -1.099 -4.046 -6.320 -7.201 -8.309 -8.209 -9.191 -9.327 -9.790 -10.319 -10.951 -11.342 -11.967 -12.305 -12.372
3.700 1.168 3.914 -1.014 -3.962 -6.235 -7.116 -8.224 -8.125 -9.107 -9.243 -9.705 -10.235 -10.867 -11.257 -11.883 -12.220 -12.287
3.800 1.251 3.997 -0.931 -3.879 -6.152 -7.033 -8.141 -8.042 -9.024 -9.160 -9.622 -10.152 -10.784 -11.174 -11.800 -12.137 -12.204
3.900 1.333 4.078 -0.850 -3.797 -6.071 -6.952 -8.059 -7.960 -8.942 -9.078 -9.540 -10.070 -10.702 -11.093 -11.718 -12.056 -12.123
4.000 1.413 4.159 -0.769 -3.717 -5.990 -6.871 -7.979 -7.880 -8.862 -8.998 -9.460 -9.990 -10.622 -11.012 -11.638 -11.976 -12.043
4.100 1.491 4.237 -0.691 -3.638 -5.912 -6.793 -7.901 -7.802 -8.783 -8.920 -9.382 -9.911 -10.544 -10.934 -11.560 -11.897 -11.964
4.200 1.568 4.313 -0.615 -3.562 -5.836 -6.717 -7.824 -7.725 -8.707 -8.843 -9.305 -9.835 -10.467 -10.858 -11.483 -11.821 -11.888
4.300 1.642 4.388 -0.540 -3.487 -5.761 -6.642 -7.750 -7.651 -8.632 -8.769 -9.231 -9.760 -10.393 -10.783 -11.409 -11.746 -11.813
4.400 1.715 4.460 -0.468 -3.415 -5.689 -6.570 -7.678 -7.578 -8.560 -8.696 -9.159 -9.688 -10.320 -10.711 -11.336 -11.674 -11.741
4.500 1.785 4.530 -0.398 -3.345 -5.619 -6.500 -7.608 -7.508 -8.490 -8.626 -9.089 -9.618 -10.250 -10.641 -11.266 -11.604 -11.671
4.600 1.853 4.598 -0.330 -3.277 -5.551 -6.432 -7.540 -7.440 -8.422 -8.558 -9.021 -9.550 -10.182 -10.573 -11.198 -11.536 -11.603
4.700 1.918 4.664 -0.264 -3.211 -5.485 -6.366 -7.474 -7.375 -8.356 -8.492 -8.955 -9.484 -10.117 -10.507 -11.132 -11.470 -11.537
4.800 1.982 4.727 -0.200 -3.148 -5.421 -6.302 -7.410 -7.311 -8.293 -8.429 -8.891 -9.421 -10.053 -10.443 -11.069 -11.407 -11.474
4.900 2.043 4.789 -0.139 -3.086 -5.360 -6.241 -7.349 -7.250 -8.231 -8.368 -8.830 -9.359 -9.992 -10.382 -11.008 -11.345 -11.412
5.000 2.103 4.848 -0.080 -3.027 -5.301 -6.182 -7.290 -7.190 -8.172 -8.308 -8.771 -9.300 -9.933 -10.323 -10.948 -11.286 -11.353
5.100 2.160 4.905 -0.023 -2.970 -5.244 -6.125 -7.232 -7.133 -8.115 -8.251 -8.713 -9.243 -9.875 -10.266 -10.891 -11.229 -11.296
5.200 2.215 4.961 0.033 -2.915 -5.188 -6.069 -7.177 -7.078 -8.060 -8.196 -8.658 -9.188 -9.820 -10.210 -10.836 -11.174 -11.241
5.300 2.268 5.014 0.086 -2.861 -5.135 -6.016 -7.124 -7.025 -8.006 -8.143 -8.605 -9.134 -9.767 -10.157 -10.783 -11.120 -11.187
5.400 2.320 5.065 0.137 -2.810 -5.084 -5.965 -7.072 -6.973 -7.955 -8.091 -8.553 -9.083 -9.715 -10.106 -10.731 -11.069 -11.136
5.500 2.370 5.115 0.187 -2.760 -5.034 -5.915 -7.023 -6.923 -7.905 -8.041 -8.504 -9.033 -9.665 -10.056 -10.681 -11.019 -11.086
5.600 2.418 5.163 0.235 -2.712 -4.986 -5.867 -6.974 -6.875 -7.857 -7.993 -8.455 -8.985 -9.617 -10.008 -10.633 -10.971 -11.038
5.700 2.465 5.210 0.282 -2.665 -4.939 -5.820 -6.928 -6.828 -7.810 -7.946 -8.409 -8.938 -9.571 -9.961 -10.586 -10.924 -10.991
5.800 2.510 5.255 0.327 -2.620 -4.894 -5.775 -6.882 -6.783 -7.765 -7.901 -8.363 -8.893 -9.525 -9.916 -10.541 -10.879 -10.946
5.900 2.554 5.299 0.372 -2.576 -4.849 -5.730 -6.838 -6.739 -7.721 -7.857 -8.319 -8.849 -9.481 -9.871 -10.497 -10.835 -10.902
6.000 2.597 5.342 0.414 -2.533 -4.807 -5.688 -6.796 -6.696 -7.678 -7.814 -8.277 -8.806 -9.438 -9.829 -10.454 -10.792 -10.859
6.100 2.638 5.384 0.456 -2.491 -4.765 -5.646 -6.754 -6.655 -7.636 -7.772 -8.235 -8.764 -9.397 -9.787 -10.413 -10.750 -10.817
6.200 2.679 5.425 0.497 -2.451 -4.724 -5.605 -6.713 -6.614 -7.596 -7.732 -8.194 -8.724 -9.356 -9.746 -10.372 -10.710 -10.777
6.300 2.719 5.464 0.536 -2.411 -4.685 -5.566 -6.674 -6.574 -7.556 -7.692 -8.155 -8.684 -9.316 -9.707 -10.332 -10.670 -10.737
6.400 2.757 5.503 0.575 -2.372 -4.646 -5.527 -6.635 -6.536 -7.517 -7.654 -8.116 -8.645 -9.278 -9.668 -10.294 -10.631 -10.698
6.500 2.795 5.541 0.613 -2.335 -4.608 -5.489 -6.597 -6.498 -7.480 -7.616 -8.078 -8.608 -9.240 -9.630 -10.256 -10.593 -10.660
6.600 2.832 5.578 0.650 -2.298 -4.571 -5.452 -6.560 -6.461 -7.442 -7.579 -8.041 -8.571 -9.203 -9.593 -10.219 -10.556 -10.623
6.700 2.868 5.614 0.686 -2.261 -4.535 -5.416 -6.524 -6.425 -7.406 -7.542 -8.005 -8.534 -9.167 -9.557 -10.183 -10.520 -10.587
6.800 2.904 5.650 0.722 -2.226 -4.499 -5.380 -6.488 -6.389 -7.371 -7.507 -7.969 -8.499 -9.131 -9.521 -10.147 -10.485 -10.552
6.900 2.939 5.684 0.756 -2.191 -4.465 -5.346 -6.453 -6.354 -7.336 -7.472 -7.934 -8.464 -9.096 -9.487 -10.112 -10.450 -10.517
7.000 2.973 5.719 0.791 -2.157 -4.430 -5.311 -6.419 -6.320 -7.302 -7.438 -7.900 -8.430 -9.062 -9.452 -10.078 -10.415 -10.482
7.100 3.007 5.752 0.824 -2.123 -4.397 -5.278 -6.386 -6.286 -7.268 -7.404 -7.867 -8.396 -9.028 -9.419 -10.044 -10.382 -10.449
7.200 3.040 5.785 0.857 -2.090 -4.364 -5.245 -6.352 -6.253 -7.235 -7.371 -7.833 -8.363 -8.995 -9.386 -10.011 -10.349 -10.416
7.300 3.072 5.818 0.890 -2.057 -4.331 -5.212 -6.320 -6.221 -7.202 -7.339 -7.801 -8.330 -8.963 -9.353 -9.979 -10.316 -10.383
7.400 3.104 5.850 0.922 -2.025 -4.299 -5.180 -6.288 -6.189 -7.170 -7.307 -7.769 -8.298 -8.931 -9.321 -9.947 -10.284 -10.351
7.500 3.136 5.881 0.953 -1.994 -4.268 -5.149 -6.256 -6.157 -7.139 -7.275 -7.737 -8.267 -8.899 -9.290 -9.915 -10.253 -10.320
7.600 3.167 5.912 0.984 -1.963 -4.237 -5.118 -6.225 -6.126 -7.108 -7.244 -7.706 -8.236 -8.868 -9.259 -9.884 -10.222 -10.289
7.700 3.197 5.943 1.015 -1.932 -4.206 -5.087 -6.195 -6.096 -7.077 -7.213 -7.676 -8.205 -8.838 -9.228 -9.854 -10.191 -10.258
7.800 3.228 5.973 1.045 -1.902 -4.176 -5.057 -6.165 -6.065 -7.047 -7.183 -7.646 -8.175 -8.808 -9.198 -9.823 -10.161 -10.228
7.900 3.257 6.003 1.075 -1.873 -4.146 -5.027 -6.135 -6.036 -7.017 -7.154 -7.616 -8.145 -8.778 -9.168 -9.794 -10.131 -10.198
8.000 3.286 6.032 1.104 -1.843 -4.117 -4.998 -6.106 -6.006 -6.988 -7.124 -7.587 -8.116 -8.749 -9.139 -9.764 -10.102 -10.169
8.100 3.315 6.061 1.133 -1.814 -4.088 -4.969 -6.077 -5.978 -6.959 -7.095 -7.558 -8.087 -8.720 -9.110 -9.736 -10.073 -10.140
8.200 3.344 6.089 1.161 -1.786 -4.059 -4.940 -6.048 -5.949 -6.931 -7.067 -7.529 -8.059 -8.691 -9.081 -9.707 -10.045 -10.112
8.300 3.372 6.118 1.190 -1.758 -4.031 -4.912 -6.020 -5.921 -6.903 -7.039 -7.501 -8.031 -8.663 -9.053 -9.679 -10.016 -10.084
8.400 3.400 6.145 1.217 -1.730 -4.004 -4.885 -5.992 -5.893 -6.875 -7.011 -7.473 -8.003 -8.635 -9.026 -9.651 -9.989 -10.056
8.500 3.427 6.173 1.245 -1.703 -3.976 -4.857 -5.965 -5.866 -6.847 -6.984 -7.446 -7.976 -8.608 -8.998 -9.624 -9.961 -10.028
8.600 3.454 6.200 1.272 -1.675 -3.949 -4.830 -5.938 -5.839 -6.820 -6.957 -7.419 -7.948 -8.581 -8.971 -9.597 -9.934 -10.001
8.700 3.481 6.227 1.299 -1.649 -3.922 -4.803 -5.911 -5.812 -6.794 -6.930 -7.392 -7.922 -8.554 -8.944 -9.570 -9.908 -9.975
8.800 3.507 6.253 1.325 -1.622 -3.896 -4.777 -5.885 -5.786 -6.767 -6.903 -7.366 -7.895 -8.528 -8.918 -9.544 -9.881 -9.948
8.900 3.534 6.279 1.351 -1.596 -3.870 -4.751 -5.859 -5.759 -6.741 -6.877 -7.340 -7.869 -8.502 -8.892 -9.517 -9.855 -9.922
9.000 3.559 6.305 1.377 -1.570 -3.844 -4.725 -5.833 -5.734 -6.715 -6.852 -7.314 -7.843 -8.476 -8.866 -9.492 -9.829 -9.896
9.100 3.585 6.330 1.402 -1.545 -3.819 -4.700 -5.807 -5.708 -6.690 -6.826 -7.288 -7.818 -8.450 -8.841 -9.466 -9.804 -9.871
9.200 3.610 6.356 1.428 -1.520 -3.793 -4.674 -5.782 -5.683 -6.665 -6.801 -7.263 -7.793 -8.425 -8.815 -9.441 -9.778 -9.846
9.300 3.635 6.380 1.453 -1.495 -3.768 -4.649 -5.757 -5.658 -6.640 -6.776 -7.238 -7.768 -8.400 -8.790 -9.416 -9.754 -9.821
9.400 3.660 6.405 1.477 -1.470 -3.744 -4.625 -5.733 -5.633 -6.615 -6.751 -7.214 -7.743 -8.376 -8.766 -9.391 -9.729 -9.796
9.500 3.684 6.430 1.502 -1.446 -3.719 -4.600 -5.708 -5.609 -6.591 -6.727 -7.189 -7.719 -8.351 -8.741 -9.367 -9.705 -9.772
9.600 3.708 6.454 1.526 -1.422 -3.695 -4.576 -5.684 -5.585 -6.567 -6.703 -7.165 -7.695 -8.327 -8.717 -9.343 -9.680 -9.747
9.700 3.732 6.477 1.550 -1.398 -3.671 -4.552 -5.660 -5.561 -6.543 -6.679 -7.141 -7.671 -8.303 -8.693 -9.319 -9.657 -9.724
9.800 3.756 6.501 1.573 -1.374 -3.648 -4.529 -5.637 -5.537 -6.519 -6.655 -7.118 -7.647 -8.280 -8.670 -9.295 -9.633 -9.700
9.900 3.779 6.524 1.596 -1.351 -3.625 -4.506 -5.613 -5.514 -6.496 -6.632 -7.094 -7.624 -8.256 -8.647 -9.272 -9.610 -9.677
10.000 3.802 6.548 1.620 -1.328 -3.601 -4.482 -5.590 -5.491 -6.473 -6.609 -7.071 -7.601 -8.233 -8.623 -9.249 -9.587 -9.654
10.100 3.825 6.570 1.642 -1.305 -3.579 -4.460 -5.567 -5.468 -6.450 -6.586 -7.048 -7.578 -8.210 -8.601 -9.226 -9.564 -9.631
10.200 3.847 6.593 1.665 -1.282 -3.556 -4.437 -5.545 -5.445 -6.427 -6.563 -7.026 -7.555 -8.188 -8.578 -9.203 -9.541 -9.608
10.300 3.870 6.615 1.688 -1.260 -3.533 -4.414 -5.522 -5.423 -6.405 -6.541 -7.003 -7.533 -8.165 -8.555 -9.181 -9.519 -9.586
10.400 3.892 6.638 1.710 -1.238 -3.511 -4.392 -5.500 -5.401 -6.383 -6.519 -6.981 -7.511 -8.143 -8.533 -9.159 -9.496 -9.563
10.500 3.914 6.660 1.732 -1.216 -3.489 -4.370 -5.478 -5.379 -6.361 -6.497 -6.959 -7.489 -8.121 -8.511 -9.137 -9.474 -9.541
10.600 3.936 6.681 1.753 -1.194 -3.468 -4.349 -5.456 -5.357 -6.339 -6.475 -6.937 -7.467 -8.099 -8.490 -9.115 -9.453 -9.520
10.700 3.957 6.703 1.775 -1.172 -3.446 -4.327 -5.435 -5.336 -6.317 -6.453 -6.916 -7.445 -8.078 -8.468 -9.094 -9.431 -9.498
10.800 3.979 6.724 1.796 -1.151 -3.425 -4.306 -5.413 -5.314 -6.296 -6.432 -6.894 -7.424 -8.056 -8.447 -9.072 -9.410 -9.477
10.900 4.000 6.745 1.818 -1.130 -3.403 -4.284 -5.392 -5.293 -6.275 -6.411 -6.873 -7.403 -8.035 -8.425 -9.051 -9.389 -9.456
11.000 4.021 6.766 1.838 -1.109 -3.382 -4.263 -5.371 -5.272 -6.254 -6.390 -6.852 -7.382 -8.014 -8.404 -9.030 -9.368 -9.435
11.100 4.042 6.787 1.859 -1.088 -3.362 -4.243 -5.351 -5.251 -6.233 -6.369 -6.832 -7.361 -7.993 -8.384 -9.009 -9.347 -9.414
11.200 4.062 6.808 1.880 -1.068 -3.341 -4.222 -5.330 -5.231 -6.212 -6.349 -6.811 -7.340 -7.973 -8.363 -8.989 -9.326 -9.393
11.300 4.083 6.828 1.900 -1.047 -3.321 -4.202 -5.310 -5.210 -6.192 -6.328 -6.791 -7.320 -7.952 -8.343 -8.968 -9.306 -9.373
11.400 4.103 6.848 1.920 -1.027 -3.301 -4.182 -5.289 -5.190 -6.172 -6.308 -6.770 -7.300 -7.932 -8.323 -8.948 -9.286 -9.353
11.500 4.123 6.868 1.940 -1.007 -3.281 -4.162 -5.269 -5.170 -6.152 -6.288 -6.750 -7.280 -7.912 -8.303 -8.928 -9.266 -9.333
11.600 4.143 6.888 1.960 -0.987 -3.261 -4.142 -5.250 -5.150 -6.132 -6.268 -6.731 -7.260 -7.892 -8.283 -8.908 -9.246 -9.313
11.700 4.162 6.908 1.980 -0.967 -3.241 -4.122 -5.230 -5.131 -6.112 -6.248 -6.711 -7.240 -7.873 -8.263 -8.889 -9.226 -9.293
11.800 4.182 6.927 2.000 -0.948 -3.221 -4.102 -5.210 -5.111 -6.093 -6.229 -6.691 -7.221 -7.853 -8.243 -8.869 -9.207 -9.274
11.900 4.201 6.947 2.019 -0.928 -3.202 -4.083 -5.191 -5.092 -6.073 -6.210 -6.672 -7.201 -7.834 -8.224 -8.850 -9.187 -9.254
12.000 4.220 6.966 2.038 -0.909 -3.183 -4.064 -5.172 -5.073 -6.054 -6.190 -6.653 -7.182 -7.815 -8.205 -8.830 -9.168 -9.235
12.100 4.239 6.985 2.057 -0.890 -3.164 -4.045 -5.153 -5.053 -6.035 -6.171 -6.634 -7.163 -7.796 -8.186 -8.811 -9.149 -9.216
12.200 4.258 7.004 2.076 -0.871 -3.145 -4.026 -5.134 -5.035 -6.016 -6.152 -6.615 -7.144 -7.777 -8.167 -8.793 -9.130 -9.197
12.300 4.277 7.023 2.095 -0.853 -3.126 -4.007 -5.115 -5.016 -5.998 -6.134 -6.596 -7.126 -7.758 -8.148 -8.774 -9.111 -9.178
12.400 4.296 7.041 2.113 -0.834 -3.108 -3.989 -5.097 -4.997 -5.979 -6.115 -6.578 -7.107 -7.739 -8.130 -8.755 -9.093 -9.160
12.500 4.314 7.060 2.132 -0.816 -3.089 -3.970 -5.078 -4.979 -5.961 -6.097 -6.559 -7.089 -7.721 -8.111 -8.737 -9.074 -9.141
12.600 4.332 7.078 2.150 -0.797 -3.071 -3.952 -5.060 -4.961 -5.942 -6.078 -6.541 -7.070 -7.703 -8.093 -8.719 -9.056 -9.123
12.700 4.350 7.096 2.168 -0.779 -3.053 -3.934 -5.042 -4.943 -5.924 -6.060 -6.523 -7.052 -7.685 -8.075 -8.700 -9.038 -9.105
12.800 4.368 7.114 2.186 -0.761 -3.035 -3.916 -5.024 -4.925 -5.906 -6.042 -6.505 -7.034 -7.667 -8.057 -8.683 -9.020 -9.087
12.900 4.386 7.132 2.204 -0.743 -3.017 -3.898 -5.006 -4.907 -5.888 -6.025 -6.487 -7.016 -7.649 -8.039 -8.665 -9.002 -9.069
13.000 4.404 7.150 2.222 -0.726 -2.999 -3.880 -4.988 -4.889 -5.871 -6.007 -6.469 -6.999 -7.631 -8.021 -8.647 -8.985 -9.052
13.100 4.422 7.167 2.239 -0.708 -2.982 -3.863 -4.971 -4.871 -5.853 -5.989 -6.452 -6.981 -7.614 -8.004 -8.629 -8.967 -9.034
13.200 4.439 7.185 2.257 -0.691 -2.964 -3.845 -4.953 -4.854 -5.836 -5.972 -6.434 -6.964 -7.596 -7.986 -8.612 -8.950 -9.017
13.300 4.456 7.202 2.274 -0.673 -2.947 -3.828 -4.936 -4.837 -5.818 -5.955 -6.417 -6.946 -7.579 -7.969 -8.595 -8.932 -8.999
13.400 4.473 7.219 2.291 -0.656 -2.930 -3.811 -4.919 -4.820 -5.801 -5.937 -6.400 -6.929 -7.562 -7.952 -8.578 -8.915 -8.982
13.500 4.490 7.236 2.308 -0.639 -2.913 -3.794 -4.902 -4.803 -5.784 -5.920 -6.383 -6.912 -7.545 -7.935 -8.560 -8.898 -8.965
13.600 4.507 7.253 2.325 -0.622 -2.896 -3.777 -4.885 -4.786 -5.767 -5.903 -6.366 -6.895 -7.528 -7.918 -8.544 -8.881 -8.948
13.700 4.524 7.270 2.342 -0.606 -2.879 -3.760 -4.868 -4.769 -5.750 -5.887 -6.349 -6.879 -7.511 -7.901 -8.527 -8.864 -8.931
13.800 4.541 7.286 2.358 -0.589 -2.863 -3.744 -4.851 -4.752 -5.734 -5.870 -6.332 -6.862 -7.494 -7.885 -8.510 -8.848 -8.915
13.900 4.557 7.303 2.375 -0.572 -2.846 -3.727 -4.835 -4.736 -5.717 -5.853 -6.316 -6.845 -7.478 -7.868 -8.494 -8.831 -8.898
14.000 4.574 7.319 2.391 -0.556 -2.830 -3.711 -4.818 -4.719 -5.701 -5.837 -6.299 -6.829 -7.461 -7.852 -8.477 -8.815 -8.882
14.100 4.590 7.336 2.408 -0.540 -2.813 -3.694 -4.802 -4.703 -5.684 -5.821 -6.283 -6.813 -7.445 -7.835 -8.461 -8.798 -8.865
14.200 4.606 7.352 2.424 -0.523 -2.797 -3.678 -4.786 -4.687 -5.668 -5.804 -6.267 -6.796 -7.429 -7.819 -8.445 -8.782 -8.849
14.300 4.622 7.368 2.440 -0.507 -2.781 -3.662 -4.770 -4.671 -5.652 -5.788 -6.251 -6.780 -7.413 -7.803 -8.428 -8.766 -8.833
14.400 4.638 7.384 2.456 -0.491 -2.765 -3.646 -4.754 -4.655 -5.636 -5.772 -6.235 -6.764 -7.397 -7.787 -8.412 -8.750 -8.817
14.500 4.654 7.400 2.472 -0.475 -2.749 -3.630 -4.738 -4.639 -5.620 -5.757 -6.219 -6.748 -7.381 -7.771 -8.397 -8.734 -8.801
14.600 4.670 7.416 2.488 -0.460 -2.733 -3.614 -4.722 -4.623 -5.605 -5.741 -6.203 -6.733 -7.365 -7.755 -8.381 -8.718 -8.785
14.700 4.686 7.431 2.503 -0.444 -2.718 -3.599 -4.707 -4.607 -5.589 -5.725 -6.188 -6.717 -7.349 -7.740 -8.365 -8.703 -8.770
14.800 4.701 7.447 2.519 -0.428 -2.702 -3.583 -4.691 -4.592 -5.573 -5.710 -6.172 -6.701 -7.334 -7.724 -8.350 -8.687 -8.754
14.900 4.717 7.462 2.534 -0.413 -2.687 -3.568 -4.676 -4.576 -5.558 -5.694 -6.157 -6.686 -7.318 -7.709 -8.334 -8.672 -8.739
15.000 4.732 7.478 2.550 -0.398 -2.671 -3.552 -4.660 -4.561 -5.543 -5.679 -6.141 -6.671 -7.303 -7.693 -8.319 -8.656 -8.723
