# day W2 M2 W1 u B g V c r w o i z y J H K
0.000 -8.067 -7.922 -7.752 -7.051 -6.728 -6.568 -6.287 -6.398 -6.052 -6.214 -5.921 -5.660 -5.363 -5.133 -4.662 -4.047 -3.475
0.100 -13.587 -13.711 -13.729 -13.685 -13.563 -13.489 -13.352 -13.402 -13.222 -13.291 -13.146 -12.985 -12.787 -12.624 -12.277 -11.781 -11.295
0.200 -13.908 -14.136 -14.249 -14.451 -14.398 -14.352 -14.257 -14.289 -14.154 -14.201 -14.093 -13.958 -13.786 -13.641 -13.332 -12.873 -12.415
0.300 -13.855 -14.162 -14.363 -14.774 -14.786 -14.765 -14.708 -14.727 -14.632 -14.658 -14.584 -14.470 -14.319 -14.189 -13.907 -13.476 -13.040
0.400 -13.680 -14.051 -14.335 -14.927 -15.000 -15.004 -14.982 -14.987 -14.930 -14.939 -14.894 -14.800 -14.668 -14.550 -14.291 -13.884 -13.466
0.500 -13.392 -13.818 -14.188 -14.957 -15.092 -15.121 -15.137 -15.129 -15.110 -15.102 -15.087 -15.013 -14.900 -14.795 -14.559 -14.175 -13.775
0.600 -13.007 -13.482 -13.945 -14.891 -15.093 -15.149 -15.205 -15.182 -15.205 -15.181 -15.196 -15.144 -15.052 -14.961 -14.749 -14.388 -14.006
0.700 -12.531 -13.049 -13.614 -14.742 -15.016 -15.102 -15.200 -15.164 -15.231 -15.190 -15.239 -15.211 -15.142 -15.065 -14.880 -14.544 -14.181
0.800 -11.968 -12.519 -13.199 -14.516 -14.869 -14.988 -15.132 -15.082 -15.197 -15.141 -15.223 -15.222 -15.179 -15.119 -14.962 -14.653 -14.310
0.900 -11.318 -11.890 -12.700 -14.214 -14.655 -14.809 -15.005 -14.940 -15.107 -15.037 -15.155 -15.182 -15.169 -15.127 -15.003 -14.724 -14.403
1.000 -10.590 -11.165 -12.122 -13.840 -14.377 -14.571 -14.823 -14.744 -14.967 -14.884 -15.039 -15.099 -15.118 -15.098 -15.011 -14.761 -14.459
1.100 -9.784 -10.338 -11.464 -13.390 -14.034 -14.273 -14.585 -14.492 -14.777 -14.684 -14.877 -14.972 -15.030 -15.035 -14.987 -14.768 -14.482
1.200 -8.917 -9.415 -10.735 -12.871 -13.631 -13.918 -14.296 -14.190 -14.539 -14.441 -14.671 -14.805 -14.905 -14.937 -14.934 -14.750 -14.485
1.300 -7.997 -8.396 -9.939 -12.280 -13.167 -13.507 -13.955 -13.838 -14.255 -14.155 -14.422 -14.598 -14.744 -14.805 -14.854 -14.710 -14.468
1.400 -7.046 -7.292 -9.091 -11.624 -12.649 -13.046 -13.567 -13.442 -13.929 -13.834 -14.136 -14.354 -14.550 -14.645 -14.749 -14.650 -14.435
1.500 -6.080 -6.112 -8.204 -10.910 -12.082 -12.540 -13.137 -13.005 -13.564 -13.480 -13.814 -14.077 -14.327 -14.457 -14.622 -14.573 -14.387
1.600 -5.120 -4.871 -7.298 -10.145 -11.474 -11.995 -12.672 -12.536 -13.166 -13.100 -13.464 -13.771 -14.078 -14.246 -14.476 -14.480 -14.328
1.700 -4.189 -3.595 -6.396 -9.348 -10.840 -11.426 -12.182 -12.047 -12.746 -12.706 -13.095 -13.446 -13.811 -14.018 -14.317 -14.376 -14.260
1.800 -3.292 -2.294 -5.509 -8.526 -10.185 -10.837 -11.674 -11.541 -12.309 -12.299 -12.711 -13.105 -13.529 -13.776 -14.145 -14.264 -14.185
1.900 -2.440 -0.993 -4.654 -7.695 -9.525 -10.243 -11.158 -11.032 -11.865 -11.891 -12.320 -12.756 -13.239 -13.526 -13.967 -14.145 -14.106
2.000 -1.636 0.293 -3.840 -6.868 -8.870 -9.652 -10.644 -10.526 -11.419 -11.485 -11.930 -12.403 -12.945 -13.273 -13.784 -14.024 -14.025
2.100 -0.883 1.540 -3.074 -6.060 -8.229 -9.073 -10.137 -10.030 -10.979 -11.088 -11.545 -12.054 -12.652 -13.019 -13.601 -13.902 -13.944
2.200 -0.405 2.319 -2.588 -5.538 -7.805 -8.683 -9.789 -9.689 -10.669 -10.803 -11.265 -11.793 -12.424 -12.813 -13.436 -13.772 -13.837
2.300 -0.251 2.495 -2.433 -5.380 -7.654 -8.535 -9.643 -9.544 -10.525 -10.662 -11.124 -11.653 -12.286 -12.676 -13.302 -13.639 -13.706
2.400 -0.128 2.617 -2.311 -5.258 -7.532 -8.413 -9.521 -9.421 -10.403 -10.539 -11.002 -11.531 -12.163 -12.554 -13.179 -13.517 -13.584
2.500 -0.016 2.730 -2.198 -5.145 -7.419 -8.300 -9.408 -9.309 -10.290 -10.426 -10.889 -11.418 -12.051 -12.441 -13.067 -13.404 -13.471
2.600 0.089 2.834 -2.093 -5.041 -7.314 -8.195 -9.303 -9.204 -10.186 -10.322 -10.784 -11.314 -11.946 -12.336 -12.962 -13.300 -13.367
2.700 0.186 2.932 -1.996 -4.944 -7.217 -8.098 -9.206 -9.107 -10.088 -10.225 -10.687 -11.216 -11.849 -12.239 -12.865 -13.202 -13.269
2.800 0.277 3.023 -1.905 -4.853 -7.126 -8.007 -9.115 -9.016 -9.997 -10.134 -10.596 -11.126 -11.758 -12.148 -12.774 -13.111 -13.178
2.900 0.363 3.108 -1.820 -4.767 -7.041 -7.922 -9.029 -8.930 -9.912 -10.048 -10.510 -11.040 -11.672 -12.063 -12.688 -13.026 -13.093
3.000 0.443 3.189 -1.739 -4.686 -6.960 -7.841 -8.949 -8.850 -9.831 -9.967 -10.430 -10.959 -11.592 -11.982 -12.608 -12.945 -13.012
3.100 0.520 3.265 -1.663 -4.610 -6.884 -7.765 -8.872 -8.773 -9.755 -9.891 -10.353 -10.883 -11.515 -11.906 -12.531 -12.869 -12.936
3.200 0.593 3.338 -1.590 -4.537 -6.811 -7.692 -8.800 -8.700 -9.682 -9.818 -10.281 -10.810 -11.442 -11.833 -12.458 -12.796 -12.863
3.300 0.662 3.408 -1.520 -4.468 -6.741 -7.622 -8.730 -8.631 -9.613 -9.749 -10.211 -10.741 -11.373 -11.763 -12.389 -12.726 -12.793
3.400 0.729 3.474 -1.454 -4.401 -6.675 -7.556 -8.663 -8.564 -9.546 -9.682 -10.144 -10.674 -11.306 -11.697 -12.322 -12.660 -12.727
3.500 0.793 3.538 -1.390 -4.337 -6.611 -7.492 -8.600 -8.500 -9.482 -9.618 -10.081 -10.610 -11.242 -11.633 -12.258 -12.596 -12.663
3.600 0.854 3.600 -1.328 -4.276 -6.549 -7.430 -8.538 -8.439 -9.420 -9.557 -10.019 -10.549 -11.181 -11.571 -12.197 -12.534 -12.601
3.700 0.914 3.659 -1.269 -4.216 -6.490 -7.371 -8.479 -8.379 -9.361 -9.497 -9.960 -10.489 -11.122 -11.512 -12.137 -12.475 -12.542
3.800 0.971 3.717 -1.211 -4.159 -6.432 -7.313 -8.421 -8.322 -9.304 -9.440 -9.902 -10.432 -11.064 -11.454 -12.080 -12.418 -12.485
3.900 1.027 3.772 -1.156 -4.103 -6.377 -7.258 -8.366 -8.266 -9.248 -9.384 -9.847 -10.376 -11.008 -11.399 -12.024 -12.362 -12.429
4.000 1.081 3.826 -1.102 -4.049 -6.323 -7.204 -8.312 -8.212 -9.194 -9.330 -9.793 -10.322 -10.954 -11.345 -11.970 -12.308 -12.375
4.100 1.133 3.879 -1.049 -3.997 -6.270 -7.151 -8.259 -8.160 -9.142 -9.278 -9.740 -10.270 -10.902 -11.292 -11.918 -12.255 -12.322
4.200 1.184 3.930 -0.998 -3.946 -6.219 -7.100 -8.208 -8.109 -9.091 -9.227 -9.689 -10.219 -10.851 -11.241 -11.867 -12.204 -12.271
4.300 1.234 3.979 -0.949 -3.896 -6.170 -7.051 -8.158 -8.059 -9.041 -9.177 -9.639 -10.169 -10.801 -11.192 -11.817 -12.155 -12.222
4.400 1.282 4.028 -0.900 -3.848 -6.121 -7.002 -8.110 -8.011 -8.992 -9.129 -9.591 -10.120 -10.753 -11.143 -11.769 -12.106 -12.173
4.500 1.329 4.075 -0.853 -3.800 -6.074 -6.955 -8.063 -7.964 -8.945 -9.081 -9.544 -10.073 -10.706 -11.096 -11.721 -12.059 -12.126
4.600 1.376 4.121 -0.807 -3.754 -6.028 -6.909 -8.017 -7.917 -8.899 -9.035 -9.498 -10.027 -10.659 -11.050 -11.675 -12.013 -12.080
4.700 1.421 4.166 -0.762 -3.709 -5.982 -6.863 -7.971 -7.872 -8.854 -8.990 -9.452 -9.982 -10.614 -11.004 -11.630 -11.968 -12.035
4.800 1.465 4.211 -0.717 -3.665 -5.938 -6.819 -7.927 -7.828 -8.810 -8.946 -9.408 -9.938 -10.570 -10.960 -11.586 -11.924 -11.991
4.900 1.508 4.254 -0.674 -3.622 -5.895 -6.776 -7.884 -7.785 -8.767 -8.903 -9.365 -9.895 -10.527 -10.917 -11.543 -11.880 -11.947
5.000 1.550 4.296 -0.632 -3.579 -5.853 -6.734 -7.842 -7.743 -8.724 -8.860 -9.323 -9.852 -10.485 -10.875 -11.501 -11.838 -11.905
5.100 1.592 4.337 -0.591 -3.538 -5.811 -6.692 -7.800 -7.701 -8.683 -8.819 -9.281 -9.811 -10.443 -10.833 -11.459 -11.797 -11.864
5.200 1.633 4.378 -0.550 -3.497 -5.771 -6.652 -7.760 -7.660 -8.642 -8.778 -9.241 -9.770 -10.403 -10.793 -11.418 -11.756 -11.823
5.300 1.672 4.418 -0.510 -3.457 -5.731 -6.612 -7.720 -7.621 -8.602 -8.738 -9.201 -9.730 -10.363 -10.753 -11.379 -11.716 -11.783
5.400 1.712 4.457 -0.471 -3.418 -5.692 -6.573 -7.681 -7.581 -8.563 -8.699 -9.162 -9.691 -10.324 -10.714 -11.339 -11.677 -11.744
5.500 1.750 4.496 -0.432 -3.380 -5.653 -6.534 -7.642 -7.543 -8.525 -8.661 -9.123 -9.653 -10.285 -10.675 -11.301 -11.639 -11.706
5.600 1.788 4.533 -0.395 -3.342 -5.616 -6.497 -7.605 -7.505 -8.487 -8.623 -9.086 -9.615 -10.247 -10.638 -11.263 -11.601 -11.668
5.700 1.825 4.570 -0.358 -3.305 -5.579 -6.460 -7.567 -7.468 -8.450 -8.586 -9.048 -9.578 -10.210 -10.601 -11.226 -11.564 -11.631
5.800 1.861 4.607 -0.321 -3.269 -5.542 -6.423 -7.531 -7.432 -8.413 -8.550 -9.012 -9.541 -10.174 -10.564 -11.190 -11.527 -11.594
5.900 1.897 4.643 -0.285 -3.233 -5.506 -6.387 -7.495 -7.396 -8.378 -8.514 -8.976 -9.506 -10.138 -10.528 -11.154 -11.491 -11.558
6.000 1.932 4.678 -0.250 -3.197 -5.471 -6.352 -7.460 -7.361 -8.342 -8.478 -8.941 -9.470 -10.103 -10.493 -11.119 -11.456 -11.523
6.100 1.967 4.713 -0.215 -3.163 -5.436 -6.317 -7.425 -7.326 -8.308 -8.444 -8.906 -9.436 -10.068 -10.458 -11.084 -11.421 -11.489
6.200 2.001 4.747 -0.181 -3.129 -5.402 -6.283 -7.391 -7.292 -8.273 -8.410 -8.872 -9.402 -10.034 -10.424 -11.050 -11.387 -11.454
6.300 2.035 4.780 -0.148 -3.095 -5.369 -6.250 -7.357 -7.258 -8.240 -8.376 -8.838 -9.368 -10.000 -10.391 -11.016 -11.354 -11.421
6.400 2.068 4.813 -0.114 -3.062 -5.335 -6.216 -7.324 -7.225 -8.207 -8.343 -8.805 -9.335 -9.967 -10.357 -10.983 -11.321 -11.388
6.500 2.101 4.846 -0.082 -3.029 -5.303 -6.184 -7.292 -7.192 -8.174 -8.310 -8.773 -9.302 -9.935 -10.325 -10.950 -11.288 -11.355
6.600 2.133 4.878 -0.050 -2.997 -5.271 -6.152 -7.260 -7.160 -8.142 -8.278 -8.741 -9.270 -9.902 -10.293 -10.918 -11.256 -11.323
6.700 2.164 4.910 -0.018 -2.965 -5.239 -6.120 -7.228 -7.129 -8.110 -8.246 -8.709 -9.238 -9.871 -10.261 -10.887 -11.224 -11.291
6.800 2.196 4.941 0.013 -2.934 -5.208 -6.089 -7.197 -7.097 -8.079 -8.215 -8.678 -9.207 -9.839 -10.230 -10.855 -11.193 -11.260
6.900 2.226 4.972 0.044 -2.903 -5.177 -6.058 -7.166 -7.067 -8.048 -8.184 -8.647 -9.176 -9.809 -10.199 -10.825 -11.162 -11.229
7.000 2.257 5.002 0.074 -2.873 -5.147 -6.028 -7.135 -7.036 -8.018 -8.154 -8.616 -9.146 -9.778 -10.169 -10.794 -11.132 -11.199
7.100 2.287 5.032 0.104 -2.843 -5.117 -5.998 -7.105 -7.006 -7.988 -8.124 -8.586 -9.116 -9.748 -10.139 -10.764 -11.102 -11.169
7.200 2.316 5.062 0.134 -2.813 -5.087 -5.968 -7.076 -6.977 -7.958 -8.094 -8.557 -9.086 -9.719 -10.109 -10.735 -11.072 -11.139
7.300 2.346 5.091 0.163 -2.784 -5.058 -5.939 -7.047 -6.947 -7.929 -8.065 -8.528 -9.057 -9.690 -10.080 -10.705 -11.043 -11.110
7.400 2.374 5.120 0.192 -2.755 -5.029 -5.910 -7.018 -6.919 -7.900 -8.036 -8.499 -9.028 -9.661 -10.051 -10.677 -11.014 -11.081
7.500 2.403 5.148 0.220 -2.727 -5.001 -5.882 -6.989 -6.890 -7.872 -8.008 -8.470 -9.000 -9.632 -10.023 -10.648 -10.986 -11.053
7.600 2.431 5.176 0.248 -2.699 -4.973 -5.854 -6.961 -6.862 -7.844 -7.980 -8.442 -8.972 -9.604 -9.995 -10.620 -10.958 -11.025
7.700 2.459 5.204 0.276 -2.671 -4.945 -5.826 -6.934 -6.834 -7.816 -7.952 -8.415 -8.944 -9.576 -9.967 -10.592 -10.930 -10.997
7.800 2.486 5.232 0.304 -2.644 -4.917 -5.798 -6.906 -6.807 -7.789 -7.925 -8.387 -8.917 -9.549 -9.939 -10.565 -10.903 -10.970
7.900 2.513 5.259 0.331 -2.617 -4.890 -5.771 -6.879 -6.780 -7.762 -7.898 -8.360 -8.890 -9.522 -9.912 -10.538 -10.875 -10.942
8.000 2.540 5.285 0.357 -2.590 -4.864 -5.745 -6.852 -6.753 -7.735 -7.871 -8.333 -8.863 -9.495 -9.886 -10.511 -10.849 -10.916
8.100 2.566 5.312 0.384 -2.564 -4.837 -5.718 -6.826 -6.727 -7.708 -7.845 -8.307 -8.836 -9.469 -9.859 -10.485 -10.822 -10.889
8.200 2.592 5.338 0.410 -2.537 -4.811 -5.692 -6.800 -6.701 -7.682 -7.818 -8.281 -8.810 -9.443 -9.833 -10.459 -10.796 -10.863
8.300 2.618 5.364 0.436 -2.512 -4.785 -5.666 -6.774 -6.675 -7.656 -7.793 -8.255 -8.784 -9.417 -9.807 -10.433 -10.770 -10.837
8.400 2.644 5.389 0.461 -2.486 -4.760 -5.641 -6.748 -6.649 -7.631 -7.767 -8.229 -8.759 -9.391 -9.782 -10.407 -10.745 -10.812
8.500 2.669 5.415 0.487 -2.461 -4.734 -5.615 -6.723 -6.624 -7.606 -7.742 -8.204 -8.734 -9.366 -9.756 -10.382 -10.720 -10.787
8.600 2.694 5.440 0.512 -2.436 -4.709 -5.590 -6.698 -6.599 -7.581 -7.717 -8.179 -8.709 -9.341 -9.731 -10.357 -10.695 -10.762
8.700 2.719 5.464 0.536 -2.411 -4.685 -5.566 -6.674 -6.574 -7.556 -7.692 -8.155 -8.684 -9.316 -9.707 -10.332 -10.670 -10.737
8.800 2.743 5.489 0.561 -2.387 -4.660 -5.541 -6.649 -6.550 -7.532 -7.668 -8.130 -8.660 -9.292 -9.682 -10.308 -10.645 -10.712
8.900 2.767 5.513 0.585 -2.362 -4.636 -5.517 -6.625 -6.526 -7.507 -7.644 -8.106 -8.635 -9.268 -9.658 -10.284 -10.621 -10.688
9.000 2.791 5.537 0.609 -2.339 -4.612 -5.493 -6.601 -6.502 -7.483 -7.620 -8.082 -8.611 -9.244 -9.634 -10.260 -10.597 -10.664
9.100 2.815 5.560 0.633 -2.315 -4.588 -5.469 -6.577 -6.478 -7.460 -7.596 -8.058 -8.588 -9.220 -9.610 -10.236 -10.574 -10.641
9.200 2.838 5.584 0.656 -2.291 -4.565 -5.446 -6.554 -6.455 -7.436 -7.572 -8.035 -8.564 -9.197 -9.587 -10.213 -10.550 -10.617
9.300 2.862 5.607 0.679 -2.268 -4.542 -5.423 -6.531 -6.431 -7.413 -7.549 -8.012 -8.541 -9.174 -9.564 -10.189 -10.527 -10.594
9.400 2.884 5.630 0.702 -2.245 -4.519 -5.400 -6.508 -6.408 -7.390 -7.526 -7.989 -8.518 -9.151 -9.541 -10.166 -10.504 -10.571
9.500 2.907 5.653 0.725 -2.223 -4.496 -5.377 -6.485 -6.386 -7.367 -7.504 -7.966 -8.495 -9.128 -9.518 -10.144 -10.481 -10.548
9.600 2.930 5.675 0.747 -2.200 -4.474 -5.355 -6.463 -6.363 -7.345 -7.481 -7.944 -8.473 -9.105 -9.496 -10.121 -10.459 -10.526
9.700 2.952 5.698 0.770 -2.178 -4.451 -5.332 -6.440 -6.341 -7.323 -7.459 -7.921 -8.451 -9.083 -9.473 -10.099 -10.436 -10.504
9.800 2.974 5.720 0.792 -2.156 -4.429 -5.310 -6.418 -6.319 -7.301 -7.437 -7.899 -8.429 -9.061 -9.451 -10.077 -10.414 -10.481
9.900 2.996 5.742 0.814 -2.134 -4.407 -5.288 -6.396 -6.297 -7.279 -7.415 -7.877 -8.407 -9.039 -9.429 -10.055 -10.393 -10.460
10.000 3.018 5.763 0.835 -2.112 -4.386 -5.267 -6.375 -6.275 -7.257 -7.393 -7.856 -8.385 -9.017 -9.408 -10.033 -10.371 -10.438
10.100 3.039 5.785 0.857 -2.091 -4.364 -5.245 -6.353 -6.254 -7.236 -7.372 -7.834 -8.364 -8.996 -9.386 -10.012 -10.349 -10.416
10.200 3.060 5.806 0.878 -2.069 -4.343 -5.224 -6.332 -6.233 -7.214 -7.350 -7.813 -8.342 -8.975 -9.365 -9.991 -10.328 -10.395
10.300 3.081 5.827 0.899 -2.048 -4.322 -5.203 -6.311 -6.212 -7.193 -7.329 -7.792 -8.321 -8.954 -9.344 -9.970 -10.307 -10.374
10.400 3.102 5.848 0.920 -2.027 -4.301 -5.182 -6.290 -6.191 -7.172 -7.309 -7.771 -8.300 -8.933 -9.323 -9.949 -10.286 -10.353
10.500 3.123 5.869 0.941 -2.007 -4.280 -5.161 -6.269 -6.170 -7.152 -7.288 -7.750 -8.280 -8.912 -9.302 -9.928 -10.266 -10.333
10.600 3.143 5.889 0.961 -1.986 -4.260 -5.141 -6.249 -6.150 -7.131 -7.267 -7.730 -8.259 -8.892 -9.282 -9.907 -10.245 -10.312
10.700 3.164 5.909 0.981 -1.966 -4.240 -5.121 -6.228 -6.129 -7.111 -7.247 -7.709 -8.239 -8.871 -9.262 -9.887 -10.225 -10.292
10.800 3.184 5.930 1.002 -1.946 -4.219 -5.100 -6.208 -6.109 -7.091 -7.227 -7.689 -8.219 -8.851 -9.241 -9.867 -10.205 -10.272
10.900 3.204 5.949 1.022 -1.926 -4.199 -5.080 -6.188 -6.089 -7.071 -7.207 -7.669 -8.199 -8.831 -9.221 -9.847 -10.185 -10.252
11.000 3.224 5.969 1.041 -1.906 -4.180 -5.061 -6.169 -6.069 -7.051 -7.187 -7.650 -8.179 -8.811 -9.202 -9.827 -10.165 -10.232
11.100 3.243 5.989 1.061 -1.886 -4.160 -5.041 -6.149 -6.050 -7.031 -7.168 -7.630 -8.159 -8.792 -9.182 -9.808 -10.145 -10.212
11.200 3.263 6.008 1.080 -1.867 -4.141 -5.022 -6.129 -6.030 -7.012 -7.148 -7.610 -8.140 -8.772 -9.163 -9.788 -10.126 -10.193
11.300 3.282 6.028 1.100 -1.848 -4.121 -5.002 -6.110 -6.011 -6.993 -7.129 -7.591 -8.121 -8.753 -9.143 -9.769 -10.106 -10.173
11.400 3.301 6.047 1.119 -1.829 -4.102 -4.983 -6.091 -5.992 -6.973 -7.110 -7.572 -8.101 -8.734 -9.124 -9.750 -10.087 -10.154
11.500 3.320 6.066 1.138 -1.810 -4.083 -4.964 -6.072 -5.973 -6.954 -7.091 -7.553 -8.082 -8.715 -9.105 -9.731 -10.068 -10.135
11.600 3.339 6.085 1.157 -1.791 -4.064 -4.945 -6.053 -5.954 -6.936 -7.072 -7.534 -8.064 -8.696 -9.086 -9.712 -10.049 -10.117
11.700 3.358 6.103 1.175 -1.772 -4.046 -4.927 -6.035 -5.935 -6.917 -7.053 -7.516 -8.045 -8.677 -9.068 -9.693 -10.031 -10.098
11.800 3.376 6.122 1.194 -1.754 -4.027 -4.908 -6.016 -5.917 -6.898 -7.035 -7.497 -8.026 -8.659 -9.049 -9.675 -10.012 -10.079
11.900 3.395 6.140 1.212 -1.735 -4.009 -4.890 -5.998 -5.898 -6.880 -7.016 -7.479 -8.008 -8.640 -9.031 -9.656 -9.994 -10.061
12.000 3.413 6.158 1.230 -1.717 -3.991 -4.872 -5.979 -5.880 -6.862 -6.998 -7.460 -7.990 -8.622 -9.013 -9.638 -9.976 -10.043
12.100 3.431 6.177 1.249 -1.699 -3.972 -4.853 -5.961 -5.862 -6.844 -6.980 -7.442 -7.972 -8.604 -8.994 -9.620 -9.958 -10.025
12.200 3.449 6.194 1.267 -1.681 -3.954 -4.835 -5.943 -5.844 -6.826 -6.962 -7.424 -7.954 -8.586 -8.976 -9.602 -9.940 -10.007
12.300 3.467 6.212 1.284 -1.663 -3.937 -4.818 -5.926 -5.826 -6.808 -6.944 -7.407 -7.936 -8.568 -8.959 -9.584 -9.922 -9.989
12.400 3.484 6.230 1.302 -1.645 -3.919 -4.800 -5.908 -5.809 -6.790 -6.926 -7.389 -7.918 -8.551 -8.941 -9.567 -9.904 -9.971
12.500 3.502 6.248 1.320 -1.628 -3.901 -4.782 -5.890 -5.791 -6.773 -6.909 -7.371 -7.901 -8.533 -8.923 -9.549 -9.887 -9.954
12.600 3.519 6.265 1.337 -1.610 -3.884 -4.765 -5.873 -5.774 -6.755 -6.891 -7.354 -7.883 -8.516 -8.906 -9.532 -9.869 -9.936
12.700 3.537 6.282 1.354 -1.593 -3.867 -4.748 -5.856 -5.756 -6.738 -6.874 -7.337 -7.866 -8.498 -8.889 -9.514 -9.852 -9.919
12.800 3.554 6.299 1.371 -1.576 -3.850 -4.731 -5.838 -5.739 -6.721 -6.857 -7.319 -7.849 -8.481 -8.872 -9.497 -9.835 -9.902
12.900 3.571 6.316 1.388 -1.559 -3.833 -4.714 -5.821 -5.722 -6.704 -6.840 -7.302 -7.832 -8.464 -8.855 -9.480 -9.818 -9.885
13.000 3.588 6.333 1.405 -1.542 -3.816 -4.697 -5.805 -5.705 -6.687 -6.823 -7.286 -7.815 -8.447 -8.838 -9.463 -9.801 -9.868
13.100 3.605 6.350 1.422 -1.525 -3.799 -4.680 -5.788 -5.688 -6.670 -6.806 -7.269 -7.798 -8.431 -8.821 -9.446 -9.784 -9.851
13.200 3.621 6.367 1.439 -1.509 -3.782 -4.663 -5.771 -5.672 -6.653 -6.790 -7.252 -7.782 -8.414 -8.804 -9.430 -9.767 -9.834
13.300 3.638 6.383 1.455 -1.492 -3.766 -4.647 -5.755 -5.655 -6.637 -6.773 -7.236 -7.765 -8.397 -8.788 -9.413 -9.751 -9.818
13.400 3.654 6.400 1.472 -1.476 -3.749 -4.630 -5.738 -5.639 -6.620 -6.757 -7.219 -7.749 -8.381 -8.771 -9.397 -9.734 -9.801
13.500 3.670 6.416 1.488 -1.459 -3.733 -4.614 -5.722 -5.622 -6.604 -6.740 -7.203 -7.732 -8.365 -8.755 -9.380 -9.718 -9.785
13.600 3.687 6.432 1.504 -1.443 -3.717 -4.598 -5.706 -5.606 -6.588 -6.724 -7.187 -7.716 -8.348 -8.739 -9.364 -9.702 -9.769
13.700 3.703 6.448 1.520 -1.427 -3.701 -4.582 -5.689 -5.590 -6.572 -6.708 -7.170 -7.700 -8.332 -8.723 -9.348 -9.686 -9.753
13.800 3.719 6.464 1.536 -1.411 -3.685 -4.566 -5.673 -5.574 -6.556 -6.692 -7.154 -7.684 -8.316 -8.707 -9.332 -9.670 -9.737
13.900 3.735 6.480 1.552 -1.395 -3.669 -4.550 -5.658 -5.558 -6.540 -6.676 -7.139 -7.668 -8.300 -8.691 -9.316 -9.654 -9.721
14.000 3.750 6.496 1.568 -1.379 -3.653 -4.534 -5.642 -5.543 -6.524 -6.660 -7.123 -7.652 -8.285 -8.675 -9.301 -9.638 -9.705
14.100 3.766 6.512 1.584 -1.364 -3.637 -4.518 -5.626 -5.527 -6.509 -6.645 -7.107 -7.637 -8.269 -8.659 -9.285 -9.622 -9.689
14.200 3.782 6.527 1.599 -1.348 -3.622 -4.503 -5.611 -5.511 -6.493 -6.629 -7.092 -7.621 -8.253 -8.644 -9.269 -9.607 -9.674
14.300 3.797 6.543 1.615 -1.333 -3.606 -4.487 -5.595 -5.496 -6.478 -6.614 -7.076 -7.606 -8.238 -8.628 -9.254 -9.591 -9.658
14.400 3.812 6.558 1.630 -1.317 -3.591 -4.472 -5.580 -5.481 -6.462 -6.598 -7.061 -7.590 -8.223 -8.613 -9.239 -9.576 -9.643
14.500 3.828 6.573 1.645 -1.302 -3.576 -4.457 -5.565 -5.465 -6.447 -6.583 -7.046 -7.575 -8.207 -8.598 -9.223 -9.561 -9.628
14.600 3.843 6.588 1.660 -1.287 -3.561 -4.442 -5.549 -5.450 -6.432 -6.568 -7.030 -7.560 -8.192 -8.583 -9.208 -9.546 -9.613
14.700 3.858 6.603 1.675 -1.272 -3.545 -4.426 -5.534 -5.435 -6.417 -6.553 -7.015 -7.545 -8.177 -8.567 -9.193 -9.531 -9.598
14.800 3.873 6.618 1.690 -1.257 -3.531 -4.412 -5.519 -5.420 -6.402 -6.538 -7.000 -7.530 -8.162 -8.553 -9.178 -9.516 -9.583
14.900 3.888 6.633 1.705 -1.242 -3.516 -4.397 -5.505 -5.405 -6.387 -6.523 -6.986 -7.515 -8.147 -8.538 -9.163 -9.501 -9.568
15.000 3.902 6.648 1.720 -1.227 -3.501 -4.382 -5.490 -5.391 -6.372 -6.508 -6.971 -7.500 -8.133 -8.523 -9.148 -9.486 -9.553
