# day W2 M2 W1 u B g V c r w o i z y J H K
0.000 -11.228 -11.021 -10.816 -9.951 -9.582 -9.403 -9.089 -9.214 -8.832 -9.017 -8.690 -8.408 -8.092 -7.848 -7.354 -6.718 -6.130
0.100 -15.927 -15.890 -15.789 -15.367 -15.130 -15.007 -14.790 -14.872 -14.600 -14.719 -14.494 -14.278 -14.026 -13.826 -13.414 -12.857 -12.327
0.200 -15.715 -15.832 -15.846 -15.787 -15.653 -15.572 -15.421 -15.476 -15.277 -15.354 -15.193 -15.017 -14.804 -14.631 -14.266 -13.754 -13.258
0.300 -15.170 -15.423 -15.566 -15.841 -15.808 -15.768 -15.679 -15.709 -15.578 -15.620 -15.515 -15.376 -15.198 -15.047 -14.724 -14.250 -13.781
0.400 -14.520 -14.885 -15.162 -15.738 -15.804 -15.804 -15.776 -15.783 -15.716 -15.728 -15.675 -15.571 -15.426 -15.297 -15.012 -14.575 -14.132
0.500 -13.833 -14.282 -14.693 -15.540 -15.704 -15.744 -15.775 -15.761 -15.757 -15.742 -15.738 -15.669 -15.557 -15.450 -15.203 -14.801 -14.383
0.600 -13.111 -13.621 -14.168 -15.264 -15.527 -15.607 -15.698 -15.664 -15.723 -15.685 -15.727 -15.693 -15.616 -15.531 -15.325 -14.959 -14.567
0.700 -12.341 -12.892 -13.580 -14.914 -15.279 -15.402 -15.554 -15.502 -15.625 -15.566 -15.654 -15.657 -15.617 -15.556 -15.393 -15.066 -14.701
0.800 -11.512 -12.083 -12.925 -14.492 -14.963 -15.132 -15.348 -15.279 -15.467 -15.392 -15.525 -15.566 -15.566 -15.533 -15.416 -15.132 -14.796
0.900 -10.622 -11.188 -12.196 -13.992 -14.579 -14.796 -15.081 -14.995 -15.253 -15.165 -15.342 -15.424 -15.468 -15.464 -15.399 -15.161 -14.857
1.000 -9.698 -10.228 -11.411 -13.422 -14.131 -14.400 -14.755 -14.655 -14.984 -14.889 -15.108 -15.234 -15.327 -15.354 -15.347 -15.160 -14.891
1.100 -8.776 -9.244 -10.589 -12.787 -13.620 -13.944 -14.372 -14.260 -14.662 -14.566 -14.825 -14.997 -15.142 -15.205 -15.262 -15.131 -14.900
1.200 -7.923 -8.327 -9.784 -12.113 -13.065 -13.443 -13.945 -13.823 -14.298 -14.208 -14.505 -14.723 -14.925 -15.027 -15.151 -15.075 -14.879
1.300 -7.178 -7.551 -9.047 -11.432 -12.484 -12.910 -13.481 -13.354 -13.898 -13.821 -14.150 -14.415 -14.676 -14.819 -15.014 -14.999 -14.841
1.400 -6.548 -6.923 -8.415 -10.796 -11.909 -12.373 -13.001 -12.874 -13.476 -13.420 -13.774 -14.082 -14.403 -14.587 -14.857 -14.905 -14.787
1.500 -5.996 -6.379 -7.877 -10.240 -11.372 -11.859 -12.527 -12.402 -13.050 -13.019 -13.390 -13.737 -14.115 -14.339 -14.684 -14.796 -14.720
1.600 -5.486 -5.859 -7.402 -9.772 -10.898 -11.393 -12.083 -11.963 -12.640 -12.634 -13.017 -13.393 -13.822 -14.085 -14.501 -14.677 -14.644
1.700 -4.994 -5.329 -6.955 -9.372 -10.500 -10.998 -11.699 -11.583 -12.279 -12.292 -12.682 -13.080 -13.549 -13.842 -14.318 -14.548 -14.551
1.800 -4.506 -4.775 -6.518 -9.009 -10.169 -10.678 -11.395 -11.280 -11.994 -12.020 -12.415 -12.829 -13.324 -13.637 -14.151 -14.413 -14.437
1.900 -4.014 -4.192 -6.074 -8.650 -9.860 -10.385 -11.121 -11.006 -11.736 -11.773 -12.174 -12.598 -13.115 -13.444 -13.990 -14.282 -14.327
2.000 -3.536 -3.581 -5.640 -8.311 -9.611 -10.170 -10.942 -10.825 -11.580 -11.620 -12.028 -12.460 -12.981 -13.312 -13.858 -14.148 -14.192
2.100 -3.053 -2.937 -5.194 -7.952 -9.352 -9.947 -10.758 -10.640 -11.421 -11.467 -11.883 -12.324 -12.853 -13.186 -13.734 -14.024 -14.067
2.200 -2.577 -2.263 -4.746 -7.580 -9.086 -9.719 -10.571 -10.453 -11.262 -11.315 -11.739 -12.190 -12.729 -13.066 -13.618 -13.909 -13.952
2.300 -2.113 -1.563 -4.302 -7.200 -8.817 -9.490 -10.382 -10.265 -11.102 -11.164 -11.595 -12.058 -12.607 -12.950 -13.507 -13.800 -13.843
2.400 -1.672 -0.844 -3.872 -6.819 -8.550 -9.262 -10.194 -10.079 -10.943 -11.015 -11.453 -11.927 -12.487 -12.836 -13.400 -13.696 -13.740
2.500 -1.261 -0.114 -3.465 -6.443 -8.290 -9.038 -10.009 -9.896 -10.785 -10.868 -11.312 -11.796 -12.369 -12.724 -13.295 -13.596 -13.642
2.600 -0.888 0.612 -3.091 -6.084 -8.040 -8.823 -9.829 -9.718 -10.631 -10.724 -11.173 -11.668 -12.252 -12.614 -13.194 -13.499 -13.547
2.700 -0.560 1.301 -2.759 -5.752 -7.806 -8.619 -9.656 -9.547 -10.480 -10.584 -11.037 -11.541 -12.137 -12.505 -13.094 -13.405 -13.456
2.800 -0.277 1.917 -2.471 -5.455 -7.592 -8.430 -9.491 -9.385 -10.335 -10.449 -10.905 -11.417 -12.024 -12.398 -12.996 -13.313 -13.367
2.900 -0.039 2.422 -2.227 -5.199 -7.398 -8.255 -9.336 -9.233 -10.196 -10.318 -10.777 -11.296 -11.912 -12.291 -12.899 -13.222 -13.280
3.000 0.161 2.799 -2.024 -4.983 -7.225 -8.096 -9.192 -9.090 -10.064 -10.193 -10.654 -11.178 -11.802 -12.187 -12.803 -13.132 -13.194
3.100 0.329 3.062 -1.854 -4.803 -7.072 -7.952 -9.058 -8.958 -9.938 -10.073 -10.536 -11.064 -11.695 -12.085 -12.708 -13.044 -13.110
3.200 0.432 3.178 -1.750 -4.698 -6.971 -7.852 -8.960 -8.861 -9.842 -9.979 -10.441 -10.971 -11.603 -11.993 -12.619 -12.956 -13.023
3.300 0.519 3.264 -1.663 -4.611 -6.884 -7.765 -8.873 -8.774 -9.756 -9.892 -10.354 -10.884 -11.516 -11.906 -12.532 -12.870 -12.937
3.400 0.604 3.349 -1.579 -4.526 -6.800 -7.681 -8.789 -8.689 -9.671 -9.807 -10.270 -10.799 -11.432 -11.822 -12.447 -12.785 -12.852
3.500 0.686 3.432 -1.496 -4.444 -6.717 -7.598 -8.706 -8.607 -9.589 -9.725 -10.187 -10.717 -11.349 -11.739 -12.365 -12.702 -12.769
3.600 0.767 3.512 -1.416 -4.363 -6.637 -7.518 -8.626 -8.526 -9.508 -9.644 -10.107 -10.636 -11.269 -11.659 -12.284 -12.622 -12.689
3.700 0.845 3.590 -1.338 -4.285 -6.559 -7.440 -8.548 -8.448 -9.430 -9.566 -10.029 -10.558 -11.190 -11.581 -12.206 -12.544 -12.611
3.800 0.920 3.666 -1.262 -4.209 -6.483 -7.364 -8.472 -8.373 -9.354 -9.490 -9.953 -10.482 -11.115 -11.505 -12.131 -12.468 -12.535
3.900 0.994 3.740 -1.188 -4.136 -6.409 -7.290 -8.398 -8.299 -9.281 -9.417 -9.879 -10.409 -11.041 -11.431 -12.057 -12.394 -12.462
4.000 1.065 3.811 -1.117 -4.064 -6.338 -7.219 -8.327 -8.228 -9.209 -9.345 -9.808 -10.337 -10.970 -11.360 -11.986 -12.323 -12.390
4.100 1.134 3.880 -1.048 -3.995 -6.269 -7.150 -8.258 -8.159 -9.140 -9.276 -9.739 -10.268 -10.901 -11.291 -11.917 -12.254 -12.321
4.200 1.201 3.947 -0.981 -3.929 -6.202 -7.083 -8.191 -8.092 -9.073 -9.210 -9.672 -10.201 -10.834 -11.224 -11.850 -12.187 -12.254
4.300 1.266 4.011 -0.917 -3.864 -6.138 -7.019 -8.126 -8.027 -9.009 -9.145 -9.607 -10.137 -10.769 -11.160 -11.785 -12.123 -12.190
4.400 1.328 4.074 -0.854 -3.802 -6.075 -6.956 -8.064 -7.965 -8.947 -9.083 -9.545 -10.075 -10.707 -11.097 -11.723 -12.060 -12.127
4.500 1.388 4.134 -0.794 -3.741 -6.015 -6.896 -8.004 -7.905 -8.886 -9.022 -9.485 -10.014 -10.647 -11.037 -11.663 -12.000 -12.067
4.600 1.446 4.192 -0.736 -3.683 -5.957 -6.838 -7.946 -7.847 -8.828 -8.964 -9.427 -9.956 -10.589 -10.979 -11.604 -11.942 -12.009
4.700 1.503 4.248 -0.680 -3.627 -5.901 -6.782 -7.889 -7.790 -8.772 -8.908 -9.370 -9.900 -10.532 -10.923 -11.548 -11.886 -11.953
4.800 1.557 4.303 -0.625 -3.573 -5.846 -6.727 -7.835 -7.736 -8.718 -8.854 -9.316 -9.846 -10.478 -10.868 -11.494 -11.832 -11.899
4.900 1.609 4.355 -0.573 -3.520 -5.794 -6.675 -7.783 -7.684 -8.665 -8.801 -9.264 -9.793 -10.426 -10.816 -11.441 -11.779 -11.846
5.000 1.660 4.406 -0.522 -3.469 -5.743 -6.624 -7.732 -7.633 -8.614 -8.751 -9.213 -9.742 -10.375 -10.765 -11.391 -11.728 -11.795
5.100 1.709 4.455 -0.473 -3.420 -5.694 -6.575 -7.683 -7.584 -8.565 -8.701 -9.164 -9.693 -10.326 -10.716 -11.341 -11.679 -11.746
5.200 1.757 4.503 -0.425 -3.373 -5.646 -6.527 -7.635 -7.536 -8.517 -8.654 -9.116 -9.646 -10.278 -10.668 -11.294 -11.631 -11.698
5.300 1.803 4.549 -0.379 -3.326 -5.600 -6.481 -7.589 -7.490 -8.471 -8.607 -9.070 -9.599 -10.232 -10.622 -11.247 -11.585 -11.652
5.400 1.848 4.594 -0.334 -3.281 -5.555 -6.436 -7.544 -7.445 -8.426 -8.562 -9.025 -9.554 -10.187 -10.577 -11.203 -11.540 -11.607
5.500 1.892 4.638 -0.290 -3.238 -5.511 -6.392 -7.500 -7.401 -8.382 -8.519 -8.981 -9.511 -10.143 -10.533 -11.159 -11.496 -11.563
5.600 1.935 4.680 -0.248 -3.195 -5.469 -6.350 -7.457 -7.358 -8.340 -8.476 -8.938 -9.468 -10.100 -10.491 -11.116 -11.454 -11.521
5.700 1.976 4.722 -0.206 -3.153 -5.427 -6.308 -7.416 -7.317 -8.298 -8.435 -8.897 -9.426 -10.059 -10.449 -11.075 -11.412 -11.479
5.800 2.017 4.762 -0.166 -3.113 -5.387 -6.268 -7.375 -7.276 -8.258 -8.394 -8.856 -9.386 -10.018 -10.409 -11.034 -11.372 -11.439
5.900 2.056 4.802 -0.126 -3.073 -5.347 -6.228 -7.336 -7.237 -8.218 -8.354 -8.817 -9.346 -9.979 -10.369 -10.995 -11.332 -11.399
6.000 2.095 4.841 -0.087 -3.035 -5.308 -6.189 -7.297 -7.198 -8.180 -8.316 -8.778 -9.308 -9.940 -10.330 -10.956 -11.293 -11.360
6.100 2.133 4.879 -0.049 -2.997 -5.270 -6.151 -7.259 -7.160 -8.142 -8.278 -8.740 -9.270 -9.902 -10.292 -10.918 -11.255 -11.323
6.200 2.170 4.916 -0.012 -2.960 -5.233 -6.114 -7.222 -7.123 -8.104 -8.241 -8.703 -9.233 -9.865 -10.255 -10.881 -11.218 -11.285
6.300 2.207 4.952 0.024 -2.923 -5.197 -6.078 -7.186 -7.086 -8.068 -8.204 -8.667 -9.196 -9.829 -10.219 -10.844 -11.182 -11.249
6.400 2.242 4.988 0.060 -2.888 -5.161 -6.042 -7.150 -7.051 -8.032 -8.169 -8.631 -9.160 -9.793 -10.183 -10.809 -11.146 -11.213
6.500 2.277 5.023 0.095 -2.852 -5.126 -6.007 -7.115 -7.016 -7.997 -8.134 -8.596 -9.125 -9.758 -10.148 -10.774 -11.111 -11.178
6.600 2.312 5.057 0.129 -2.818 -5.092 -5.973 -7.080 -6.981 -7.963 -8.099 -8.561 -9.091 -9.723 -10.114 -10.739 -11.077 -11.144
6.700 2.346 5.091 0.163 -2.784 -5.058 -5.939 -7.047 -6.947 -7.929 -8.065 -8.528 -9.057 -9.689 -10.080 -10.705 -11.043 -11.110
6.800 2.379 5.124 0.196 -2.751 -5.024 -5.905 -7.013 -6.914 -7.896 -8.032 -8.494 -9.024 -9.656 -10.046 -10.672 -11.010 -11.077
6.900 2.412 5.157 0.229 -2.718 -4.992 -5.873 -6.981 -6.881 -7.863 -7.999 -8.462 -8.991 -9.623 -10.014 -10.639 -10.977 -11.044
7.000 2.444 5.189 0.261 -2.686 -4.959 -5.840 -6.948 -6.849 -7.831 -7.967 -8.429 -8.959 -9.591 -9.981 -10.607 -10.945 -11.012
7.100 2.476 5.221 0.293 -2.654 -4.928 -5.809 -6.917 -6.817 -7.799 -7.935 -8.398 -8.927 -9.559 -9.950 -10.575 -10.913 -10.980
7.200 2.507 5.252 0.325 -2.623 -4.896 -5.777 -6.885 -6.786 -7.768 -7.904 -8.366 -8.896 -9.528 -9.918 -10.544 -10.882 -10.949
7.300 2.538 5.283 0.355 -2.592 -4.866 -5.747 -6.855 -6.755 -7.737 -7.873 -8.336 -8.865 -9.497 -9.888 -10.513 -10.851 -10.918
7.400 2.568 5.314 0.386 -2.562 -4.835 -5.716 -6.824 -6.725 -7.707 -7.843 -8.305 -8.835 -9.467 -9.857 -10.483 -10.820 -10.887
7.500 2.598 5.344 0.416 -2.532 -4.805 -5.686 -6.794 -6.695 -7.677 -7.813 -8.275 -8.805 -9.437 -9.827 -10.453 -10.790 -10.857
7.600 2.628 5.373 0.445 -2.502 -4.776 -5.657 -6.765 -6.665 -7.647 -7.783 -8.246 -8.775 -9.407 -9.798 -10.423 -10.761 -10.828
7.700 2.657 5.402 0.474 -2.473 -4.747 -5.628 -6.735 -6.636 -7.618 -7.754 -8.216 -8.746 -9.378 -9.769 -10.394 -10.732 -10.799
7.800 2.686 5.431 0.503 -2.444 -4.718 -5.599 -6.707 -6.607 -7.589 -7.725 -8.188 -8.717 -9.350 -9.740 -10.365 -10.703 -10.770
7.900 2.714 5.459 0.532 -2.416 -4.689 -5.570 -6.678 -6.579 -7.561 -7.697 -8.159 -8.689 -9.321 -9.711 -10.337 -10.675 -10.742
8.000 2.742 5.488 0.560 -2.388 -4.661 -5.542 -6.650 -6.551 -7.533 -7.669 -8.131 -8.661 -9.293 -9.683 -10.309 -10.647 -10.714
8.100 2.770 5.515 0.587 -2.360 -4.634 -5.515 -6.623 -6.523 -7.505 -7.641 -8.104 -8.633 -9.265 -9.656 -10.281 -10.619 -10.686
8.200 2.797 5.542 0.615 -2.333 -4.606 -5.487 -6.595 -6.496 -7.478 -7.614 -8.076 -8.606 -9.238 -9.628 -10.254 -10.592 -10.659
8.300 2.824 5.569 0.642 -2.306 -4.579 -5.460 -6.568 -6.469 -7.451 -7.587 -8.049 -8.579 -9.211 -9.601 -10.227 -10.565 -10.632
8.400 2.851 5.596 0.668 -2.279 -4.553 -5.434 -6.542 -6.442 -7.424 -7.560 -8.023 -8.552 -9.185 -9.575 -10.200 -10.538 -10.605
8.500 2.877 5.622 0.695 -2.253 -4.526 -5.407 -6.515 -6.416 -7.398 -7.534 -7.996 -8.526 -9.158 -9.548 -10.174 -10.512 -10.579
8.600 2.903 5.649 0.721 -2.227 -4.500 -5.381 -6.489 -6.390 -7.372 -7.508 -7.970 -8.500 -9.132 -9.522 -10.148 -10.486 -10.553
8.700 2.929 5.674 0.746 -2.201 -4.475 -5.356 -6.464 -6.364 -7.346 -7.482 -7.945 -8.474 -9.106 -9.497 -10.122 -10.460 -10.527
8.800 2.954 5.700 0.772 -2.176 -4.449 -5.330 -6.438 -6.339 -7.321 -7.457 -7.919 -8.449 -9.081 -9.471 -10.097 -10.434 -10.501
8.900 2.979 5.725 0.797 -2.150 -4.424 -5.305 -6.413 -6.314 -7.295 -7.432 -7.894 -8.423 -9.056 -9.446 -10.072 -10.409 -10.476
9.000 3.004 5.750 0.822 -2.126 -4.399 -5.280 -6.388 -6.289 -7.271 -7.407 -7.869 -8.399 -9.031 -9.421 -10.047 -10.384 -10.451
9.100 3.029 5.774 0.846 -2.101 -4.375 -5.256 -6.364 -6.264 -7.246 -7.382 -7.845 -8.374 -9.006 -9.397 -10.022 -10.360 -10.427
9.200 3.053 5.799 0.871 -2.077 -4.350 -5.231 -6.339 -6.240 -7.222 -7.358 -7.820 -8.350 -8.982 -9.372 -9.998 -10.335 -10.402
9.300 3.077 5.823 0.895 -2.053 -4.326 -5.207 -6.315 -6.216 -7.198 -7.334 -7.796 -8.326 -8.958 -9.348 -9.974 -10.311 -10.378
9.400 3.101 5.846 0.919 -2.029 -4.302 -5.183 -6.291 -6.192 -7.174 -7.310 -7.772 -8.302 -8.934 -9.324 -9.950 -10.288 -10.355
9.500 3.124 5.870 0.942 -2.005 -4.279 -5.160 -6.268 -6.169 -7.150 -7.286 -7.749 -8.278 -8.911 -9.301 -9.926 -10.264 -10.331
9.600 3.148 5.893 0.965 -1.982 -4.256 -5.137 -6.244 -6.145 -7.127 -7.263 -7.725 -8.255 -8.887 -9.278 -9.903 -10.241 -10.308
9.700 3.171 5.916 0.988 -1.959 -4.233 -5.114 -6.221 -6.122 -7.104 -7.240 -7.702 -8.232 -8.864 -9.255 -9.880 -10.218 -10.285
9.800 3.194 5.939 1.011 -1.936 -4.210 -5.091 -6.199 -6.099 -7.081 -7.217 -7.680 -8.209 -8.841 -9.232 -9.857 -10.195 -10.262
9.900 3.216 5.962 1.034 -1.913 -4.187 -5.068 -6.176 -6.077 -7.058 -7.195 -7.657 -8.186 -8.819 -9.209 -9.835 -10.172 -10.239
10.000 3.239 5.984 1.056 -1.891 -4.165 -5.046 -6.154 -6.054 -7.036 -7.172 -7.635 -8.164 -8.796 -9.187 -9.812 -10.150 -10.217
10.100 3.261 6.006 1.078 -1.869 -4.143 -5.024 -6.131 -6.032 -7.014 -7.150 -7.612 -8.142 -8.774 -9.165 -9.790 -10.128 -10.195
10.200 3.283 6.028 1.100 -1.847 -4.121 -5.002 -6.109 -6.010 -6.992 -7.128 -7.590 -8.120 -8.752 -9.143 -9.768 -10.106 -10.173
10.300 3.305 6.050 1.122 -1.825 -4.099 -4.980 -6.088 -5.988 -6.970 -7.106 -7.569 -8.098 -8.731 -9.121 -9.746 -10.084 -10.151
10.400 3.326 6.072 1.144 -1.804 -4.077 -4.958 -6.066 -5.967 -6.949 -7.085 -7.547 -8.077 -8.709 -9.099 -9.725 -10.062 -10.129
10.500 3.347 6.093 1.165 -1.782 -4.056 -4.937 -6.045 -5.946 -6.927 -7.063 -7.526 -8.055 -8.688 -9.078 -9.704 -10.041 -10.108
10.600 3.368 6.114 1.186 -1.761 -4.035 -4.916 -6.024 -5.924 -6.906 -7.042 -7.505 -8.034 -8.667 -9.057 -9.682 -10.020 -10.087
10.700 3.389 6.135 1.207 -1.740 -4.014 -4.895 -6.003 -5.904 -6.885 -7.021 -7.484 -8.013 -8.646 -9.036 -9.662 -9.999 -10.066
10.800 3.410 6.156 1.228 -1.720 -3.993 -4.874 -5.982 -5.883 -6.864 -7.001 -7.463 -7.993 -8.625 -9.015 -9.641 -9.978 -10.045
10.900 3.431 6.176 1.248 -1.699 -3.973 -4.854 -5.962 -5.862 -6.844 -6.980 -7.443 -7.972 -8.604 -8.995 -9.620 -9.958 -10.025
11.000 3.451 6.197 1.269 -1.679 -3.952 -4.833 -5.941 -5.842 -6.824 -6.960 -7.422 -7.952 -8.584 -8.974 -9.600 -9.937 -10.004
11.100 3.471 6.217 1.289 -1.658 -3.932 -4.813 -5.921 -5.822 -6.803 -6.940 -7.402 -7.931 -8.564 -8.954 -9.580 -9.917 -9.984
11.200 3.491 6.237 1.309 -1.638 -3.912 -4.793 -5.901 -5.802 -6.783 -6.920 -7.382 -7.911 -8.544 -8.934 -9.560 -9.897 -9.964
11.300 3.511 6.257 1.329 -1.619 -3.892 -4.773 -5.881 -5.782 -6.764 -6.900 -7.362 -7.892 -8.524 -8.914 -9.540 -9.877 -9.944
11.400 3.531 6.276 1.348 -1.599 -3.873 -4.754 -5.862 -5.762 -6.744 -6.880 -7.342 -7.872 -8.504 -8.895 -9.520 -9.858 -9.925
11.500 3.550 6.296 1.368 -1.580 -3.853 -4.734 -5.842 -5.743 -6.724 -6.861 -7.323 -7.852 -8.485 -8.875 -9.501 -9.838 -9.905
11.600 3.570 6.315 1.387 -1.560 -3.834 -4.715 -5.823 -5.723 -6.705 -6.841 -7.304 -7.833 -8.466 -8.856 -9.481 -9.819 -9.886
11.700 3.589 6.334 1.406 -1.541 -3.815 -4.696 -5.804 -5.704 -6.686 -6.822 -7.285 -7.814 -8.446 -8.837 -9.462 -9.800 -9.867
11.800 3.608 6.353 1.425 -1.522 -3.796 -4.677 -5.785 -5.685 -6.667 -6.803 -7.266 -7.795 -8.427 -8.818 -9.443 -9.781 -9.848
11.900 3.627 6.372 1.444 -1.503 -3.777 -4.658 -5.766 -5.666 -6.648 -6.784 -7.247 -7.776 -8.409 -8.799 -9.424 -9.762 -9.829
12.000 3.645 6.391 1.463 -1.484 -3.758 -4.639 -5.747 -5.648 -6.629 -6.766 -7.228 -7.757 -8.390 -8.780 -9.406 -9.743 -9.810
12.100 3.664 6.409 1.481 -1.466 -3.740 -4.621 -5.728 -5.629 -6.611 -6.747 -7.209 -7.739 -8.371 -8.762 -9.387 -9.725 -9.792
12.200 3.682 6.428 1.500 -1.448 -3.721 -4.602 -5.710 -5.611 -6.592 -6.729 -7.191 -7.721 -8.353 -8.743 -9.369 -9.706 -9.773
12.300 3.700 6.446 1.518 -1.429 -3.703 -4.584 -5.692 -5.593 -6.574 -6.710 -7.173 -7.702 -8.335 -8.725 -9.351 -9.688 -9.755
12.400 3.719 6.464 1.536 -1.411 -3.685 -4.566 -5.674 -5.574 -6.556 -6.692 -7.155 -7.684 -8.317 -8.707 -9.332 -9.670 -9.737
12.500 3.736 6.482 1.554 -1.393 -3.667 -4.548 -5.656 -5.557 -6.538 -6.674 -7.137 -7.666 -8.299 -8.689 -9.314 -9.652 -9.719
12.600 3.754 6.500 1.572 -1.375 -3.649 -4.530 -5.638 -5.539 -6.520 -6.657 -7.119 -7.648 -8.281 -8.671 -9.297 -9.634 -9.701
12.700 3.772 6.518 1.590 -1.358 -3.631 -4.512 -5.620 -5.521 -6.503 -6.639 -7.101 -7.631 -8.263 -8.653 -9.279 -9.617 -9.684
12.800 3.790 6.535 1.607 -1.340 -3.614 -4.495 -5.603 -5.503 -6.485 -6.621 -7.084 -7.613 -8.246 -8.636 -9.261 -9.599 -9.666
12.900 3.807 6.552 1.625 -1.323 -3.596 -4.477 -5.585 -5.486 -6.468 -6.604 -7.066 -7.596 -8.228 -8.618 -9.244 -9.582 -9.649
13.000 3.824 6.570 1.642 -1.306 -3.579 -4.460 -5.568 -5.469 -6.450 -6.587 -7.049 -7.578 -8.211 -8.601 -9.227 -9.564 -9.631
13.100 3.841 6.587 1.659 -1.288 -3.562 -4.443 -5.551 -5.452 -6.433 -6.569 -7.032 -7.561 -8.194 -8.584 -9.210 -9.547 -9.614
13.200 3.858 6.604 1.676 -1.271 -3.545 -4.426 -5.534 -5.435 -6.416 -6.552 -7.015 -7.544 -8.177 -8.567 -9.193 -9.530 -9.597
13.300 3.875 6.621 1.693 -1.254 -3.528 -4.409 -5.517 -5.418 -6.399 -6.536 -6.998 -7.527 -8.160 -8.550 -9.176 -9.513 -9.580
13.400 3.892 6.638 1.710 -1.238 -3.511 -4.392 -5.500 -5.401 -6.383 -6.519 -6.981 -7.511 -8.143 -8.533 -9.159 -9.496 -9.564
13.500 3.909 6.654 1.726 -1.221 -3.495 -4.376 -5.484 -5.384 -6.366 -6.502 -6.965 -7.494 -8.126 -8.517 -9.142 -9.480 -9.547
13.600 3.925 6.671 1.743 -1.205 -3.478 -4.359 -5.467 -5.368 -6.349 -6.486 -6.948 -7.477 -8.110 -8.500 -9.126 -9.463 -9.530
13.700 3.942 6.687 1.759 -1.188 -3.462 -4.343 -5.451 -5.351 -6.333 -6.469 -6.932 -7.461 -8.093 -8.484 -9.109 -9.447 -9.514
13.800 3.958 6.703 1.776 -1.172 -3.445 -4.326 -5.434 -5.335 -6.317 -6.453 -6.915 -7.445 -8.077 -8.467 -9.093 -9.431 -9.498
13.900 3.974 6.720 1.792 -1.156 -3.429 -4.310 -5.418 -5.319 -6.301 -6.437 -6.899 -7.429 -8.061 -8.451 -9.077 -9.414 -9.481
14.000 3.990 6.736 1.808 -1.140 -3.413 -4.294 -5.402 -5.303 -6.284 -6.421 -6.883 -7.413 -8.045 -8.435 -9.061 -9.398 -9.465
14.100 4.006 6.752 1.824 -1.124 -3.397 -4.278 -5.386 -5.287 -6.268 -6.405 -6.867 -7.397 -8.029 -8.419 -9.045 -9.382 -9.449
14.200 4.022 6.768 1.840 -1.108 -3.381 -4.262 -5.370 -5.271 -6.253 -6.389 -6.851 -7.381 -8.013 -8.403 -9.029 -9.367 -9.434
14.300 4.038 6.783 1.855 -1.092 -3.366 -4.247 -5.355 -5.255 -6.237 -6.373 -6.836 -7.365 -7.997 -8.388 -9.013 -9.351 -9.418
14.400 4.053 6.799 1.871 -1.076 -3.350 -4.231 -5.339 -5.240 -6.221 -6.357 -6.820 -7.349 -7.982 -8.372 -8.998 -9.335 -9.402
14.500 4.069 6.814 1.886 -1.061 -3.335 -4.216 -5.323 -5.224 -6.206 -6.342 -6.804 -7.334 -7.966 -8.357 -8.982 -9.320 -9.387
14.600 4.084 6.830 1.902 -1.045 -3.319 -4.200 -5.308 -5.209 -6.190 -6.327 -6.789 -7.318 -7.951 -8.341 -8.967 -9.304 -9.371
14.700 4.100 6.845 1.917 -1.030 -3.304 -4.185 -5.293 -5.193 -6.175 -6.311 -6.774 -7.303 -7.935 -8.326 -8.951 -9.289 -9.356
14.800 4.115 6.860 1.932 -1.015 -3.289 -4.170 -5.277 -5.178 -6.160 -6.296 -6.758 -7.288 -7.920 -8.311 -8.936 -9.274 -9.341
14.900 4.130 6.876 1.948 -1.000 -3.273 -4.154 -5.262 -5.163 -6.145 -6.281 -6.743 -7.273 -7.905 -8.295 -8.921 -9.259 -9.326
15.000 4.145 6.891 1.963 -0.985 -3.258 -4.139 -5.247 -5.148 -6.130 -6.266 -6.728 -7.258 -7.890 -8.280 -8.906 -9.244 -9.311
