# day W2 M2 W1 u B g V c r w o i z y J H K
0.000 -10.951 -10.746 -10.541 -9.681 -9.313 -9.134 -8.822 -8.946 -8.564 -8.750 -8.423 -8.141 -7.826 -7.583 -7.090 -6.454 -5.866
0.100 -15.392 -15.401 -15.331 -15.016 -14.808 -14.698 -14.500 -14.574 -14.324 -14.430 -14.224 -14.021 -13.781 -13.589 -13.190 -12.645 -12.123
0.200 -14.952 -15.145 -15.225 -15.342 -15.260 -15.199 -15.081 -15.122 -14.959 -15.018 -14.886 -14.731 -14.536 -14.375 -14.031 -13.538 -13.054
0.300 -14.240 -14.575 -14.811 -15.299 -15.335 -15.324 -15.278 -15.292 -15.207 -15.227 -15.160 -15.048 -14.895 -14.761 -14.466 -14.018 -13.566
0.400 -13.439 -13.875 -14.265 -15.075 -15.228 -15.264 -15.291 -15.279 -15.271 -15.258 -15.251 -15.182 -15.070 -14.963 -14.718 -14.315 -13.895
0.500 -12.549 -13.057 -13.607 -14.716 -14.989 -15.076 -15.176 -15.140 -15.210 -15.169 -15.220 -15.195 -15.128 -15.051 -14.857 -14.502 -14.115
0.600 -11.565 -12.120 -12.844 -14.242 -14.642 -14.782 -14.960 -14.901 -15.052 -14.988 -15.095 -15.117 -15.099 -15.054 -14.918 -14.614 -14.263
0.700 -10.495 -11.062 -11.973 -13.650 -14.187 -14.386 -14.647 -14.567 -14.803 -14.721 -14.885 -14.958 -14.994 -14.985 -14.914 -14.668 -14.356
0.800 -9.446 -9.985 -11.057 -12.967 -13.643 -13.902 -14.248 -14.151 -14.474 -14.383 -14.599 -14.726 -14.823 -14.855 -14.857 -14.675 -14.406
0.900 -8.587 -9.094 -10.225 -12.251 -13.043 -13.359 -13.784 -13.674 -14.080 -13.990 -14.252 -14.434 -14.596 -14.673 -14.755 -14.644 -14.423
1.000 -7.998 -8.511 -9.607 -11.610 -12.457 -12.810 -13.295 -13.180 -13.652 -13.574 -13.870 -14.101 -14.329 -14.452 -14.619 -14.585 -14.415
1.100 -7.585 -8.120 -9.193 -11.134 -11.961 -12.321 -12.830 -12.717 -13.226 -13.167 -13.482 -13.752 -14.040 -14.208 -14.461 -14.505 -14.389
1.200 -7.236 -7.781 -8.883 -10.816 -11.599 -11.944 -12.445 -12.338 -12.852 -12.812 -13.131 -13.424 -13.759 -13.965 -14.295 -14.410 -14.342
1.300 -6.904 -7.443 -8.607 -10.589 -11.351 -11.679 -12.159 -12.057 -12.558 -12.529 -12.844 -13.145 -13.507 -13.741 -14.132 -14.307 -14.280
1.400 -6.568 -7.088 -8.332 -10.394 -11.170 -11.496 -11.968 -11.865 -12.357 -12.330 -12.641 -12.941 -13.313 -13.560 -13.986 -14.198 -14.199
1.500 -6.220 -6.710 -8.045 -10.196 -11.011 -11.346 -11.824 -11.719 -12.212 -12.183 -12.494 -12.792 -13.166 -13.418 -13.860 -14.093 -14.111
1.600 -5.865 -6.315 -7.748 -9.993 -10.862 -11.218 -11.719 -11.610 -12.119 -12.087 -12.405 -12.706 -13.078 -13.326 -13.762 -13.992 -14.009
1.700 -5.495 -5.893 -7.433 -9.771 -10.700 -11.080 -11.609 -11.496 -12.028 -11.993 -12.321 -12.628 -13.002 -13.248 -13.678 -13.901 -13.913
1.800 -5.114 -5.449 -7.103 -9.531 -10.523 -10.929 -11.489 -11.372 -11.929 -11.895 -12.233 -12.549 -12.928 -13.175 -13.602 -13.819 -13.828
1.900 -4.725 -4.983 -6.759 -9.274 -10.334 -10.766 -11.359 -11.238 -11.823 -11.791 -12.140 -12.467 -12.854 -13.104 -13.530 -13.745 -13.750
2.000 -4.325 -4.492 -6.400 -8.999 -10.129 -10.590 -11.217 -11.094 -11.708 -11.680 -12.039 -12.379 -12.777 -13.031 -13.461 -13.675 -13.678
2.100 -3.915 -3.973 -6.026 -8.705 -9.909 -10.401 -11.064 -10.939 -11.583 -11.561 -11.932 -12.286 -12.697 -12.957 -13.393 -13.607 -13.609
2.200 -3.501 -3.434 -5.643 -8.396 -9.679 -10.201 -10.903 -10.777 -11.452 -11.436 -11.819 -12.187 -12.614 -12.881 -13.325 -13.541 -13.544
2.300 -3.083 -2.868 -5.250 -8.070 -9.436 -9.991 -10.732 -10.605 -11.312 -11.306 -11.698 -12.083 -12.525 -12.802 -13.255 -13.476 -13.479
2.400 -2.662 -2.278 -4.848 -7.728 -9.181 -9.771 -10.552 -10.425 -11.164 -11.168 -11.571 -11.972 -12.432 -12.718 -13.183 -13.410 -13.415
2.500 -2.241 -1.662 -4.441 -7.371 -8.916 -9.542 -10.364 -10.238 -11.009 -11.025 -11.438 -11.855 -12.334 -12.630 -13.109 -13.343 -13.351
2.600 -1.826 -1.026 -4.035 -7.004 -8.645 -9.307 -10.170 -10.046 -10.849 -10.878 -11.300 -11.733 -12.232 -12.539 -13.033 -13.275 -13.287
2.700 -1.420 -0.372 -3.632 -6.630 -8.369 -9.067 -9.972 -9.850 -10.684 -10.728 -11.158 -11.607 -12.125 -12.444 -12.954 -13.206 -13.222
2.800 -1.029 0.294 -3.239 -6.253 -8.093 -8.827 -9.772 -9.652 -10.516 -10.575 -11.012 -11.477 -12.014 -12.345 -12.872 -13.135 -13.157
2.900 -0.653 0.968 -2.860 -5.877 -7.817 -8.586 -9.569 -9.453 -10.345 -10.419 -10.863 -11.342 -11.899 -12.241 -12.786 -13.061 -13.089
3.000 -0.301 1.628 -2.502 -5.513 -7.548 -8.349 -9.368 -9.256 -10.173 -10.262 -10.712 -11.205 -11.781 -12.134 -12.697 -12.985 -13.021
3.100 0.021 2.247 -2.174 -5.169 -7.291 -8.121 -9.171 -9.063 -10.003 -10.107 -10.561 -11.066 -11.660 -12.025 -12.606 -12.907 -12.951
3.200 0.310 2.795 -1.878 -4.854 -7.049 -7.903 -8.980 -8.876 -9.835 -9.953 -10.411 -10.927 -11.538 -11.913 -12.512 -12.828 -12.880
3.300 0.567 3.244 -1.617 -4.574 -6.825 -7.699 -8.797 -8.696 -9.671 -9.802 -10.263 -10.788 -11.414 -11.799 -12.416 -12.746 -12.808
3.400 0.728 3.474 -1.454 -4.402 -6.675 -7.556 -8.664 -8.565 -9.546 -9.683 -10.145 -10.674 -11.307 -11.697 -12.323 -12.660 -12.727
3.500 0.817 3.562 -1.366 -4.313 -6.587 -7.468 -8.575 -8.476 -9.458 -9.594 -10.056 -10.586 -11.218 -11.609 -12.234 -12.572 -12.639
3.600 0.905 3.651 -1.277 -4.225 -6.498 -7.379 -8.487 -8.388 -9.370 -9.506 -9.968 -10.498 -11.130 -11.520 -12.146 -12.484 -12.551
3.700 0.992 3.738 -1.190 -4.138 -6.411 -7.292 -8.400 -8.301 -9.282 -9.419 -9.881 -10.411 -11.043 -11.433 -12.059 -12.396 -12.463
3.800 1.078 3.824 -1.104 -4.051 -6.325 -7.206 -8.314 -8.215 -9.196 -9.332 -9.795 -10.324 -10.957 -11.347 -11.973 -12.310 -12.377
3.900 1.163 3.909 -1.019 -3.966 -6.240 -7.121 -8.229 -8.130 -9.111 -9.247 -9.710 -10.239 -10.872 -11.262 -11.888 -12.225 -12.292
4.000 1.247 3.993 -0.935 -3.883 -6.156 -7.037 -8.145 -8.046 -9.028 -9.164 -9.626 -10.156 -10.788 -11.178 -11.804 -12.141 -12.209
4.100 1.329 4.075 -0.853 -3.801 -6.074 -6.955 -8.063 -7.964 -8.946 -9.082 -9.544 -10.074 -10.706 -11.096 -11.722 -12.059 -12.127
4.200 1.409 4.155 -0.773 -3.720 -5.994 -6.875 -7.983 -7.884 -8.865 -9.002 -9.464 -9.993 -10.626 -11.016 -11.642 -11.979 -12.046
4.300 1.488 4.233 -0.695 -3.642 -5.916 -6.797 -7.905 -7.805 -8.787 -8.923 -9.386 -9.915 -10.548 -10.938 -11.563 -11.901 -11.968
4.400 1.563 4.309 -0.619 -3.566 -5.840 -6.721 -7.829 -7.730 -8.711 -8.847 -9.310 -9.839 -10.472 -10.862 -11.488 -11.825 -11.892
4.500 1.637 4.383 -0.545 -3.493 -5.766 -6.647 -7.755 -7.656 -8.637 -8.774 -9.236 -9.766 -10.398 -10.788 -11.414 -11.751 -11.818
4.600 1.709 4.454 -0.474 -3.421 -5.695 -6.576 -7.684 -7.584 -8.566 -8.702 -9.165 -9.694 -10.327 -10.717 -11.342 -11.680 -11.747
4.700 1.778 4.523 -0.405 -3.352 -5.626 -6.507 -7.615 -7.515 -8.497 -8.633 -9.096 -9.625 -10.257 -10.648 -11.273 -11.611 -11.678
4.800 1.844 4.590 -0.338 -3.286 -5.559 -6.440 -7.548 -7.449 -8.430 -8.567 -9.029 -9.559 -10.191 -10.581 -11.207 -11.544 -11.611
4.900 1.908 4.654 -0.274 -3.221 -5.495 -6.376 -7.484 -7.384 -8.366 -8.502 -8.965 -9.494 -10.127 -10.517 -11.142 -11.480 -11.547
5.000 1.970 4.716 -0.212 -3.159 -5.433 -6.314 -7.422 -7.322 -8.304 -8.440 -8.903 -9.432 -10.065 -10.455 -11.080 -11.418 -11.485
5.100 2.030 4.776 -0.152 -3.100 -5.373 -6.254 -7.362 -7.263 -8.244 -8.381 -8.843 -9.372 -10.005 -10.395 -11.021 -11.358 -11.425
5.200 2.088 4.833 -0.095 -3.042 -5.316 -6.197 -7.305 -7.205 -8.187 -8.323 -8.786 -9.315 -9.947 -10.338 -10.963 -11.301 -11.368
5.300 2.143 4.889 -0.039 -2.987 -5.260 -6.141 -7.249 -7.150 -8.132 -8.268 -8.730 -9.260 -9.892 -10.282 -10.908 -11.245 -11.312
5.400 2.197 4.942 0.014 -2.933 -5.207 -6.088 -7.196 -7.096 -8.078 -8.214 -8.677 -9.206 -9.839 -10.229 -10.854 -11.192 -11.259
5.500 2.248 4.994 0.066 -2.882 -5.155 -6.036 -7.144 -7.045 -8.027 -8.163 -8.625 -9.155 -9.787 -10.177 -10.803 -11.140 -11.207
5.600 2.298 5.043 0.115 -2.832 -5.106 -5.987 -7.094 -6.995 -7.977 -8.113 -8.575 -9.105 -9.737 -10.128 -10.753 -11.091 -11.158
5.700 2.346 5.091 0.163 -2.784 -5.058 -5.939 -7.046 -6.947 -7.929 -8.065 -8.527 -9.057 -9.689 -10.080 -10.705 -11.043 -11.110
5.800 2.392 5.138 0.210 -2.737 -5.011 -5.892 -7.000 -6.901 -7.882 -8.018 -8.481 -9.010 -9.643 -10.033 -10.659 -10.996 -11.063
5.900 2.437 5.183 0.255 -2.692 -4.966 -5.847 -6.955 -6.856 -7.837 -7.973 -8.436 -8.965 -9.598 -9.988 -10.613 -10.951 -11.018
6.000 2.481 5.227 0.299 -2.649 -4.922 -5.803 -6.911 -6.812 -7.793 -7.930 -8.392 -8.921 -9.554 -9.944 -10.570 -10.907 -10.974
6.100 2.524 5.269 0.341 -2.606 -4.880 -5.761 -6.869 -6.769 -7.751 -7.887 -8.350 -8.879 -9.511 -9.902 -10.527 -10.865 -10.932
6.200 2.565 5.311 0.383 -2.565 -4.838 -5.719 -6.827 -6.728 -7.710 -7.846 -8.308 -8.838 -9.470 -9.860 -10.486 -10.824 -10.891
6.300 2.605 5.351 0.423 -2.525 -4.798 -5.679 -6.787 -6.688 -7.669 -7.806 -8.268 -8.798 -9.430 -9.820 -10.446 -10.783 -10.850
6.400 2.644 5.390 0.462 -2.485 -4.759 -5.640 -6.748 -6.649 -7.630 -7.766 -8.229 -8.758 -9.391 -9.781 -10.407 -10.744 -10.811
6.500 2.683 5.428 0.500 -2.447 -4.721 -5.602 -6.710 -6.610 -7.592 -7.728 -8.191 -8.720 -9.352 -9.743 -10.368 -10.706 -10.773
6.600 2.720 5.466 0.538 -2.410 -4.683 -5.564 -6.672 -6.573 -7.555 -7.691 -8.153 -8.683 -9.315 -9.705 -10.331 -10.668 -10.735
6.700 2.757 5.502 0.574 -2.373 -4.647 -5.528 -6.636 -6.536 -7.518 -7.654 -8.117 -8.646 -9.278 -9.669 -10.294 -10.632 -10.699
6.800 2.792 5.538 0.610 -2.337 -4.611 -5.492 -6.600 -6.501 -7.482 -7.618 -8.081 -8.610 -9.243 -9.633 -10.259 -10.596 -10.663
6.900 2.828 5.573 0.645 -2.302 -4.576 -5.457 -6.565 -6.465 -7.447 -7.583 -8.046 -8.575 -9.208 -9.598 -10.223 -10.561 -10.628
7.000 2.862 5.607 0.680 -2.268 -4.541 -5.422 -6.530 -6.431 -7.413 -7.549 -8.011 -8.541 -9.173 -9.563 -10.189 -10.527 -10.594
7.100 2.896 5.641 0.713 -2.234 -4.508 -5.389 -6.497 -6.397 -7.379 -7.515 -7.978 -8.507 -9.139 -9.530 -10.155 -10.493 -10.560
7.200 2.929 5.674 0.746 -2.201 -4.475 -5.356 -6.463 -6.364 -7.346 -7.482 -7.944 -8.474 -9.106 -9.497 -10.122 -10.460 -10.527
7.300 2.961 5.707 0.779 -2.168 -4.442 -5.323 -6.431 -6.332 -7.313 -7.449 -7.912 -8.441 -9.074 -9.464 -10.090 -10.427 -10.494
7.400 2.993 5.739 0.811 -2.136 -4.410 -5.291 -6.399 -6.300 -7.281 -7.417 -7.880 -8.409 -9.042 -9.432 -10.058 -10.395 -10.462
7.500 3.025 5.770 0.843 -2.105 -4.378 -5.259 -6.367 -6.268 -7.250 -7.386 -7.848 -8.378 -9.010 -9.400 -10.026 -10.364 -10.431
7.600 3.056 5.801 0.873 -2.074 -4.347 -5.228 -6.336 -6.237 -7.219 -7.355 -7.817 -8.347 -8.979 -9.369 -9.995 -10.333 -10.400
7.700 3.086 5.832 0.904 -2.043 -4.317 -5.198 -6.306 -6.207 -7.188 -7.324 -7.787 -8.316 -8.949 -9.339 -9.965 -10.302 -10.369
7.800 3.116 5.862 0.934 -2.013 -4.287 -5.168 -6.276 -6.177 -7.158 -7.294 -7.757 -8.286 -8.919 -9.309 -9.935 -10.272 -10.339
7.900 3.146 5.892 0.964 -1.984 -4.257 -5.138 -6.246 -6.147 -7.129 -7.265 -7.727 -8.257 -8.889 -9.279 -9.905 -10.242 -10.310
8.000 3.175 5.921 0.993 -1.955 -4.228 -5.109 -6.217 -6.118 -7.099 -7.236 -7.698 -8.228 -8.860 -9.250 -9.876 -10.213 -10.280
8.100 3.204 5.949 1.022 -1.926 -4.199 -5.080 -6.188 -6.089 -7.071 -7.207 -7.669 -8.199 -8.831 -9.221 -9.847 -10.185 -10.252
8.200 3.232 5.978 1.050 -1.897 -4.171 -5.052 -6.160 -6.061 -7.042 -7.179 -7.641 -8.170 -8.803 -9.193 -9.819 -10.156 -10.223
8.300 3.260 6.006 1.078 -1.870 -4.143 -5.024 -6.132 -6.033 -7.014 -7.151 -7.613 -8.142 -8.775 -9.165 -9.791 -10.128 -10.195
8.400 3.288 6.033 1.105 -1.842 -4.116 -4.997 -6.104 -6.005 -6.987 -7.123 -7.585 -8.115 -8.747 -9.138 -9.763 -10.101 -10.168
8.500 3.315 6.061 1.133 -1.815 -4.088 -4.969 -6.077 -5.978 -6.960 -7.096 -7.558 -8.088 -8.720 -9.110 -9.736 -10.073 -10.140
8.600 3.342 6.087 1.160 -1.788 -4.061 -4.942 -6.050 -5.951 -6.933 -7.069 -7.531 -8.061 -8.693 -9.083 -9.709 -10.047 -10.114
8.700 3.368 6.114 1.186 -1.761 -4.035 -4.916 -6.024 -5.925 -6.906 -7.042 -7.505 -8.034 -8.667 -9.057 -9.682 -10.020 -10.087
8.800 3.395 6.140 1.212 -1.735 -4.009 -4.890 -5.998 -5.898 -6.880 -7.016 -7.479 -8.008 -8.640 -9.031 -9.656 -9.994 -10.061
8.900 3.421 6.166 1.238 -1.709 -3.983 -4.864 -5.972 -5.872 -6.854 -6.990 -7.453 -7.982 -8.615 -9.005 -9.630 -9.968 -10.035
9.000 3.446 6.192 1.264 -1.684 -3.957 -4.838 -5.946 -5.847 -6.829 -6.965 -7.427 -7.957 -8.589 -8.979 -9.605 -9.942 -10.009
9.100 3.471 6.217 1.289 -1.658 -3.932 -4.813 -5.921 -5.822 -6.803 -6.939 -7.402 -7.931 -8.564 -8.954 -9.580 -9.917 -9.984
9.200 3.496 6.242 1.314 -1.633 -3.907 -4.788 -5.896 -5.797 -6.778 -6.915 -7.377 -7.906 -8.539 -8.929 -9.555 -9.892 -9.959
9.300 3.521 6.267 1.339 -1.609 -3.882 -4.763 -5.871 -5.772 -6.754 -6.890 -7.352 -7.882 -8.514 -8.904 -9.530 -9.868 -9.935
9.400 3.545 6.291 1.363 -1.584 -3.858 -4.739 -5.847 -5.748 -6.729 -6.865 -7.328 -7.857 -8.490 -8.880 -9.506 -9.843 -9.910
9.500 3.569 6.315 1.387 -1.560 -3.834 -4.715 -5.823 -5.724 -6.705 -6.841 -7.304 -7.833 -8.466 -8.856 -9.482 -9.819 -9.886
9.600 3.593 6.339 1.411 -1.536 -3.810 -4.691 -5.799 -5.700 -6.681 -6.818 -7.280 -7.809 -8.442 -8.832 -9.458 -9.795 -9.862
9.700 3.617 6.362 1.434 -1.513 -3.787 -4.668 -5.775 -5.676 -6.658 -6.794 -7.256 -7.786 -8.418 -8.809 -9.434 -9.772 -9.839
9.800 3.640 6.386 1.458 -1.490 -3.763 -4.644 -5.752 -5.653 -6.634 -6.771 -7.233 -7.763 -8.395 -8.785 -9.411 -9.748 -9.815
9.900 3.663 6.409 1.481 -1.467 -3.740 -4.621 -5.729 -5.630 -6.611 -6.748 -7.210 -7.739 -8.372 -8.762 -9.388 -9.725 -9.792
10.000 3.686 6.432 1.504 -1.444 -3.717 -4.598 -5.706 -5.607 -6.589 -6.725 -7.187 -7.717 -8.349 -8.739 -9.365 -9.702 -9.769
10.100 3.709 6.454 1.526 -1.421 -3.695 -4.576 -5.684 -5.584 -6.566 -6.702 -7.165 -7.694 -8.326 -8.717 -9.342 -9.680 -9.747
10.200 3.731 6.477 1.549 -1.399 -3.672 -4.553 -5.661 -5.562 -6.544 -6.680 -7.142 -7.672 -8.304 -8.694 -9.320 -9.658 -9.725
10.300 3.753 6.499 1.571 -1.377 -3.650 -4.531 -5.639 -5.540 -6.522 -6.658 -7.120 -7.650 -8.282 -8.672 -9.298 -9.635 -9.702
10.400 3.775 6.521 1.593 -1.355 -3.628 -4.509 -5.617 -5.518 -6.500 -6.636 -7.098 -7.628 -8.260 -8.650 -9.276 -9.614 -9.681
10.500 3.797 6.542 1.614 -1.333 -3.607 -4.488 -5.596 -5.496 -6.478 -6.614 -7.077 -7.606 -8.238 -8.629 -9.254 -9.592 -9.659
10.600 3.818 6.564 1.636 -1.312 -3.585 -4.466 -5.574 -5.475 -6.456 -6.593 -7.055 -7.585 -8.217 -8.607 -9.233 -9.570 -9.637
10.700 3.839 6.585 1.657 -1.290 -3.564 -4.445 -5.553 -5.454 -6.435 -6.571 -7.034 -7.563 -8.196 -8.586 -9.212 -9.549 -9.616
10.800 3.860 6.606 1.678 -1.269 -3.543 -4.424 -5.532 -5.433 -6.414 -6.550 -7.013 -7.542 -8.175 -8.565 -9.190 -9.528 -9.595
10.900 3.881 6.627 1.699 -1.248 -3.522 -4.403 -5.511 -5.412 -6.393 -6.530 -6.992 -7.521 -8.154 -8.544 -9.170 -9.507 -9.574
11.000 3.902 6.648 1.720 -1.228 -3.501 -4.382 -5.490 -5.391 -6.373 -6.509 -6.971 -7.501 -8.133 -8.523 -9.149 -9.487 -9.554
11.100 3.922 6.668 1.740 -1.207 -3.481 -4.362 -5.470 -5.371 -6.352 -6.488 -6.951 -7.480 -8.113 -8.503 -9.129 -9.466 -9.533
11.200 3.943 6.688 1.760 -1.187 -3.461 -4.342 -5.450 -5.350 -6.332 -6.468 -6.931 -7.460 -8.092 -8.483 -9.108 -9.446 -9.513
11.300 3.963 6.708 1.780 -1.167 -3.441 -4.322 -5.429 -5.330 -6.312 -6.448 -6.910 -7.440 -8.072 -8.463 -9.088 -9.426 -9.493
11.400 3.983 6.728 1.800 -1.147 -3.421 -4.302 -5.410 -5.310 -6.292 -6.428 -6.891 -7.420 -8.052 -8.443 -9.068 -9.406 -9.473
11.500 4.002 6.748 1.820 -1.127 -3.401 -4.282 -5.390 -5.291 -6.272 -6.408 -6.871 -7.400 -8.033 -8.423 -9.049 -9.386 -9.453
11.600 4.022 6.768 1.840 -1.108 -3.381 -4.262 -5.370 -5.271 -6.253 -6.389 -6.851 -7.381 -8.013 -8.403 -9.029 -9.367 -9.434
11.700 4.041 6.787 1.859 -1.088 -3.362 -4.243 -5.351 -5.252 -6.233 -6.369 -6.832 -7.361 -7.994 -8.384 -9.010 -9.347 -9.414
11.800 4.061 6.806 1.878 -1.069 -3.343 -4.224 -5.332 -5.232 -6.214 -6.350 -6.813 -7.342 -7.975 -8.365 -8.990 -9.328 -9.395
11.900 4.080 6.825 1.897 -1.050 -3.324 -4.205 -5.313 -5.213 -6.195 -6.331 -6.794 -7.323 -7.956 -8.346 -8.971 -9.309 -9.376
12.000 4.098 6.844 1.916 -1.031 -3.305 -4.186 -5.294 -5.195 -6.176 -6.312 -6.775 -7.304 -7.937 -8.327 -8.952 -9.290 -9.357
12.100 4.117 6.863 1.935 -1.013 -3.286 -4.167 -5.275 -5.176 -6.157 -6.294 -6.756 -7.286 -7.918 -8.308 -8.934 -9.271 -9.338
12.200 4.136 6.881 1.953 -0.994 -3.268 -4.149 -5.256 -5.157 -6.139 -6.275 -6.737 -7.267 -7.899 -8.290 -8.915 -9.253 -9.320
12.300 4.154 6.900 1.972 -0.976 -3.249 -4.130 -5.238 -5.139 -6.120 -6.257 -6.719 -7.249 -7.881 -8.271 -8.897 -9.234 -9.301
12.400 4.172 6.918 1.990 -0.957 -3.231 -4.112 -5.220 -5.121 -6.102 -6.238 -6.701 -7.230 -7.863 -8.253 -8.879 -9.216 -9.283
12.500 4.191 6.936 2.008 -0.939 -3.213 -4.094 -5.202 -5.102 -6.084 -6.220 -6.683 -7.212 -7.845 -8.235 -8.860 -9.198 -9.265
12.600 4.208 6.954 2.026 -0.921 -3.195 -4.076 -5.184 -5.084 -6.066 -6.202 -6.665 -7.194 -7.827 -8.217 -8.842 -9.180 -9.247
12.700 4.226 6.972 2.044 -0.903 -3.177 -4.058 -5.166 -5.067 -6.048 -6.184 -6.647 -7.176 -7.809 -8.199 -8.825 -9.162 -9.229
12.800 4.244 6.990 2.062 -0.886 -3.159 -4.040 -5.148 -5.049 -6.031 -6.167 -6.629 -7.159 -7.791 -8.181 -8.807 -9.145 -9.212
12.900 4.262 7.007 2.079 -0.868 -3.142 -4.023 -5.131 -5.031 -6.013 -6.149 -6.612 -7.141 -7.774 -8.164 -8.789 -9.127 -9.194
13.000 4.279 7.025 2.097 -0.851 -3.124 -4.005 -5.113 -5.014 -5.996 -6.132 -6.594 -7.124 -7.756 -8.146 -8.772 -9.110 -9.177
13.100 4.296 7.042 2.114 -0.834 -3.107 -3.988 -5.096 -4.997 -5.978 -6.115 -6.577 -7.106 -7.739 -8.129 -8.755 -9.092 -9.159
13.200 4.313 7.059 2.131 -0.816 -3.090 -3.971 -5.079 -4.980 -5.961 -6.097 -6.560 -7.089 -7.722 -8.112 -8.738 -9.075 -9.142
13.300 4.330 7.076 2.148 -0.799 -3.073 -3.954 -5.062 -4.963 -5.944 -6.080 -6.543 -7.072 -7.705 -8.095 -8.721 -9.058 -9.125
13.400 4.347 7.093 2.165 -0.783 -3.056 -3.937 -5.045 -4.946 -5.927 -6.064 -6.526 -7.055 -7.688 -8.078 -8.704 -9.041 -9.108
13.500 4.364 7.110 2.182 -0.766 -3.039 -3.920 -5.028 -4.929 -5.911 -6.047 -6.509 -7.039 -7.671 -8.061 -8.687 -9.025 -9.092
13.600 4.381 7.126 2.198 -0.749 -3.023 -3.904 -5.012 -4.912 -5.894 -6.030 -6.493 -7.022 -7.654 -8.045 -8.670 -9.008 -9.075
13.700 4.397 7.143 2.215 -0.733 -3.006 -3.887 -4.995 -4.896 -5.878 -6.014 -6.476 -7.006 -7.638 -8.028 -8.654 -8.991 -9.058
13.800 4.413 7.159 2.231 -0.716 -2.990 -3.871 -4.979 -4.880 -5.861 -5.997 -6.460 -6.989 -7.622 -8.012 -8.637 -8.975 -9.042
13.900 4.430 7.175 2.247 -0.700 -2.974 -3.855 -4.963 -4.863 -5.845 -5.981 -6.443 -6.973 -7.605 -7.996 -8.621 -8.959 -9.026
14.000 4.446 7.191 2.264 -0.684 -2.957 -3.838 -4.946 -4.847 -5.829 -5.965 -6.427 -6.957 -7.589 -7.979 -8.605 -8.943 -9.010
14.100 4.462 7.207 2.280 -0.668 -2.941 -3.822 -4.930 -4.831 -5.813 -5.949 -6.411 -6.941 -7.573 -7.963 -8.589 -8.927 -8.994
14.200 4.478 7.223 2.295 -0.652 -2.926 -3.807 -4.914 -4.815 -5.797 -5.933 -6.395 -6.925 -7.557 -7.948 -8.573 -8.911 -8.978
14.300 4.494 7.239 2.311 -0.636 -2.910 -3.791 -4.899 -4.799 -5.781 -5.917 -6.380 -6.909 -7.541 -7.932 -8.557 -8.895 -8.962
14.400 4.509 7.255 2.327 -0.620 -2.894 -3.775 -4.883 -4.784 -5.765 -5.901 -6.364 -6.893 -7.526 -7.916 -8.542 -8.879 -8.946
14.500 4.525 7.270 2.343 -0.605 -2.878 -3.759 -4.867 -4.768 -5.750 -5.886 -6.348 -6.878 -7.510 -7.900 -8.526 -8.864 -8.931
14.600 4.540 7.286 2.358 -0.589 -2.863 -3.744 -4.852 -4.753 -5.734 -5.870 -6.333 -6.862 -7.495 -7.885 -8.511 -8.848 -8.915
14.700 4.556 7.301 2.373 -0.574 -2.848 -3.729 -4.836 -4.737 -5.719 -5.855 -6.317 -6.847 -7.479 -7.870 -8.495 -8.833 -8.900
14.800 4.571 7.317 2.389 -0.559 -2.832 -3.713 -4.821 -4.722 -5.704 -5.840 -6.302 -6.832 -7.464 -7.854 -8.480 -8.817 -8.884
14.900 4.586 7.332 2.404 -0.544 -2.817 -3.698 -4.806 -4.707 -5.688 -5.825 -6.287 -6.816 -7.449 -7.839 -8.465 -8.802 -8.869
15.000 4.601 7.347 2.419 -0.528 -2.802 -3.683 -4.791 -4.692 -5.673 -5.810 -6.272 -6.801 -7.434 -7.824 -8.450 -8.787 -8.854
