# day W2 M2 W1 u B g V c r w o i z y J H K
0.000 -8.108 -7.964 -7.795 -7.095 -6.773 -6.613 -6.333 -6.443 -6.098 -6.260 -5.967 -5.706 -5.410 -5.180 -4.709 -4.095 -3.522
0.100 -13.573 -13.704 -13.726 -13.696 -13.578 -13.506 -13.373 -13.421 -13.244 -13.311 -13.169 -13.010 -12.814 -12.652 -12.309 -11.815 -11.331
0.200 -13.780 -14.025 -14.155 -14.398 -14.359 -14.318 -14.232 -14.261 -14.135 -14.177 -14.078 -13.948 -13.782 -13.641 -13.338 -12.885 -12.432
0.300 -13.571 -13.906 -14.142 -14.632 -14.670 -14.661 -14.621 -14.632 -14.556 -14.574 -14.514 -14.411 -14.271 -14.147 -13.878 -13.459 -13.031
0.400 -13.097 -13.514 -13.870 -14.611 -14.737 -14.763 -14.775 -14.768 -14.746 -14.740 -14.723 -14.649 -14.538 -14.434 -14.200 -13.816 -13.414
0.500 -12.434 -12.923 -13.416 -14.416 -14.641 -14.707 -14.777 -14.750 -14.790 -14.760 -14.789 -14.749 -14.670 -14.588 -14.393 -14.046 -13.672
0.600 -11.603 -12.147 -12.800 -14.072 -14.408 -14.520 -14.657 -14.610 -14.718 -14.665 -14.743 -14.741 -14.701 -14.644 -14.494 -14.190 -13.846
0.700 -10.611 -11.184 -12.023 -13.580 -14.043 -14.209 -14.420 -14.352 -14.537 -14.465 -14.595 -14.637 -14.642 -14.615 -14.519 -14.263 -13.954
0.800 -9.517 -10.078 -11.119 -12.955 -13.560 -13.785 -14.079 -13.991 -14.260 -14.172 -14.356 -14.448 -14.506 -14.514 -14.480 -14.281 -14.012
0.900 -8.409 -8.918 -10.146 -12.220 -12.973 -13.262 -13.644 -13.539 -13.896 -13.801 -14.036 -14.181 -14.299 -14.347 -14.385 -14.251 -14.027
1.000 -7.406 -7.857 -9.203 -11.434 -12.323 -12.675 -13.144 -13.026 -13.470 -13.379 -13.660 -13.861 -14.046 -14.138 -14.252 -14.179 -13.992
1.100 -6.552 -6.978 -8.371 -10.663 -11.655 -12.060 -12.605 -12.482 -13.004 -12.927 -13.246 -13.501 -13.754 -13.893 -14.088 -14.079 -13.929
1.200 -5.811 -6.226 -7.664 -9.978 -11.028 -11.470 -12.073 -11.949 -12.533 -12.478 -12.825 -13.127 -13.446 -13.630 -13.905 -13.961 -13.852
1.300 -5.115 -5.500 -7.025 -9.383 -10.465 -10.930 -11.573 -11.451 -12.081 -12.050 -12.415 -12.757 -13.134 -13.360 -13.712 -13.833 -13.765
1.400 -4.428 -4.747 -6.406 -8.848 -9.965 -10.447 -11.120 -11.000 -11.664 -11.656 -12.034 -12.405 -12.833 -13.097 -13.519 -13.701 -13.673
1.500 -3.734 -3.947 -5.778 -8.328 -9.501 -10.004 -10.705 -10.587 -11.279 -11.290 -11.678 -12.074 -12.544 -12.840 -13.326 -13.568 -13.579
1.600 -3.037 -3.093 -5.142 -7.811 -9.078 -9.616 -10.358 -10.239 -10.965 -10.991 -11.390 -11.805 -12.304 -12.622 -13.148 -13.427 -13.464
1.700 -2.364 -2.195 -4.517 -7.303 -8.708 -9.300 -10.100 -9.980 -10.750 -10.786 -11.198 -11.630 -12.145 -12.469 -13.002 -13.282 -13.319
1.800 -1.709 -1.252 -3.893 -6.775 -8.330 -8.976 -9.837 -9.718 -10.530 -10.580 -11.004 -11.454 -11.986 -12.319 -12.862 -13.145 -13.184
1.900 -1.092 -0.275 -3.293 -6.244 -7.955 -8.656 -9.575 -9.458 -10.311 -10.376 -10.811 -11.279 -11.830 -12.172 -12.726 -13.016 -13.056
2.000 -0.537 0.706 -2.742 -5.731 -7.596 -8.349 -9.322 -9.208 -10.098 -10.179 -10.622 -11.106 -11.676 -12.028 -12.595 -12.891 -12.935
2.100 -0.057 1.653 -2.259 -5.257 -7.264 -8.061 -9.081 -8.970 -9.891 -9.988 -10.439 -10.936 -11.524 -11.886 -12.467 -12.772 -12.819
2.200 0.337 2.493 -1.857 -4.846 -6.969 -7.802 -8.858 -8.752 -9.697 -9.808 -10.264 -10.774 -11.377 -11.749 -12.343 -12.657 -12.709
2.300 0.651 3.149 -1.537 -4.507 -6.714 -7.573 -8.656 -8.553 -9.517 -9.640 -10.099 -10.619 -11.235 -11.615 -12.223 -12.546 -12.603
2.400 0.895 3.587 -1.289 -4.242 -6.500 -7.375 -8.476 -8.376 -9.352 -9.485 -9.946 -10.473 -11.100 -11.487 -12.107 -12.439 -12.503
2.500 1.053 3.799 -1.129 -4.077 -6.350 -7.231 -8.339 -8.240 -9.222 -9.358 -9.820 -10.350 -10.982 -11.372 -11.998 -12.335 -12.402
2.600 1.153 3.899 -1.029 -3.976 -6.250 -7.131 -8.239 -8.140 -9.121 -9.258 -9.720 -10.249 -10.882 -11.272 -11.898 -12.235 -12.302
2.700 1.248 3.994 -0.934 -3.881 -6.155 -7.036 -8.144 -8.045 -9.026 -9.163 -9.625 -10.154 -10.787 -11.177 -11.803 -12.140 -12.207
2.800 1.338 4.084 -0.844 -3.791 -6.065 -6.946 -8.054 -7.955 -8.936 -9.072 -9.535 -10.064 -10.697 -11.087 -11.713 -12.050 -12.117
2.900 1.424 4.170 -0.758 -3.705 -5.979 -6.860 -7.968 -7.869 -8.850 -8.987 -9.449 -9.978 -10.611 -11.001 -11.627 -11.964 -12.031
3.000 1.506 4.251 -0.677 -3.624 -5.898 -6.779 -7.887 -7.787 -8.769 -8.905 -9.368 -9.897 -10.529 -10.920 -11.545 -11.883 -11.950
3.100 1.584 4.329 -0.599 -3.546 -5.820 -6.701 -7.809 -7.709 -8.691 -8.827 -9.290 -9.819 -10.451 -10.842 -11.467 -11.805 -11.872
3.200 1.658 4.404 -0.524 -3.471 -5.745 -6.626 -7.734 -7.635 -8.616 -8.752 -9.215 -9.744 -10.377 -10.767 -11.393 -11.730 -11.797
3.300 1.730 4.476 -0.452 -3.400 -5.673 -6.554 -7.662 -7.563 -8.544 -8.681 -9.143 -9.672 -10.305 -10.695 -11.321 -11.658 -11.725
3.400 1.800 4.545 -0.383 -3.330 -5.604 -6.485 -7.593 -7.493 -8.475 -8.611 -9.074 -9.603 -10.236 -10.626 -11.251 -11.589 -11.656
3.500 1.866 4.612 -0.316 -3.264 -5.537 -6.418 -7.526 -7.427 -8.408 -8.545 -9.007 -9.537 -10.169 -10.559 -11.185 -11.522 -11.589
3.600 1.931 4.676 -0.252 -3.199 -5.473 -6.354 -7.462 -7.362 -8.344 -8.480 -8.943 -9.472 -10.104 -10.495 -11.120 -11.458 -11.525
3.700 1.993 4.739 -0.189 -3.137 -5.410 -6.291 -7.399 -7.300 -8.281 -8.418 -8.880 -9.409 -10.042 -10.432 -11.058 -11.395 -11.462
3.800 2.054 4.800 -0.128 -3.076 -5.349 -6.230 -7.338 -7.239 -8.221 -8.357 -8.819 -9.349 -9.981 -10.371 -10.997 -11.335 -11.402
3.900 2.113 4.859 -0.069 -3.017 -5.290 -6.171 -7.279 -7.180 -8.162 -8.298 -8.760 -9.290 -9.922 -10.312 -10.938 -11.276 -11.343
4.000 2.171 4.916 -0.012 -2.959 -5.233 -6.114 -7.222 -7.122 -8.104 -8.240 -8.703 -9.232 -9.865 -10.255 -10.880 -11.218 -11.285
4.100 2.226 4.972 0.044 -2.903 -5.177 -6.058 -7.166 -7.067 -8.048 -8.184 -8.647 -9.176 -9.809 -10.199 -10.825 -11.162 -11.229
4.200 2.281 5.026 0.098 -2.849 -5.123 -6.004 -7.111 -7.012 -7.994 -8.130 -8.592 -9.122 -9.754 -10.145 -10.770 -11.108 -11.175
4.300 2.334 5.080 0.152 -2.796 -5.069 -5.950 -7.058 -6.959 -7.941 -8.077 -8.539 -9.069 -9.701 -10.091 -10.717 -11.054 -11.121
4.400 2.386 5.132 0.204 -2.744 -5.017 -5.898 -7.006 -6.907 -7.889 -8.025 -8.487 -9.017 -9.649 -10.039 -10.665 -11.002 -11.069
4.500 2.437 5.182 0.254 -2.693 -4.967 -5.848 -6.955 -6.856 -7.838 -7.974 -8.436 -8.966 -9.598 -9.989 -10.614 -10.952 -11.019
4.600 2.486 5.232 0.304 -2.643 -4.917 -5.798 -6.906 -6.806 -7.788 -7.924 -8.387 -8.916 -9.549 -9.939 -10.564 -10.902 -10.969
4.700 2.535 5.281 0.353 -2.595 -4.868 -5.749 -6.857 -6.758 -7.739 -7.876 -8.338 -8.867 -9.500 -9.890 -10.516 -10.853 -10.920
4.800 2.583 5.328 0.400 -2.547 -4.821 -5.702 -6.810 -6.710 -7.692 -7.828 -8.291 -8.820 -9.452 -9.843 -10.468 -10.806 -10.873
4.900 2.629 5.375 0.447 -2.501 -4.774 -5.655 -6.763 -6.664 -7.645 -7.782 -8.244 -8.773 -9.406 -9.796 -10.422 -10.759 -10.826
5.000 2.675 5.420 0.492 -2.455 -4.729 -5.610 -6.717 -6.618 -7.600 -7.736 -8.198 -8.728 -9.360 -9.751 -10.376 -10.714 -10.781
5.100 2.720 5.465 0.537 -2.410 -4.684 -5.565 -6.673 -6.573 -7.555 -7.691 -8.154 -8.683 -9.316 -9.706 -10.331 -10.669 -10.736
5.200 2.763 5.509 0.581 -2.366 -4.640 -5.521 -6.629 -6.530 -7.511 -7.647 -8.110 -8.639 -9.272 -9.662 -10.287 -10.625 -10.692
5.300 2.806 5.552 0.624 -2.323 -4.597 -5.478 -6.586 -6.486 -7.468 -7.604 -8.067 -8.596 -9.229 -9.619 -10.244 -10.582 -10.649
5.400 2.849 5.594 0.666 -2.281 -4.555 -5.436 -6.544 -6.444 -7.426 -7.562 -8.025 -8.554 -9.186 -9.577 -10.202 -10.540 -10.607
5.500 2.890 5.636 0.708 -2.240 -4.513 -5.394 -6.502 -6.403 -7.384 -7.521 -7.983 -8.512 -9.145 -9.535 -10.161 -10.498 -10.565
5.600 2.931 5.677 0.749 -2.199 -4.472 -5.353 -6.461 -6.362 -7.344 -7.480 -7.942 -8.472 -9.104 -9.494 -10.120 -10.458 -10.525
5.700 2.971 5.717 0.789 -2.159 -4.432 -5.313 -6.421 -6.322 -7.304 -7.440 -7.902 -8.432 -9.064 -9.454 -10.080 -10.418 -10.485
5.800 3.010 5.756 0.828 -2.119 -4.393 -5.274 -6.382 -6.283 -7.264 -7.401 -7.863 -8.392 -9.025 -9.415 -10.041 -10.378 -10.445
5.900 3.049 5.795 0.867 -2.081 -4.354 -5.235 -6.343 -6.244 -7.226 -7.362 -7.824 -8.354 -8.986 -9.376 -10.002 -10.340 -10.407
6.000 3.087 5.833 0.905 -2.043 -4.316 -5.197 -6.305 -6.206 -7.188 -7.324 -7.786 -8.316 -8.948 -9.338 -9.964 -10.301 -10.369
6.100 3.124 5.870 0.942 -2.005 -4.279 -5.160 -6.268 -6.169 -7.150 -7.286 -7.749 -8.278 -8.911 -9.301 -9.927 -10.264 -10.331
6.200 3.161 5.907 0.979 -1.969 -4.242 -5.123 -6.231 -6.132 -7.113 -7.250 -7.712 -8.241 -8.874 -9.264 -9.890 -10.227 -10.294
6.300 3.197 5.943 1.015 -1.932 -4.206 -5.087 -6.195 -6.096 -7.077 -7.213 -7.676 -8.205 -8.838 -9.228 -9.853 -10.191 -10.258
6.400 3.233 5.979 1.051 -1.897 -4.170 -5.051 -6.159 -6.060 -7.041 -7.178 -7.640 -8.170 -8.802 -9.192 -9.818 -10.155 -10.222
6.500 3.268 6.014 1.086 -1.861 -4.135 -5.016 -6.124 -6.025 -7.006 -7.143 -7.605 -8.134 -8.767 -9.157 -9.783 -10.120 -10.187
6.600 3.303 6.048 1.120 -1.827 -4.100 -4.981 -6.089 -5.990 -6.972 -7.108 -7.570 -8.100 -8.732 -9.122 -9.748 -10.086 -10.153
6.700 3.337 6.083 1.155 -1.793 -4.066 -4.947 -6.055 -5.956 -6.938 -7.074 -7.536 -8.066 -8.698 -9.088 -9.714 -10.052 -10.119
6.800 3.371 6.116 1.188 -1.759 -4.033 -4.914 -6.022 -5.922 -6.904 -7.040 -7.503 -8.032 -8.665 -9.055 -9.680 -10.018 -10.085
6.900 3.404 6.149 1.221 -1.726 -4.000 -4.881 -5.989 -5.889 -6.871 -7.007 -7.470 -7.999 -8.631 -9.022 -9.647 -9.985 -10.052
7.000 3.436 6.182 1.254 -1.693 -3.967 -4.848 -5.956 -5.857 -6.838 -6.975 -7.437 -7.966 -8.599 -8.989 -9.615 -9.952 -10.019
7.100 3.468 6.214 1.286 -1.661 -3.935 -4.816 -5.924 -5.825 -6.806 -6.942 -7.405 -7.934 -8.567 -8.957 -9.582 -9.920 -9.987
7.200 3.500 6.246 1.318 -1.630 -3.903 -4.784 -5.892 -5.793 -6.774 -6.911 -7.373 -7.902 -8.535 -8.925 -9.551 -9.888 -9.955
7.300 3.532 6.277 1.349 -1.598 -3.872 -4.753 -5.861 -5.761 -6.743 -6.879 -7.342 -7.871 -8.504 -8.894 -9.519 -9.857 -9.924
7.400 3.562 6.308 1.380 -1.567 -3.841 -4.722 -5.830 -5.731 -6.712 -6.848 -7.311 -7.840 -8.473 -8.863 -9.489 -9.826 -9.893
7.500 3.593 6.338 1.410 -1.537 -3.811 -4.692 -5.799 -5.700 -6.682 -6.818 -7.280 -7.810 -8.442 -8.833 -9.458 -9.796 -9.863
7.600 3.623 6.369 1.441 -1.507 -3.780 -4.661 -5.769 -5.670 -6.652 -6.788 -7.250 -7.780 -8.412 -8.802 -9.428 -9.766 -9.833
7.700 3.653 6.398 1.470 -1.477 -3.751 -4.632 -5.740 -5.640 -6.622 -6.758 -7.221 -7.750 -8.382 -8.773 -9.398 -9.736 -9.803
7.800 3.682 6.428 1.500 -1.448 -3.721 -4.602 -5.710 -5.611 -6.593 -6.729 -7.191 -7.721 -8.353 -8.743 -9.369 -9.707 -9.774
7.900 3.711 6.457 1.529 -1.419 -3.692 -4.573 -5.681 -5.582 -6.564 -6.700 -7.162 -7.692 -8.324 -8.714 -9.340 -9.678 -9.745
8.000 3.740 6.485 1.557 -1.390 -3.664 -4.545 -5.653 -5.553 -6.535 -6.671 -7.134 -7.663 -8.296 -8.686 -9.311 -9.649 -9.716
8.100 3.768 6.513 1.585 -1.362 -3.636 -4.517 -5.624 -5.525 -6.507 -6.643 -7.105 -7.635 -8.267 -8.658 -9.283 -9.621 -9.688
8.200 3.796 6.541 1.613 -1.334 -3.608 -4.489 -5.597 -5.497 -6.479 -6.615 -7.078 -7.607 -8.239 -8.630 -9.255 -9.593 -9.660
8.300 3.823 6.569 1.641 -1.306 -3.580 -4.461 -5.569 -5.470 -6.451 -6.588 -7.050 -7.579 -8.212 -8.602 -9.228 -9.565 -9.632
8.400 3.851 6.596 1.668 -1.279 -3.553 -4.434 -5.542 -5.442 -6.424 -6.560 -7.023 -7.552 -8.185 -8.575 -9.200 -9.538 -9.605
8.500 3.877 6.623 1.695 -1.252 -3.526 -4.407 -5.515 -5.416 -6.397 -6.533 -6.996 -7.525 -8.158 -8.548 -9.173 -9.511 -9.578
8.600 3.904 6.650 1.722 -1.226 -3.499 -4.380 -5.488 -5.389 -6.371 -6.507 -6.969 -7.499 -8.131 -8.521 -9.147 -9.484 -9.551
8.700 3.930 6.676 1.748 -1.199 -3.473 -4.354 -5.462 -5.363 -6.344 -6.480 -6.943 -7.472 -8.105 -8.495 -9.121 -9.458 -9.525
8.800 3.956 6.702 1.774 -1.173 -3.447 -4.328 -5.436 -5.337 -6.318 -6.454 -6.917 -7.446 -8.079 -8.469 -9.095 -9.432 -9.499
8.900 3.982 6.728 1.800 -1.148 -3.421 -4.302 -5.410 -5.311 -6.292 -6.429 -6.891 -7.421 -8.053 -8.443 -9.069 -9.406 -9.473
9.000 4.008 6.753 1.825 -1.122 -3.396 -4.277 -5.385 -5.285 -6.267 -6.403 -6.866 -7.395 -8.027 -8.418 -9.043 -9.381 -9.448
9.100 4.033 6.778 1.850 -1.097 -3.371 -4.252 -5.359 -5.260 -6.242 -6.378 -6.840 -7.370 -8.002 -8.393 -9.018 -9.356 -9.423
9.200 4.058 6.803 1.875 -1.072 -3.346 -4.227 -5.335 -5.235 -6.217 -6.353 -6.816 -7.345 -7.977 -8.368 -8.993 -9.331 -9.398
9.300 4.082 6.828 1.900 -1.047 -3.321 -4.202 -5.310 -5.211 -6.192 -6.328 -6.791 -7.320 -7.953 -8.343 -8.969 -9.306 -9.373
9.400 4.107 6.852 1.924 -1.023 -3.297 -4.178 -5.286 -5.186 -6.168 -6.304 -6.767 -7.296 -7.928 -8.319 -8.944 -9.282 -9.349
9.500 4.131 6.876 1.948 -0.999 -3.273 -4.154 -5.261 -5.162 -6.144 -6.280 -6.742 -7.272 -7.904 -8.295 -8.920 -9.258 -9.325
9.600 4.155 6.900 1.972 -0.975 -3.249 -4.130 -5.238 -5.138 -6.120 -6.256 -6.719 -7.248 -7.880 -8.271 -8.896 -9.234 -9.301
9.700 4.178 6.924 1.996 -0.951 -3.225 -4.106 -5.214 -5.115 -6.096 -6.232 -6.695 -7.224 -7.857 -8.247 -8.873 -9.210 -9.277
9.800 4.202 6.947 2.019 -0.928 -3.202 -4.083 -5.190 -5.091 -6.073 -6.209 -6.671 -7.201 -7.833 -8.224 -8.849 -9.187 -9.254
9.900 4.225 6.970 2.043 -0.905 -3.178 -4.059 -5.167 -5.068 -6.050 -6.186 -6.648 -7.178 -7.810 -8.200 -8.826 -9.164 -9.231
10.000 4.248 6.993 2.065 -0.882 -3.156 -4.037 -5.144 -5.045 -6.027 -6.163 -6.625 -7.155 -7.787 -8.178 -8.803 -9.141 -9.208
10.100 4.271 7.016 2.088 -0.859 -3.133 -4.014 -5.122 -5.022 -6.004 -6.140 -6.603 -7.132 -7.765 -8.155 -8.780 -9.118 -9.185
10.200 4.293 7.039 2.111 -0.837 -3.110 -3.991 -5.099 -5.000 -5.982 -6.118 -6.580 -7.110 -7.742 -8.132 -8.758 -9.095 -9.162
10.300 4.315 7.061 2.133 -0.814 -3.088 -3.969 -5.077 -4.978 -5.959 -6.095 -6.558 -7.087 -7.720 -8.110 -8.736 -9.073 -9.140
10.400 4.337 7.083 2.155 -0.792 -3.066 -3.947 -5.055 -4.956 -5.937 -6.073 -6.536 -7.065 -7.698 -8.088 -8.714 -9.051 -9.118
10.500 4.359 7.105 2.177 -0.770 -3.044 -3.925 -5.033 -4.934 -5.915 -6.052 -6.514 -7.043 -7.676 -8.066 -8.692 -9.029 -9.096
10.600 4.381 7.127 2.199 -0.749 -3.022 -3.903 -5.011 -4.912 -5.894 -6.030 -6.492 -7.022 -7.654 -8.044 -8.670 -9.008 -9.075
10.700 4.402 7.148 2.220 -0.727 -3.001 -3.882 -4.990 -4.891 -5.872 -6.008 -6.471 -7.000 -7.633 -8.023 -8.649 -8.986 -9.053
10.800 4.424 7.169 2.241 -0.706 -2.980 -3.861 -4.969 -4.869 -5.851 -5.987 -6.450 -6.979 -7.611 -8.002 -8.627 -8.965 -9.032
10.900 4.445 7.190 2.262 -0.685 -2.959 -3.840 -4.948 -4.848 -5.830 -5.966 -6.429 -6.958 -7.590 -7.981 -8.606 -8.944 -9.011
11.000 4.466 7.211 2.283 -0.664 -2.938 -3.819 -4.927 -4.827 -5.809 -5.945 -6.408 -6.937 -7.569 -7.960 -8.585 -8.923 -8.990
11.100 4.486 7.232 2.304 -0.643 -2.917 -3.798 -4.906 -4.807 -5.788 -5.925 -6.387 -6.916 -7.549 -7.939 -8.565 -8.902 -8.969
11.200 4.507 7.252 2.324 -0.623 -2.897 -3.778 -4.885 -4.786 -5.768 -5.904 -6.366 -6.896 -7.528 -7.919 -8.544 -8.882 -8.949
11.300 4.527 7.273 2.345 -0.603 -2.876 -3.757 -4.865 -4.766 -5.747 -5.884 -6.346 -6.876 -7.508 -7.898 -8.524 -8.861 -8.928
11.400 4.547 7.293 2.365 -0.582 -2.856 -3.737 -4.845 -4.746 -5.727 -5.863 -6.326 -6.855 -7.488 -7.878 -8.504 -8.841 -8.908
11.500 4.567 7.313 2.385 -0.562 -2.836 -3.717 -4.825 -4.726 -5.707 -5.844 -6.306 -6.835 -7.468 -7.858 -8.484 -8.821 -8.888
11.600 4.587 7.333 2.405 -0.543 -2.816 -3.697 -4.805 -4.706 -5.688 -5.824 -6.286 -6.816 -7.448 -7.838 -8.464 -8.801 -8.868
11.700 4.607 7.352 2.424 -0.523 -2.797 -3.678 -4.785 -4.686 -5.668 -5.804 -6.266 -6.796 -7.428 -7.819 -8.444 -8.782 -8.849
11.800 4.626 7.372 2.444 -0.503 -2.777 -3.658 -4.766 -4.667 -5.648 -5.785 -6.247 -6.776 -7.409 -7.799 -8.425 -8.762 -8.829
11.900 4.646 7.391 2.463 -0.484 -2.758 -3.639 -4.747 -4.647 -5.629 -5.765 -6.228 -6.757 -7.389 -7.780 -8.405 -8.743 -8.810
12.000 4.665 7.410 2.482 -0.465 -2.739 -3.620 -4.727 -4.628 -5.610 -5.746 -6.208 -6.738 -7.370 -7.761 -8.386 -8.724 -8.791
12.100 4.684 7.429 2.501 -0.446 -2.720 -3.601 -4.708 -4.609 -5.591 -5.727 -6.189 -6.719 -7.351 -7.742 -8.367 -8.705 -8.772
12.200 4.703 7.448 2.520 -0.427 -2.701 -3.582 -4.690 -4.590 -5.572 -5.708 -6.171 -6.700 -7.332 -7.723 -8.348 -8.686 -8.753
12.300 4.721 7.467 2.539 -0.408 -2.682 -3.563 -4.671 -4.572 -5.553 -5.689 -6.152 -6.681 -7.314 -7.704 -8.330 -8.667 -8.734
12.400 4.740 7.485 2.558 -0.390 -2.663 -3.544 -4.652 -4.553 -5.535 -5.671 -6.133 -6.663 -7.295 -7.685 -8.311 -8.649 -8.716
12.500 4.758 7.504 2.576 -0.371 -2.645 -3.526 -4.634 -4.535 -5.516 -5.653 -6.115 -6.644 -7.277 -7.667 -8.293 -8.630 -8.697
12.600 4.777 7.522 2.594 -0.353 -2.627 -3.508 -4.616 -4.516 -5.498 -5.634 -6.097 -6.626 -7.259 -7.649 -8.274 -8.612 -8.679
12.700 4.795 7.540 2.612 -0.335 -2.609 -3.490 -4.598 -4.498 -5.480 -5.616 -6.079 -6.608 -7.240 -7.631 -8.256 -8.594 -8.661
12.800 4.813 7.558 2.630 -0.317 -2.591 -3.472 -4.580 -4.480 -5.462 -5.598 -6.061 -6.590 -7.222 -7.613 -8.238 -8.576 -8.643
12.900 4.831 7.576 2.648 -0.299 -2.573 -3.454 -4.562 -4.462 -5.444 -5.580 -6.043 -6.572 -7.205 -7.595 -8.220 -8.558 -8.625
13.000 4.848 7.594 2.666 -0.281 -2.555 -3.436 -4.544 -4.445 -5.426 -5.563 -6.025 -6.554 -7.187 -7.577 -8.203 -8.540 -8.607
13.100 4.866 7.611 2.683 -0.264 -2.538 -3.419 -4.526 -4.427 -5.409 -5.545 -6.007 -6.537 -7.169 -7.560 -8.185 -8.523 -8.590
13.200 4.883 7.629 2.701 -0.246 -2.520 -3.401 -4.509 -4.410 -5.391 -5.528 -5.990 -6.519 -7.152 -7.542 -8.168 -8.505 -8.572
13.300 4.901 7.646 2.718 -0.229 -2.503 -3.384 -4.492 -4.392 -5.374 -5.510 -5.973 -6.502 -7.134 -7.525 -8.150 -8.488 -8.555
13.400 4.918 7.663 2.735 -0.212 -2.486 -3.367 -4.474 -4.375 -5.357 -5.493 -5.955 -6.485 -7.117 -7.508 -8.133 -8.471 -8.538
13.500 4.935 7.680 2.753 -0.195 -2.468 -3.349 -4.457 -4.358 -5.340 -5.476 -5.938 -6.468 -7.100 -7.490 -8.116 -8.454 -8.521
13.600 4.952 7.697 2.769 -0.178 -2.452 -3.333 -4.440 -4.341 -5.323 -5.459 -5.921 -6.451 -7.083 -7.474 -8.099 -8.437 -8.504
13.700 4.969 7.714 2.786 -0.161 -2.435 -3.316 -4.424 -4.324 -5.306 -5.442 -5.905 -6.434 -7.066 -7.457 -8.082 -8.420 -8.487
13.800 4.985 7.731 2.803 -0.144 -2.418 -3.299 -4.407 -4.308 -5.289 -5.425 -5.888 -6.417 -7.050 -7.440 -8.066 -8.403 -8.470
13.900 5.002 7.748 2.820 -0.128 -2.401 -3.282 -4.390 -4.291 -5.273 -5.409 -5.871 -6.401 -7.033 -7.423 -8.049 -8.387 -8.454
14.000 5.018 7.764 2.836 -0.111 -2.385 -3.266 -4.374 -4.275 -5.256 -5.392 -5.855 -6.384 -7.017 -7.407 -8.032 -8.370 -8.437
14.100 5.035 7.780 2.852 -0.095 -2.369 -3.250 -4.357 -4.258 -5.240 -5.376 -5.838 -6.368 -7.000 -7.391 -8.016 -8.354 -8.421
14.200 5.051 7.797 2.869 -0.079 -2.352 -3.233 -4.341 -4.242 -5.224 -5.360 -5.822 -6.352 -6.984 -7.374 -8.000 -8.337 -8.404
14.300 5.067 7.813 2.885 -0.063 -2.336 -3.217 -4.325 -4.226 -5.207 -5.344 -5.806 -6.336 -6.968 -7.358 -7.984 -8.321 -8.388
14.400 5.083 7.829 2.901 -0.047 -2.320 -3.201 -4.309 -4.210 -5.191 -5.328 -5.790 -6.319 -6.952 -7.342 -7.968 -8.305 -8.372
14.500 5.099 7.845 2.917 -0.031 -2.304 -3.185 -4.293 -4.194 -5.176 -5.312 -5.774 -6.304 -6.936 -7.326 -7.952 -8.289 -8.356
14.600 5.115 7.860 2.933 -0.015 -2.288 -3.169 -4.277 -4.178 -5.160 -5.296 -5.758 -6.288 -6.920 -7.310 -7.936 -8.274 -8.341
14.700 5.131 7.876 2.948 0.001 -2.273 -3.154 -4.262 -4.162 -5.144 -5.280 -5.743 -6.272 -6.904 -7.295 -7.920 -8.258 -8.325
14.800 5.146 7.892 2.964 0.016 -2.257 -3.138 -4.246 -4.147 -5.128 -5.265 -5.727 -6.256 -6.889 -7.279 -7.905 -8.242 -8.309
14.900 5.162 7.907 2.979 0.032 -2.242 -3.123 -4.231 -4.131 -5.113 -5.249 -5.712 -6.241 -6.873 -7.264 -7.889 -8.227 -8.294
15.000 5.177 7.923 2.995 0.047 -2.226 -3.107 -4.215 -4.116 -5.098 -5.234 -5.696 -6.226 -6.858 -7.248 -7.874 -8.211 -8.278
