# day W2 M2 W1 u B g V c r w o i z y J H K
0.000 -11.194 -10.987 -10.782 -9.917 -9.548 -9.368 -9.055 -9.180 -8.797 -8.983 -8.656 -8.373 -8.057 -7.814 -7.320 -6.684 -6.096
0.100 -15.902 -15.876 -15.780 -15.371 -15.132 -15.008 -14.787 -14.871 -14.595 -14.716 -14.486 -14.266 -14.010 -13.808 -13.392 -12.831 -12.300
0.200 -15.714 -15.843 -15.864 -15.820 -15.684 -15.601 -15.445 -15.502 -15.296 -15.376 -15.208 -15.027 -14.807 -14.628 -14.255 -13.736 -13.235
0.300 -15.238 -15.495 -15.638 -15.908 -15.868 -15.824 -15.728 -15.760 -15.619 -15.665 -15.551 -15.404 -15.216 -15.058 -14.721 -14.236 -13.761
0.400 -14.727 -15.077 -15.332 -15.861 -15.909 -15.900 -15.859 -15.870 -15.787 -15.805 -15.739 -15.624 -15.465 -15.327 -15.024 -14.571 -14.119
0.500 -14.213 -14.627 -14.983 -15.729 -15.859 -15.884 -15.894 -15.887 -15.859 -15.853 -15.830 -15.745 -15.616 -15.497 -15.228 -14.805 -14.376
0.600 -13.677 -14.141 -14.593 -15.533 -15.740 -15.799 -15.858 -15.835 -15.860 -15.833 -15.850 -15.796 -15.697 -15.597 -15.363 -14.972 -14.565
0.700 -13.088 -13.594 -14.149 -15.275 -15.561 -15.654 -15.763 -15.723 -15.801 -15.756 -15.813 -15.789 -15.721 -15.642 -15.444 -15.087 -14.704
0.800 -12.429 -12.970 -13.638 -14.954 -15.323 -15.451 -15.612 -15.557 -15.690 -15.629 -15.724 -15.733 -15.698 -15.641 -15.482 -15.159 -14.798
0.900 -11.688 -12.253 -13.051 -14.565 -15.024 -15.191 -15.406 -15.337 -15.526 -15.452 -15.585 -15.628 -15.631 -15.598 -15.481 -15.194 -14.856
1.000 -10.874 -11.444 -12.390 -14.108 -14.666 -14.874 -15.147 -15.064 -15.313 -15.228 -15.400 -15.479 -15.521 -15.515 -15.445 -15.198 -14.886
1.100 -9.995 -10.545 -11.656 -13.581 -14.246 -14.499 -14.834 -14.738 -15.051 -14.959 -15.168 -15.286 -15.371 -15.394 -15.375 -15.172 -14.889
1.200 -9.084 -9.584 -10.870 -12.991 -13.770 -14.072 -14.473 -14.365 -14.743 -14.648 -14.894 -15.053 -15.184 -15.238 -15.275 -15.121 -14.870
1.300 -8.172 -8.597 -10.052 -12.346 -13.243 -13.595 -14.064 -13.947 -14.391 -14.298 -14.580 -14.780 -14.961 -15.049 -15.147 -15.045 -14.829
1.400 -7.298 -7.641 -9.239 -11.667 -12.679 -13.082 -13.618 -13.494 -14.003 -13.919 -14.232 -14.474 -14.707 -14.830 -14.993 -14.948 -14.770
1.500 -6.481 -6.754 -8.460 -10.977 -12.094 -12.545 -13.145 -13.016 -13.587 -13.517 -13.857 -14.140 -14.426 -14.587 -14.816 -14.832 -14.695
1.600 -5.725 -5.941 -7.731 -10.303 -11.507 -12.000 -12.658 -12.528 -13.155 -13.104 -13.467 -13.788 -14.127 -14.324 -14.623 -14.700 -14.606
1.700 -5.018 -5.174 -7.056 -9.671 -10.951 -11.483 -12.196 -12.068 -12.747 -12.718 -13.101 -13.458 -13.847 -14.078 -14.432 -14.552 -14.483
1.800 -4.338 -4.414 -6.412 -9.073 -10.416 -10.982 -11.743 -11.617 -12.342 -12.338 -12.736 -13.126 -13.562 -13.825 -14.236 -14.402 -14.361
1.900 -3.672 -3.637 -5.784 -8.502 -9.907 -10.502 -11.304 -11.182 -11.946 -11.967 -12.377 -12.796 -13.276 -13.571 -14.039 -14.253 -14.243
2.000 -3.018 -2.833 -5.164 -7.947 -9.418 -10.042 -10.882 -10.763 -11.563 -11.607 -12.028 -12.472 -12.994 -13.319 -13.843 -14.106 -14.129
2.100 -2.395 -2.001 -4.570 -7.424 -8.988 -9.646 -10.527 -10.411 -11.243 -11.306 -11.736 -12.199 -12.751 -13.096 -13.659 -13.957 -14.004
2.200 -1.849 -1.148 -4.044 -6.966 -8.663 -9.365 -10.292 -10.177 -11.039 -11.112 -11.549 -12.024 -12.587 -12.938 -13.506 -13.806 -13.853
2.300 -1.347 -0.281 -3.549 -6.516 -8.347 -9.093 -10.063 -9.950 -10.841 -10.925 -11.369 -11.855 -12.430 -12.787 -13.363 -13.667 -13.715
2.400 -0.903 0.572 -3.106 -6.094 -8.052 -8.837 -9.846 -9.735 -10.651 -10.747 -11.197 -11.694 -12.281 -12.645 -13.229 -13.537 -13.587
2.500 -0.524 1.373 -2.722 -5.712 -7.781 -8.600 -9.642 -9.535 -10.472 -10.579 -11.033 -11.540 -12.140 -12.510 -13.103 -13.417 -13.470
2.600 -0.212 2.060 -2.403 -5.383 -7.541 -8.386 -9.455 -9.350 -10.305 -10.422 -10.879 -11.394 -12.005 -12.381 -12.984 -13.304 -13.360
2.700 0.040 2.582 -2.147 -5.113 -7.333 -8.196 -9.285 -9.182 -10.150 -10.276 -10.736 -11.257 -11.878 -12.260 -12.871 -13.198 -13.258
2.800 0.240 2.934 -1.943 -4.897 -7.155 -8.030 -9.132 -9.032 -10.009 -10.141 -10.603 -11.130 -11.758 -12.145 -12.765 -13.098 -13.162
2.900 0.386 3.132 -1.796 -4.744 -7.017 -7.898 -9.006 -8.907 -9.888 -10.025 -10.487 -11.017 -11.649 -12.039 -12.665 -13.002 -13.069
3.000 0.478 3.223 -1.705 -4.652 -6.926 -7.807 -8.915 -8.815 -9.797 -9.933 -10.396 -10.925 -11.557 -11.948 -12.573 -12.911 -12.978
3.100 0.564 3.309 -1.618 -4.566 -6.839 -7.720 -8.828 -8.729 -9.711 -9.847 -10.309 -10.839 -11.471 -11.861 -12.487 -12.825 -12.892
3.200 0.645 3.391 -1.537 -4.484 -6.758 -7.639 -8.747 -8.648 -9.629 -9.765 -10.228 -10.757 -11.390 -11.780 -12.405 -12.743 -12.810
3.300 0.723 3.468 -1.460 -4.407 -6.681 -7.562 -8.669 -8.570 -9.552 -9.688 -10.150 -10.680 -11.312 -11.703 -12.328 -12.666 -12.733
3.400 0.796 3.542 -1.386 -4.333 -6.607 -7.488 -8.596 -8.497 -9.478 -9.614 -10.077 -10.606 -11.239 -11.629 -12.254 -12.592 -12.659
3.500 0.866 3.612 -1.316 -4.263 -6.537 -7.418 -8.526 -8.427 -9.408 -9.544 -10.007 -10.536 -11.169 -11.559 -12.185 -12.522 -12.589
3.600 0.933 3.679 -1.249 -4.196 -6.470 -7.351 -8.459 -8.360 -9.341 -9.478 -9.940 -10.469 -11.102 -11.492 -12.118 -12.455 -12.522
3.700 0.997 3.743 -1.185 -4.132 -6.406 -7.287 -8.395 -8.296 -9.277 -9.413 -9.876 -10.405 -11.038 -11.428 -12.054 -12.391 -12.458
3.800 1.059 3.805 -1.123 -4.071 -6.344 -7.225 -8.333 -8.234 -9.216 -9.352 -9.814 -10.344 -10.976 -11.366 -11.992 -12.330 -12.397
3.900 1.118 3.864 -1.064 -4.012 -6.285 -7.166 -8.274 -8.175 -9.156 -9.293 -9.755 -10.284 -10.917 -11.307 -11.933 -12.270 -12.337
4.000 1.176 3.921 -1.007 -3.954 -6.228 -7.109 -8.217 -8.117 -9.099 -9.235 -9.698 -10.227 -10.860 -11.250 -11.875 -12.213 -12.280
4.100 1.231 3.976 -0.952 -3.899 -6.173 -7.054 -8.162 -8.062 -9.044 -9.180 -9.643 -10.172 -10.804 -11.195 -11.820 -12.158 -12.225
4.200 1.284 4.030 -0.898 -3.846 -6.119 -7.000 -8.108 -8.009 -8.991 -9.127 -9.589 -10.119 -10.751 -11.141 -11.767 -12.104 -12.171
4.300 1.336 4.082 -0.846 -3.794 -6.067 -6.948 -8.056 -7.957 -8.939 -9.075 -9.537 -10.067 -10.699 -11.089 -11.715 -12.053 -12.120
4.400 1.386 4.132 -0.796 -3.743 -6.017 -6.898 -8.006 -7.907 -8.888 -9.024 -9.487 -10.016 -10.649 -11.039 -11.665 -12.002 -12.069
4.500 1.435 4.181 -0.747 -3.694 -5.968 -6.849 -7.957 -7.858 -8.839 -8.975 -9.438 -9.967 -10.600 -10.990 -11.616 -11.953 -12.020
4.600 1.483 4.229 -0.699 -3.647 -5.920 -6.801 -7.909 -7.810 -8.791 -8.928 -9.390 -9.920 -10.552 -10.942 -11.568 -11.905 -11.972
4.700 1.530 4.275 -0.653 -3.600 -5.874 -6.755 -7.862 -7.763 -8.745 -8.881 -9.343 -9.873 -10.505 -10.896 -11.521 -11.859 -11.926
4.800 1.575 4.321 -0.607 -3.555 -5.828 -6.709 -7.817 -7.718 -8.699 -8.836 -9.298 -9.828 -10.460 -10.850 -11.476 -11.813 -11.880
4.900 1.620 4.365 -0.563 -3.510 -5.784 -6.665 -7.773 -7.673 -8.655 -8.791 -9.254 -9.783 -10.416 -10.806 -11.431 -11.769 -11.836
5.000 1.663 4.408 -0.519 -3.467 -5.740 -6.621 -7.729 -7.630 -8.612 -8.748 -9.210 -9.740 -10.372 -10.762 -11.388 -11.726 -11.793
5.100 1.705 4.451 -0.477 -3.424 -5.698 -6.579 -7.687 -7.588 -8.569 -8.705 -9.168 -9.697 -10.330 -10.720 -11.346 -11.683 -11.750
5.200 1.747 4.493 -0.435 -3.383 -5.656 -6.537 -7.645 -7.546 -8.528 -8.664 -9.126 -9.656 -10.288 -10.678 -11.304 -11.642 -11.709
5.300 1.788 4.533 -0.395 -3.342 -5.616 -6.497 -7.605 -7.505 -8.487 -8.623 -9.086 -9.615 -10.247 -10.638 -11.263 -11.601 -11.668
5.400 1.828 4.573 -0.355 -3.302 -5.576 -6.457 -7.565 -7.465 -8.447 -8.583 -9.046 -9.575 -10.207 -10.598 -11.223 -11.561 -11.628
5.500 1.867 4.612 -0.316 -3.263 -5.537 -6.418 -7.525 -7.426 -8.408 -8.544 -9.006 -9.536 -10.168 -10.559 -11.184 -11.522 -11.589
5.600 1.905 4.651 -0.277 -3.224 -5.498 -6.379 -7.487 -7.388 -8.369 -8.506 -8.968 -9.497 -10.130 -10.520 -11.146 -11.483 -11.550
5.700 1.943 4.689 -0.239 -3.187 -5.460 -6.341 -7.449 -7.350 -8.332 -8.468 -8.930 -9.460 -10.092 -10.482 -11.108 -11.445 -11.512
5.800 1.980 4.726 -0.202 -3.150 -5.423 -6.304 -7.412 -7.313 -8.294 -8.431 -8.893 -9.423 -10.055 -10.445 -11.071 -11.408 -11.475
5.900 2.017 4.762 -0.166 -3.113 -5.387 -6.268 -7.376 -7.276 -8.258 -8.394 -8.857 -9.386 -10.018 -10.409 -11.034 -11.372 -11.439
6.000 2.052 4.798 -0.130 -3.077 -5.351 -6.232 -7.340 -7.241 -8.222 -8.358 -8.821 -9.350 -9.983 -10.373 -10.999 -11.336 -11.403
6.100 2.088 4.833 -0.095 -3.042 -5.316 -6.197 -7.305 -7.205 -8.187 -8.323 -8.786 -9.315 -9.947 -10.338 -10.963 -11.301 -11.368
6.200 2.122 4.868 -0.060 -3.007 -5.281 -6.162 -7.270 -7.171 -8.152 -8.288 -8.751 -9.280 -9.913 -10.303 -10.929 -11.266 -11.333
6.300 2.156 4.902 -0.026 -2.973 -5.247 -6.128 -7.236 -7.136 -8.118 -8.254 -8.717 -9.246 -9.879 -10.269 -10.894 -11.232 -11.299
6.400 2.190 4.936 0.008 -2.940 -5.213 -6.094 -7.202 -7.103 -8.085 -8.221 -8.683 -9.213 -9.845 -10.235 -10.861 -11.198 -11.265
6.500 2.223 4.969 0.041 -2.907 -5.180 -6.061 -7.169 -7.070 -8.051 -8.188 -8.650 -9.180 -9.812 -10.202 -10.828 -11.165 -11.232
6.600 2.256 5.001 0.073 -2.874 -5.148 -6.029 -7.136 -7.037 -8.019 -8.155 -8.617 -9.147 -9.779 -10.170 -10.795 -11.133 -11.200
6.700 2.288 5.033 0.106 -2.842 -5.115 -5.996 -7.104 -7.005 -7.987 -8.123 -8.585 -9.115 -9.747 -10.137 -10.763 -11.101 -11.168
6.800 2.320 5.065 0.137 -2.810 -5.084 -5.965 -7.073 -6.973 -7.955 -8.091 -8.554 -9.083 -9.716 -10.106 -10.731 -11.069 -11.136
6.900 2.351 5.096 0.168 -2.779 -5.053 -5.934 -7.042 -6.942 -7.924 -8.060 -8.523 -9.052 -9.684 -10.075 -10.700 -11.038 -11.105
7.000 2.382 5.127 0.199 -2.748 -5.022 -5.903 -7.011 -6.911 -7.893 -8.029 -8.492 -9.021 -9.654 -10.044 -10.669 -11.007 -11.074
7.100 2.412 5.157 0.229 -2.718 -4.992 -5.873 -6.980 -6.881 -7.863 -7.999 -8.461 -8.991 -9.623 -10.014 -10.639 -10.977 -11.044
7.200 2.442 5.187 0.259 -2.688 -4.962 -5.843 -6.950 -6.851 -7.833 -7.969 -8.431 -8.961 -9.593 -9.984 -10.609 -10.947 -11.014
7.300 2.471 5.217 0.289 -2.658 -4.932 -5.813 -6.921 -6.822 -7.803 -7.940 -8.402 -8.931 -9.564 -9.954 -10.580 -10.917 -10.984
7.400 2.500 5.246 0.318 -2.629 -4.903 -5.784 -6.892 -6.793 -7.774 -7.910 -8.373 -8.902 -9.535 -9.925 -10.550 -10.888 -10.955
7.500 2.529 5.275 0.347 -2.601 -4.874 -5.755 -6.863 -6.764 -7.745 -7.882 -8.344 -8.873 -9.506 -9.896 -10.522 -10.859 -10.926
7.600 2.558 5.303 0.375 -2.572 -4.846 -5.727 -6.835 -6.735 -7.717 -7.853 -8.316 -8.845 -9.477 -9.868 -10.493 -10.831 -10.898
7.700 2.586 5.331 0.403 -2.544 -4.818 -5.699 -6.807 -6.707 -7.689 -7.825 -8.288 -8.817 -9.449 -9.840 -10.465 -10.803 -10.870
7.800 2.613 5.359 0.431 -2.516 -4.790 -5.671 -6.779 -6.680 -7.661 -7.797 -8.260 -8.789 -9.422 -9.812 -10.438 -10.775 -10.842
7.900 2.641 5.386 0.458 -2.489 -4.763 -5.644 -6.752 -6.652 -7.634 -7.770 -8.233 -8.762 -9.394 -9.785 -10.410 -10.748 -10.815
8.000 2.668 5.413 0.485 -2.462 -4.736 -5.617 -6.725 -6.625 -7.607 -7.743 -8.206 -8.735 -9.367 -9.758 -10.383 -10.721 -10.788
8.100 2.694 5.440 0.512 -2.435 -4.709 -5.590 -6.698 -6.599 -7.580 -7.716 -8.179 -8.708 -9.341 -9.731 -10.357 -10.694 -10.761
8.200 2.721 5.466 0.538 -2.409 -4.683 -5.564 -6.671 -6.572 -7.554 -7.690 -8.152 -8.682 -9.314 -9.705 -10.330 -10.668 -10.735
8.300 2.747 5.492 0.565 -2.383 -4.656 -5.537 -6.645 -6.546 -7.528 -7.664 -8.126 -8.656 -9.288 -9.678 -10.304 -10.642 -10.709
8.400 2.773 5.518 0.590 -2.357 -4.631 -5.512 -6.620 -6.520 -7.502 -7.638 -8.101 -8.630 -9.262 -9.653 -10.278 -10.616 -10.683
8.500 2.798 5.544 0.616 -2.332 -4.605 -5.486 -6.594 -6.495 -7.476 -7.613 -8.075 -8.605 -9.237 -9.627 -10.253 -10.590 -10.657
8.600 2.823 5.569 0.641 -2.306 -4.580 -5.461 -6.569 -6.470 -7.451 -7.587 -8.050 -8.579 -9.212 -9.602 -10.228 -10.565 -10.632
8.700 2.848 5.594 0.666 -2.281 -4.555 -5.436 -6.544 -6.445 -7.426 -7.563 -8.025 -8.554 -9.187 -9.577 -10.203 -10.540 -10.607
8.800 2.873 5.619 0.691 -2.257 -4.530 -5.411 -6.519 -6.420 -7.402 -7.538 -8.000 -8.530 -9.162 -9.552 -10.178 -10.516 -10.583
8.900 2.897 5.643 0.715 -2.232 -4.506 -5.387 -6.495 -6.396 -7.377 -7.513 -7.976 -8.505 -9.138 -9.528 -10.154 -10.491 -10.558
9.000 2.921 5.667 0.739 -2.208 -4.482 -5.363 -6.471 -6.372 -7.353 -7.489 -7.952 -8.481 -9.114 -9.504 -10.129 -10.467 -10.534
9.100 2.945 5.691 0.763 -2.184 -4.458 -5.339 -6.447 -6.348 -7.329 -7.465 -7.928 -8.457 -9.090 -9.480 -10.106 -10.443 -10.510
9.200 2.969 5.715 0.787 -2.161 -4.434 -5.315 -6.423 -6.324 -7.306 -7.442 -7.904 -8.434 -9.066 -9.456 -10.082 -10.420 -10.487
9.300 2.992 5.738 0.810 -2.137 -4.411 -5.292 -6.400 -6.301 -7.282 -7.418 -7.881 -8.410 -9.043 -9.433 -10.059 -10.396 -10.463
9.400 3.015 5.761 0.833 -2.114 -4.388 -5.269 -6.377 -6.277 -7.259 -7.395 -7.858 -8.387 -9.020 -9.410 -10.035 -10.373 -10.440
9.500 3.038 5.784 0.856 -2.091 -4.365 -5.246 -6.354 -6.255 -7.236 -7.372 -7.835 -8.364 -8.997 -9.387 -10.013 -10.350 -10.417
9.600 3.061 5.807 0.879 -2.069 -4.342 -5.223 -6.331 -6.232 -7.214 -7.350 -7.812 -8.342 -8.974 -9.364 -9.990 -10.327 -10.394
9.700 3.084 5.829 0.901 -2.046 -4.320 -5.201 -6.309 -6.209 -7.191 -7.327 -7.790 -8.319 -8.952 -9.342 -9.967 -10.305 -10.372
9.800 3.106 5.851 0.923 -2.024 -4.298 -5.179 -6.286 -6.187 -7.169 -7.305 -7.767 -8.297 -8.929 -9.320 -9.945 -10.283 -10.350
9.900 3.128 5.873 0.945 -2.002 -4.276 -5.157 -6.264 -6.165 -7.147 -7.283 -7.745 -8.275 -8.907 -9.298 -9.923 -10.261 -10.328
10.000 3.150 5.895 0.967 -1.980 -4.254 -5.135 -6.243 -6.143 -7.125 -7.261 -7.724 -8.253 -8.885 -9.276 -9.901 -10.239 -10.306
10.100 3.171 5.917 0.989 -1.959 -4.232 -5.113 -6.221 -6.122 -7.103 -7.240 -7.702 -8.231 -8.864 -9.254 -9.880 -10.217 -10.284
10.200 3.193 5.938 1.010 -1.937 -4.211 -5.092 -6.200 -6.100 -7.082 -7.218 -7.681 -8.210 -8.842 -9.233 -9.858 -10.196 -10.263
10.300 3.214 5.959 1.031 -1.916 -4.190 -5.071 -6.178 -6.079 -7.061 -7.197 -7.659 -8.189 -8.821 -9.212 -9.837 -10.175 -10.242
10.400 3.235 5.980 1.052 -1.895 -4.169 -5.050 -6.157 -6.058 -7.040 -7.176 -7.638 -8.168 -8.800 -9.191 -9.816 -10.154 -10.221
10.500 3.256 6.001 1.073 -1.874 -4.148 -5.029 -6.137 -6.037 -7.019 -7.155 -7.618 -8.147 -8.779 -9.170 -9.795 -10.133 -10.200
10.600 3.276 6.022 1.094 -1.853 -4.127 -5.008 -6.116 -6.017 -6.998 -7.135 -7.597 -8.126 -8.759 -9.149 -9.775 -10.112 -10.179
10.700 3.297 6.042 1.114 -1.833 -4.107 -4.988 -6.096 -5.996 -6.978 -7.114 -7.577 -8.106 -8.738 -9.129 -9.754 -10.092 -10.159
10.800 3.317 6.063 1.135 -1.813 -4.086 -4.967 -6.075 -5.976 -6.958 -7.094 -7.556 -8.086 -8.718 -9.108 -9.734 -10.072 -10.139
10.900 3.337 6.083 1.155 -1.793 -4.066 -4.947 -6.055 -5.956 -6.938 -7.074 -7.536 -8.066 -8.698 -9.088 -9.714 -10.051 -10.118
11.000 3.357 6.103 1.175 -1.773 -4.046 -4.927 -6.035 -5.936 -6.918 -7.054 -7.516 -8.046 -8.678 -9.068 -9.694 -10.032 -10.099
11.100 3.377 6.122 1.194 -1.753 -4.027 -4.908 -6.016 -5.916 -6.898 -7.034 -7.497 -8.026 -8.658 -9.049 -9.674 -10.012 -10.079
11.200 3.396 6.142 1.214 -1.733 -4.007 -4.888 -5.996 -5.897 -6.878 -7.015 -7.477 -8.006 -8.639 -9.029 -9.655 -9.992 -10.059
11.300 3.416 6.161 1.233 -1.714 -3.988 -4.869 -5.977 -5.877 -6.859 -6.995 -7.458 -7.987 -8.619 -9.010 -9.635 -9.973 -10.040
11.400 3.435 6.181 1.253 -1.695 -3.968 -4.849 -5.957 -5.858 -6.840 -6.976 -7.438 -7.968 -8.600 -8.990 -9.616 -9.954 -10.021
11.500 3.454 6.200 1.272 -1.676 -3.949 -4.830 -5.938 -5.839 -6.821 -6.957 -7.419 -7.949 -8.581 -8.971 -9.597 -9.934 -10.002
11.600 3.473 6.219 1.291 -1.657 -3.930 -4.811 -5.919 -5.820 -6.802 -6.938 -7.400 -7.930 -8.562 -8.952 -9.578 -9.916 -9.983
11.700 3.492 6.237 1.309 -1.638 -3.912 -4.793 -5.901 -5.801 -6.783 -6.919 -7.382 -7.911 -8.543 -8.934 -9.559 -9.897 -9.964
11.800 3.510 6.256 1.328 -1.619 -3.893 -4.774 -5.882 -5.783 -6.764 -6.900 -7.363 -7.892 -8.525 -8.915 -9.541 -9.878 -9.945
11.900 3.529 6.274 1.346 -1.601 -3.875 -4.756 -5.863 -5.764 -6.746 -6.882 -7.344 -7.874 -8.506 -8.897 -9.522 -9.860 -9.927
12.000 3.547 6.293 1.365 -1.583 -3.856 -4.737 -5.845 -5.746 -6.728 -6.864 -7.326 -7.856 -8.488 -8.878 -9.504 -9.841 -9.908
12.100 3.565 6.311 1.383 -1.564 -3.838 -4.719 -5.827 -5.728 -6.709 -6.846 -7.308 -7.837 -8.470 -8.860 -9.486 -9.823 -9.890
12.200 3.583 6.329 1.401 -1.546 -3.820 -4.701 -5.809 -5.710 -6.691 -6.827 -7.290 -7.819 -8.452 -8.842 -9.468 -9.805 -9.872
12.300 3.601 6.347 1.419 -1.529 -3.802 -4.683 -5.791 -5.692 -6.673 -6.810 -7.272 -7.801 -8.434 -8.824 -9.450 -9.787 -9.854
12.400 3.619 6.365 1.437 -1.511 -3.784 -4.665 -5.773 -5.674 -6.656 -6.792 -7.254 -7.784 -8.416 -8.806 -9.432 -9.770 -9.837
12.500 3.637 6.382 1.454 -1.493 -3.767 -4.648 -5.756 -5.656 -6.638 -6.774 -7.237 -7.766 -8.398 -8.789 -9.414 -9.752 -9.819
12.600 3.654 6.400 1.472 -1.476 -3.749 -4.630 -5.738 -5.639 -6.621 -6.757 -7.219 -7.749 -8.381 -8.771 -9.397 -9.734 -9.801
12.700 3.671 6.417 1.489 -1.458 -3.732 -4.613 -5.721 -5.622 -6.603 -6.739 -7.202 -7.731 -8.364 -8.754 -9.379 -9.717 -9.784
12.800 3.689 6.434 1.506 -1.441 -3.715 -4.596 -5.704 -5.604 -6.586 -6.722 -7.185 -7.714 -8.346 -8.737 -9.362 -9.700 -9.767
12.900 3.706 6.451 1.523 -1.424 -3.698 -4.579 -5.686 -5.587 -6.569 -6.705 -7.167 -7.697 -8.329 -8.720 -9.345 -9.683 -9.750
13.000 3.723 6.468 1.540 -1.407 -3.681 -4.562 -5.669 -5.570 -6.552 -6.688 -7.150 -7.680 -8.312 -8.703 -9.328 -9.666 -9.733
13.100 3.740 6.485 1.557 -1.390 -3.664 -4.545 -5.653 -5.553 -6.535 -6.671 -7.134 -7.663 -8.295 -8.686 -9.311 -9.649 -9.716
13.200 3.756 6.502 1.574 -1.373 -3.647 -4.528 -5.636 -5.537 -6.518 -6.654 -7.117 -7.646 -8.279 -8.669 -9.295 -9.632 -9.699
13.300 3.773 6.519 1.591 -1.357 -3.630 -4.511 -5.619 -5.520 -6.502 -6.638 -7.100 -7.630 -8.262 -8.652 -9.278 -9.616 -9.683
13.400 3.789 6.535 1.607 -1.340 -3.614 -4.495 -5.603 -5.504 -6.485 -6.621 -7.084 -7.613 -8.246 -8.636 -9.261 -9.599 -9.666
13.500 3.806 6.551 1.623 -1.324 -3.598 -4.479 -5.586 -5.487 -6.469 -6.605 -7.067 -7.597 -8.229 -8.620 -9.245 -9.583 -9.650
13.600 3.822 6.568 1.640 -1.308 -3.581 -4.462 -5.570 -5.471 -6.453 -6.589 -7.051 -7.581 -8.213 -8.603 -9.229 -9.566 -9.633
13.700 3.838 6.584 1.656 -1.291 -3.565 -4.446 -5.554 -5.455 -6.436 -6.573 -7.035 -7.564 -8.197 -8.587 -9.213 -9.550 -9.617
13.800 3.854 6.600 1.672 -1.275 -3.549 -4.430 -5.538 -5.439 -6.420 -6.557 -7.019 -7.548 -8.181 -8.571 -9.197 -9.534 -9.601
13.900 3.870 6.616 1.688 -1.260 -3.533 -4.414 -5.522 -5.423 -6.404 -6.541 -7.003 -7.532 -8.165 -8.555 -9.181 -9.518 -9.585
14.000 3.886 6.632 1.704 -1.244 -3.517 -4.398 -5.506 -5.407 -6.389 -6.525 -6.987 -7.517 -8.149 -8.539 -9.165 -9.502 -9.570
14.100 3.902 6.647 1.719 -1.228 -3.502 -4.383 -5.491 -5.391 -6.373 -6.509 -6.972 -7.501 -8.133 -8.524 -9.149 -9.487 -9.554
14.200 3.917 6.663 1.735 -1.212 -3.486 -4.367 -5.475 -5.376 -6.357 -6.493 -6.956 -7.485 -8.118 -8.508 -9.134 -9.471 -9.538
14.300 3.933 6.678 1.750 -1.197 -3.471 -4.352 -5.459 -5.360 -6.342 -6.478 -6.940 -7.470 -8.102 -8.493 -9.118 -9.456 -9.523
14.400 3.948 6.694 1.766 -1.182 -3.455 -4.336 -5.444 -5.345 -6.326 -6.463 -6.925 -7.454 -8.087 -8.477 -9.103 -9.440 -9.507
14.500 3.964 6.709 1.781 -1.166 -3.440 -4.321 -5.429 -5.329 -6.311 -6.447 -6.910 -7.439 -8.072 -8.462 -9.087 -9.425 -9.492
14.600 3.979 6.724 1.796 -1.151 -3.425 -4.306 -5.414 -5.314 -6.296 -6.432 -6.895 -7.424 -8.056 -8.447 -9.072 -9.410 -9.477
14.700 3.994 6.739 1.811 -1.136 -3.410 -4.291 -5.398 -5.299 -6.281 -6.417 -6.879 -7.409 -8.041 -8.432 -9.057 -9.395 -9.462
14.800 4.009 6.754 1.826 -1.121 -3.395 -4.276 -5.383 -5.284 -6.266 -6.402 -6.864 -7.394 -8.026 -8.417 -9.042 -9.380 -9.447
14.900 4.024 6.769 1.841 -1.106 -3.380 -4.261 -5.369 -5.269 -6.251 -6.387 -6.849 -7.379 -8.011 -8.402 -9.027 -9.365 -9.432
15.000 4.039 6.784 1.856 -1.091 -3.365 -4.246 -5.354 -5.254 -6.236 -6.372 -6.835 -7.364 -7.997 -8.387 -9.012 -9.350 -9.417
