# day W2 M2 W1 u B g V c r w o i z y J H K
0.000 -10.999 -10.793 -10.588 -9.727 -9.359 -9.180 -8.867 -8.992 -8.610 -8.795 -8.469 -8.187 -7.872 -7.628 -7.135 -6.499 -5.912
0.100 -15.482 -15.496 -15.427 -15.109 -14.895 -14.781 -14.576 -14.653 -14.395 -14.505 -14.291 -14.082 -13.836 -13.640 -13.235 -12.685 -12.162
0.200 -15.102 -15.293 -15.369 -15.468 -15.375 -15.309 -15.180 -15.226 -15.049 -15.114 -14.971 -14.806 -14.601 -14.433 -14.078 -13.575 -13.087
0.300 -14.475 -14.793 -15.009 -15.452 -15.470 -15.450 -15.391 -15.409 -15.308 -15.335 -15.254 -15.129 -14.963 -14.820 -14.509 -14.049 -13.592
0.400 -13.734 -14.146 -14.500 -15.242 -15.371 -15.397 -15.407 -15.400 -15.373 -15.367 -15.344 -15.261 -15.135 -15.017 -14.753 -14.335 -13.909
0.500 -12.844 -13.332 -13.837 -14.874 -15.121 -15.196 -15.279 -15.248 -15.298 -15.263 -15.299 -15.261 -15.178 -15.090 -14.877 -14.506 -14.112
0.600 -11.819 -12.360 -13.036 -14.368 -14.744 -14.873 -15.036 -14.981 -15.115 -15.054 -15.149 -15.159 -15.126 -15.070 -14.916 -14.598 -14.241
0.700 -10.701 -11.256 -12.108 -13.724 -14.241 -14.431 -14.680 -14.603 -14.827 -14.745 -14.901 -14.964 -14.988 -14.971 -14.883 -14.626 -14.312
0.800 -9.659 -10.186 -11.154 -12.977 -13.635 -13.889 -14.227 -14.131 -14.447 -14.356 -14.568 -14.689 -14.778 -14.804 -14.794 -14.604 -14.335
0.900 -8.867 -9.375 -10.334 -12.210 -12.972 -13.282 -13.703 -13.594 -13.997 -13.907 -14.167 -14.348 -14.507 -14.581 -14.657 -14.541 -14.319
1.000 -8.307 -8.834 -9.746 -11.549 -12.339 -12.679 -13.155 -13.043 -13.512 -13.436 -13.731 -13.964 -14.195 -14.319 -14.487 -14.450 -14.279
1.100 -7.843 -8.395 -9.314 -11.063 -11.811 -12.149 -12.641 -12.534 -13.035 -12.982 -13.294 -13.568 -13.863 -14.035 -14.294 -14.339 -14.221
1.200 -7.390 -7.953 -8.933 -10.713 -11.417 -11.735 -12.211 -12.111 -12.612 -12.581 -12.895 -13.191 -13.536 -13.750 -14.094 -14.217 -14.152
1.300 -6.919 -7.478 -8.547 -10.417 -11.115 -11.419 -11.873 -11.777 -12.263 -12.243 -12.552 -12.856 -13.233 -13.478 -13.894 -14.089 -14.076
1.400 -6.423 -6.962 -8.140 -10.128 -10.864 -11.175 -11.632 -11.534 -12.019 -12.001 -12.310 -12.616 -13.007 -13.268 -13.721 -13.955 -13.969
1.500 -5.900 -6.402 -7.703 -9.821 -10.620 -10.953 -11.434 -11.331 -11.832 -11.812 -12.128 -12.439 -12.836 -13.103 -13.572 -13.825 -13.854
1.600 -5.352 -5.798 -7.237 -9.487 -10.370 -10.738 -11.260 -11.151 -11.687 -11.666 -11.997 -12.319 -12.722 -12.989 -13.455 -13.704 -13.729
1.700 -4.782 -5.150 -6.742 -9.123 -10.097 -10.502 -11.071 -10.957 -11.532 -11.514 -11.860 -12.197 -12.611 -12.883 -13.350 -13.596 -13.620
1.800 -4.193 -4.458 -6.222 -8.728 -9.801 -10.247 -10.867 -10.749 -11.367 -11.354 -11.716 -12.072 -12.501 -12.779 -13.252 -13.499 -13.522
1.900 -3.593 -3.721 -5.679 -8.304 -9.485 -9.976 -10.650 -10.529 -11.192 -11.188 -11.567 -11.943 -12.391 -12.678 -13.160 -13.410 -13.432
2.000 -2.990 -2.947 -5.123 -7.857 -9.154 -9.693 -10.425 -10.302 -11.011 -11.019 -11.413 -11.810 -12.279 -12.577 -13.071 -13.325 -13.349
2.100 -2.391 -2.133 -4.560 -7.389 -8.813 -9.402 -10.192 -10.069 -10.824 -10.846 -11.254 -11.673 -12.165 -12.475 -12.982 -13.243 -13.270
2.200 -1.809 -1.284 -4.001 -6.908 -8.467 -9.108 -9.958 -9.836 -10.636 -10.674 -11.095 -11.534 -12.050 -12.372 -12.895 -13.164 -13.193
2.300 -1.258 -0.411 -3.463 -6.425 -8.126 -8.819 -9.725 -9.606 -10.448 -10.504 -10.936 -11.395 -11.933 -12.267 -12.807 -13.085 -13.118
2.400 -0.756 0.467 -2.963 -5.957 -7.800 -8.542 -9.502 -9.386 -10.265 -10.338 -10.779 -11.256 -11.816 -12.162 -12.718 -13.005 -13.044
2.500 -0.314 1.324 -2.517 -5.520 -7.497 -8.283 -9.289 -9.177 -10.088 -10.178 -10.627 -11.119 -11.698 -12.055 -12.628 -12.925 -12.969
2.600 0.060 2.112 -2.137 -5.132 -7.224 -8.046 -9.091 -8.983 -9.921 -10.026 -10.480 -10.985 -11.582 -11.949 -12.536 -12.844 -12.893
2.700 0.363 2.763 -1.827 -4.805 -6.985 -7.836 -8.910 -8.805 -9.763 -9.881 -10.339 -10.855 -11.466 -11.842 -12.444 -12.762 -12.817
2.800 0.604 3.236 -1.581 -4.541 -6.781 -7.651 -8.746 -8.644 -9.616 -9.745 -10.206 -10.729 -11.353 -11.737 -12.351 -12.679 -12.740
2.900 0.794 3.540 -1.388 -4.336 -6.609 -7.490 -8.598 -8.499 -9.481 -9.617 -10.079 -10.609 -11.241 -11.631 -12.257 -12.595 -12.662
3.000 0.882 3.628 -1.300 -4.248 -6.521 -7.402 -8.510 -8.411 -9.393 -9.529 -9.991 -10.521 -11.153 -11.543 -12.169 -12.506 -12.573
3.100 0.970 3.715 -1.213 -4.160 -6.434 -7.315 -8.423 -8.323 -9.305 -9.441 -9.904 -10.433 -11.066 -11.456 -12.081 -12.419 -12.486
3.200 1.056 3.802 -1.126 -4.073 -6.347 -7.228 -8.336 -8.237 -9.218 -9.354 -9.817 -10.346 -10.979 -11.369 -11.995 -12.332 -12.399
3.300 1.143 3.888 -1.040 -3.987 -6.261 -7.142 -8.250 -8.150 -9.132 -9.268 -9.731 -10.260 -10.892 -11.283 -11.908 -12.246 -12.313
3.400 1.228 3.974 -0.954 -3.902 -6.175 -7.056 -8.164 -8.065 -9.046 -9.183 -9.645 -10.175 -10.807 -11.197 -11.823 -12.160 -12.227
3.500 1.313 4.058 -0.870 -3.817 -6.090 -6.971 -8.079 -7.980 -8.962 -9.098 -9.560 -10.090 -10.722 -11.113 -11.738 -12.076 -12.143
3.600 1.397 4.142 -0.786 -3.733 -6.007 -6.888 -7.996 -7.896 -8.878 -9.014 -9.477 -10.006 -10.638 -11.029 -11.654 -11.992 -12.059
3.700 1.479 4.224 -0.704 -3.651 -5.925 -6.806 -7.913 -7.814 -8.796 -8.932 -9.394 -9.924 -10.556 -10.947 -11.572 -11.910 -11.977
3.800 1.560 4.305 -0.623 -3.570 -5.844 -6.725 -7.833 -7.733 -8.715 -8.851 -9.314 -9.843 -10.475 -10.866 -11.491 -11.829 -11.896
3.900 1.639 4.385 -0.543 -3.491 -5.764 -6.645 -7.753 -7.654 -8.636 -8.772 -9.234 -9.764 -10.396 -10.786 -11.412 -11.750 -11.817
4.000 1.717 4.462 -0.466 -3.413 -5.687 -6.568 -7.676 -7.576 -8.558 -8.694 -9.157 -9.686 -10.318 -10.709 -11.334 -11.672 -11.739
4.100 1.792 4.538 -0.390 -3.337 -5.611 -6.492 -7.600 -7.501 -8.482 -8.619 -9.081 -9.610 -10.243 -10.633 -11.259 -11.596 -11.663
4.200 1.866 4.612 -0.316 -3.264 -5.537 -6.418 -7.526 -7.427 -8.409 -8.545 -9.007 -9.537 -10.169 -10.559 -11.185 -11.522 -11.589
4.300 1.938 4.683 -0.245 -3.192 -5.466 -6.347 -7.454 -7.355 -8.337 -8.473 -8.935 -9.465 -10.097 -10.488 -11.113 -11.451 -11.518
4.400 2.007 4.753 -0.175 -3.122 -5.396 -6.277 -7.385 -7.286 -8.267 -8.403 -8.866 -9.395 -10.028 -10.418 -11.044 -11.381 -11.448
4.500 2.075 4.820 -0.108 -3.055 -5.329 -6.210 -7.318 -7.218 -8.200 -8.336 -8.799 -9.328 -9.960 -10.351 -10.976 -11.314 -11.381
4.600 2.140 4.885 -0.043 -2.990 -5.264 -6.145 -7.252 -7.153 -8.135 -8.271 -8.733 -9.263 -9.895 -10.286 -10.911 -11.249 -11.316
4.700 2.203 4.948 0.021 -2.927 -5.200 -6.081 -7.189 -7.090 -8.072 -8.208 -8.670 -9.200 -9.832 -10.222 -10.848 -11.186 -11.253
4.800 2.264 5.009 0.081 -2.866 -5.140 -6.021 -7.129 -7.029 -8.011 -8.147 -8.610 -9.139 -9.771 -10.162 -10.787 -11.125 -11.192
4.900 2.322 5.068 0.140 -2.807 -5.081 -5.962 -7.070 -6.971 -7.952 -8.088 -8.551 -9.080 -9.713 -10.103 -10.728 -11.066 -11.133
5.000 2.379 5.125 0.197 -2.750 -5.024 -5.905 -7.013 -6.914 -7.895 -8.032 -8.494 -9.023 -9.656 -10.046 -10.672 -11.009 -11.076
5.100 2.434 5.180 0.252 -2.696 -4.969 -5.850 -6.958 -6.859 -7.841 -7.977 -8.439 -8.969 -9.601 -9.991 -10.617 -10.954 -11.021
5.200 2.487 5.233 0.305 -2.643 -4.916 -5.797 -6.905 -6.806 -7.787 -7.924 -8.386 -8.916 -9.548 -9.938 -10.564 -10.901 -10.968
5.300 2.538 5.284 0.356 -2.591 -4.865 -5.746 -6.854 -6.755 -7.736 -7.872 -8.335 -8.864 -9.497 -9.887 -10.513 -10.850 -10.917
5.400 2.588 5.334 0.406 -2.542 -4.815 -5.696 -6.804 -6.705 -7.687 -7.823 -8.285 -8.815 -9.447 -9.837 -10.463 -10.800 -10.867
5.500 2.636 5.382 0.454 -2.494 -4.767 -5.648 -6.756 -6.657 -7.638 -7.775 -8.237 -8.766 -9.399 -9.789 -10.415 -10.752 -10.819
5.600 2.683 5.429 0.501 -2.447 -4.720 -5.601 -6.709 -6.610 -7.592 -7.728 -8.190 -8.720 -9.352 -9.742 -10.368 -10.706 -10.773
5.700 2.728 5.474 0.546 -2.401 -4.675 -5.556 -6.664 -6.565 -7.546 -7.683 -8.145 -8.674 -9.307 -9.697 -10.323 -10.660 -10.727
5.800 2.772 5.518 0.590 -2.357 -4.631 -5.512 -6.620 -6.521 -7.502 -7.638 -8.101 -8.630 -9.263 -9.653 -10.279 -10.616 -10.683
5.900 2.815 5.561 0.633 -2.314 -4.588 -5.469 -6.577 -6.478 -7.459 -7.595 -8.058 -8.587 -9.220 -9.610 -10.235 -10.573 -10.640
6.000 2.857 5.603 0.675 -2.272 -4.546 -5.427 -6.535 -6.436 -7.417 -7.553 -8.016 -8.545 -9.178 -9.568 -10.194 -10.531 -10.598
6.100 2.898 5.644 0.716 -2.231 -4.505 -5.386 -6.494 -6.395 -7.376 -7.513 -7.975 -8.504 -9.137 -9.527 -10.153 -10.490 -10.557
6.200 2.938 5.684 0.756 -2.191 -4.465 -5.346 -6.454 -6.355 -7.336 -7.473 -7.935 -8.464 -9.097 -9.487 -10.113 -10.450 -10.517
6.300 2.977 5.723 0.795 -2.152 -4.426 -5.307 -6.415 -6.316 -7.297 -7.433 -7.896 -8.425 -9.058 -9.448 -10.073 -10.411 -10.478
6.400 3.016 5.761 0.833 -2.114 -4.388 -5.269 -6.376 -6.277 -7.259 -7.395 -7.857 -8.387 -9.019 -9.410 -10.035 -10.373 -10.440
6.500 3.053 5.799 0.871 -2.076 -4.350 -5.231 -6.339 -6.240 -7.221 -7.357 -7.820 -8.349 -8.982 -9.372 -9.998 -10.335 -10.402
6.600 3.090 5.836 0.908 -2.040 -4.313 -5.194 -6.302 -6.203 -7.184 -7.321 -7.783 -8.313 -8.945 -9.335 -9.961 -10.298 -10.365
6.700 3.126 5.872 0.944 -2.003 -4.277 -5.158 -6.266 -6.167 -7.148 -7.284 -7.747 -8.276 -8.909 -9.299 -9.925 -10.262 -10.329
6.800 3.162 5.907 0.979 -1.968 -4.242 -5.123 -6.230 -6.131 -7.113 -7.249 -7.711 -8.241 -8.873 -9.264 -9.889 -10.227 -10.294
6.900 3.197 5.942 1.014 -1.933 -4.207 -5.088 -6.195 -6.096 -7.078 -7.214 -7.676 -8.206 -8.838 -9.229 -9.854 -10.192 -10.259
7.000 3.231 5.977 1.049 -1.899 -4.172 -5.053 -6.161 -6.062 -7.044 -7.180 -7.642 -8.172 -8.804 -9.194 -9.820 -10.157 -10.224
7.100 3.265 6.010 1.083 -1.865 -4.138 -5.019 -6.127 -6.028 -7.010 -7.146 -7.608 -8.138 -8.770 -9.160 -9.786 -10.124 -10.191
7.200 3.298 6.044 1.116 -1.832 -4.105 -4.986 -6.094 -5.995 -6.976 -7.113 -7.575 -8.105 -8.737 -9.127 -9.753 -10.090 -10.157
7.300 3.331 6.076 1.149 -1.799 -4.072 -4.953 -6.061 -5.962 -6.944 -7.080 -7.542 -8.072 -8.704 -9.094 -9.720 -10.058 -10.125
7.400 3.363 6.109 1.181 -1.767 -4.040 -4.921 -6.029 -5.930 -6.911 -7.048 -7.510 -8.040 -8.672 -9.062 -9.688 -10.025 -10.092
7.500 3.395 6.140 1.213 -1.735 -4.008 -4.889 -5.997 -5.898 -6.880 -7.016 -7.478 -8.008 -8.640 -9.030 -9.656 -9.994 -10.061
7.600 3.426 6.172 1.244 -1.704 -3.977 -4.858 -5.966 -5.867 -6.848 -6.985 -7.447 -7.976 -8.609 -8.999 -9.625 -9.962 -10.029
7.700 3.457 6.203 1.275 -1.673 -3.946 -4.827 -5.935 -5.836 -6.817 -6.954 -7.416 -7.946 -8.578 -8.968 -9.594 -9.931 -9.998
7.800 3.488 6.233 1.305 -1.642 -3.916 -4.797 -5.905 -5.805 -6.787 -6.923 -7.386 -7.915 -8.548 -8.938 -9.563 -9.901 -9.968
7.900 3.518 6.263 1.335 -1.612 -3.886 -4.767 -5.875 -5.775 -6.757 -6.893 -7.356 -7.885 -8.517 -8.908 -9.533 -9.871 -9.938
8.000 3.547 6.293 1.365 -1.582 -3.856 -4.737 -5.845 -5.746 -6.727 -6.864 -7.326 -7.855 -8.488 -8.878 -9.504 -9.841 -9.908
8.100 3.577 6.322 1.394 -1.553 -3.827 -4.708 -5.816 -5.716 -6.698 -6.834 -7.297 -7.826 -8.459 -8.849 -9.474 -9.812 -9.879
8.200 3.605 6.351 1.423 -1.524 -3.798 -4.679 -5.787 -5.688 -6.669 -6.805 -7.268 -7.797 -8.430 -8.820 -9.446 -9.783 -9.850
8.300 3.634 6.379 1.452 -1.496 -3.769 -4.650 -5.758 -5.659 -6.641 -6.777 -7.239 -7.769 -8.401 -8.791 -9.417 -9.755 -9.822
8.400 3.662 6.408 1.480 -1.468 -3.741 -4.622 -5.730 -5.631 -6.613 -6.749 -7.211 -7.741 -8.373 -8.763 -9.389 -9.726 -9.793
8.500 3.690 6.435 1.507 -1.440 -3.714 -4.595 -5.702 -5.603 -6.585 -6.721 -7.183 -7.713 -8.345 -8.736 -9.361 -9.699 -9.766
8.600 3.717 6.463 1.535 -1.412 -3.686 -4.567 -5.675 -5.576 -6.557 -6.694 -7.156 -7.685 -8.318 -8.708 -9.334 -9.671 -9.738
8.700 3.744 6.490 1.562 -1.385 -3.659 -4.540 -5.648 -5.549 -6.530 -6.666 -7.129 -7.658 -8.291 -8.681 -9.307 -9.644 -9.711
8.800 3.771 6.517 1.589 -1.359 -3.632 -4.513 -5.621 -5.522 -6.503 -6.640 -7.102 -7.631 -8.264 -8.654 -9.280 -9.617 -9.684
8.900 3.798 6.543 1.615 -1.332 -3.606 -4.487 -5.595 -5.495 -6.477 -6.613 -7.076 -7.605 -8.237 -8.628 -9.253 -9.591 -9.658
9.000 3.824 6.569 1.642 -1.306 -3.579 -4.460 -5.568 -5.469 -6.451 -6.587 -7.049 -7.579 -8.211 -8.601 -9.227 -9.565 -9.632
9.100 3.850 6.595 1.667 -1.280 -3.554 -4.435 -5.542 -5.443 -6.425 -6.561 -7.023 -7.553 -8.185 -8.576 -9.201 -9.539 -9.606
9.200 3.875 6.621 1.693 -1.254 -3.528 -4.409 -5.517 -5.418 -6.399 -6.535 -6.998 -7.527 -8.160 -8.550 -9.176 -9.513 -9.580
9.300 3.901 6.646 1.718 -1.229 -3.503 -4.384 -5.492 -5.392 -6.374 -6.510 -6.973 -7.502 -8.134 -8.525 -9.150 -9.488 -9.555
9.400 3.926 6.671 1.743 -1.204 -3.478 -4.359 -5.467 -5.367 -6.349 -6.485 -6.948 -7.477 -8.109 -8.500 -9.125 -9.463 -9.530
9.500 3.950 6.696 1.768 -1.179 -3.453 -4.334 -5.442 -5.343 -6.324 -6.460 -6.923 -7.452 -8.085 -8.475 -9.100 -9.438 -9.505
9.600 3.975 6.721 1.793 -1.155 -3.428 -4.309 -5.417 -5.318 -6.300 -6.436 -6.898 -7.428 -8.060 -8.450 -9.076 -9.414 -9.481
9.700 3.999 6.745 1.817 -1.131 -3.404 -4.285 -5.393 -5.294 -6.275 -6.412 -6.874 -7.404 -8.036 -8.426 -9.052 -9.389 -9.456
9.800 4.023 6.769 1.841 -1.107 -3.380 -4.261 -5.369 -5.270 -6.252 -6.388 -6.850 -7.380 -8.012 -8.402 -9.028 -9.365 -9.432
9.900 4.047 6.792 1.864 -1.083 -3.357 -4.238 -5.345 -5.246 -6.228 -6.364 -6.826 -7.356 -7.988 -8.379 -9.004 -9.342 -9.409
10.000 4.070 6.816 1.888 -1.059 -3.333 -4.214 -5.322 -5.223 -6.204 -6.341 -6.803 -7.332 -7.965 -8.355 -8.981 -9.318 -9.385
10.100 4.094 6.839 1.911 -1.036 -3.310 -4.191 -5.299 -5.199 -6.181 -6.317 -6.780 -7.309 -7.942 -8.332 -8.957 -9.295 -9.362
10.200 4.117 6.862 1.934 -1.013 -3.287 -4.168 -5.276 -5.176 -6.158 -6.294 -6.757 -7.286 -7.919 -8.309 -8.934 -9.272 -9.339
10.300 4.139 6.885 1.957 -0.990 -3.264 -4.145 -5.253 -5.154 -6.135 -6.272 -6.734 -7.263 -7.896 -8.286 -8.912 -9.249 -9.316
10.400 4.162 6.907 1.979 -0.968 -3.242 -4.123 -5.230 -5.131 -6.113 -6.249 -6.711 -7.241 -7.873 -8.264 -8.889 -9.227 -9.294
10.500 4.184 6.930 2.002 -0.946 -3.219 -4.100 -5.208 -5.109 -6.090 -6.227 -6.689 -7.219 -7.851 -8.241 -8.867 -9.204 -9.271
10.600 4.206 6.952 2.024 -0.924 -3.197 -4.078 -5.186 -5.087 -6.068 -6.205 -6.667 -7.196 -7.829 -8.219 -8.845 -9.182 -9.249
10.700 4.228 6.974 2.046 -0.902 -3.175 -4.056 -5.164 -5.065 -6.047 -6.183 -6.645 -7.175 -7.807 -8.197 -8.823 -9.160 -9.227
10.800 4.250 6.995 2.067 -0.880 -3.154 -4.035 -5.142 -5.043 -6.025 -6.161 -6.623 -7.153 -7.785 -8.176 -8.801 -9.139 -9.206
10.900 4.271 7.017 2.089 -0.858 -3.132 -4.013 -5.121 -5.022 -6.003 -6.140 -6.602 -7.131 -7.764 -8.154 -8.780 -9.117 -9.184
11.000 4.293 7.038 2.110 -0.837 -3.111 -3.992 -5.100 -5.000 -5.982 -6.118 -6.581 -7.110 -7.743 -8.133 -8.758 -9.096 -9.163
11.100 4.314 7.059 2.131 -0.816 -3.090 -3.971 -5.079 -4.979 -5.961 -6.097 -6.560 -7.089 -7.721 -8.112 -8.737 -9.075 -9.142
11.200 4.334 7.080 2.152 -0.795 -3.069 -3.950 -5.058 -4.959 -5.940 -6.076 -6.539 -7.068 -7.701 -8.091 -8.716 -9.054 -9.121
11.300 4.355 7.101 2.173 -0.775 -3.048 -3.929 -5.037 -4.938 -5.919 -6.056 -6.518 -7.048 -7.680 -8.070 -8.696 -9.033 -9.100
11.400 4.376 7.121 2.193 -0.754 -3.028 -3.909 -5.017 -4.917 -5.899 -6.035 -6.498 -7.027 -7.659 -8.050 -8.675 -9.013 -9.080
11.500 4.396 7.142 2.214 -0.734 -3.007 -3.888 -4.996 -4.897 -5.879 -6.015 -6.477 -7.007 -7.639 -8.029 -8.655 -8.993 -9.060
11.600 4.416 7.162 2.234 -0.714 -2.987 -3.868 -4.976 -4.877 -5.859 -5.995 -6.457 -6.987 -7.619 -8.009 -8.635 -8.972 -9.039
11.700 4.436 7.182 2.254 -0.694 -2.967 -3.848 -4.956 -4.857 -5.839 -5.975 -6.437 -6.967 -7.599 -7.989 -8.615 -8.952 -9.019
11.800 4.456 7.201 2.273 -0.674 -2.948 -3.829 -4.936 -4.837 -5.819 -5.955 -6.417 -6.947 -7.579 -7.970 -8.595 -8.933 -9.000
11.900 4.475 7.221 2.293 -0.654 -2.928 -3.809 -4.917 -4.818 -5.799 -5.935 -6.398 -6.927 -7.560 -7.950 -8.575 -8.913 -8.980
12.000 4.495 7.240 2.313 -0.635 -2.908 -3.789 -4.897 -4.798 -5.780 -5.916 -6.378 -6.908 -7.540 -7.930 -8.556 -8.894 -8.961
12.100 4.514 7.260 2.332 -0.616 -2.889 -3.770 -4.878 -4.779 -5.760 -5.897 -6.359 -6.888 -7.521 -7.911 -8.537 -8.874 -8.941
12.200 4.533 7.279 2.351 -0.596 -2.870 -3.751 -4.859 -4.760 -5.741 -5.877 -6.340 -6.869 -7.502 -7.892 -8.518 -8.855 -8.922
12.300 4.552 7.298 2.370 -0.577 -2.851 -3.732 -4.840 -4.741 -5.722 -5.859 -6.321 -6.850 -7.483 -7.873 -8.499 -8.836 -8.903
12.400 4.571 7.317 2.389 -0.559 -2.832 -3.713 -4.821 -4.722 -5.704 -5.840 -6.302 -6.832 -7.464 -7.854 -8.480 -8.817 -8.884
12.500 4.590 7.335 2.407 -0.540 -2.814 -3.695 -4.802 -4.703 -5.685 -5.821 -6.283 -6.813 -7.445 -7.836 -8.461 -8.799 -8.866
12.600 4.608 7.354 2.426 -0.521 -2.795 -3.676 -4.784 -4.685 -5.666 -5.803 -6.265 -6.794 -7.427 -7.817 -8.443 -8.780 -8.847
12.700 4.627 7.372 2.444 -0.503 -2.777 -3.658 -4.766 -4.666 -5.648 -5.784 -6.247 -6.776 -7.408 -7.799 -8.424 -8.762 -8.829
12.800 4.645 7.390 2.462 -0.485 -2.759 -3.640 -4.747 -4.648 -5.630 -5.766 -6.228 -6.758 -7.390 -7.781 -8.406 -8.744 -8.811
12.900 4.663 7.408 2.480 -0.467 -2.740 -3.621 -4.729 -4.630 -5.612 -5.748 -6.210 -6.740 -7.372 -7.762 -8.388 -8.726 -8.793
13.000 4.681 7.426 2.498 -0.449 -2.723 -3.604 -4.711 -4.612 -5.594 -5.730 -6.192 -6.722 -7.354 -7.745 -8.370 -8.708 -8.775
13.100 4.699 7.444 2.516 -0.431 -2.705 -3.586 -4.694 -4.594 -5.576 -5.712 -6.175 -6.704 -7.337 -7.727 -8.352 -8.690 -8.757
13.200 4.716 7.462 2.534 -0.414 -2.687 -3.568 -4.676 -4.577 -5.558 -5.695 -6.157 -6.686 -7.319 -7.709 -8.335 -8.672 -8.739
13.300 4.734 7.479 2.551 -0.396 -2.670 -3.551 -4.659 -4.559 -5.541 -5.677 -6.140 -6.669 -7.301 -7.692 -8.317 -8.655 -8.722
13.400 4.751 7.497 2.569 -0.379 -2.652 -3.533 -4.641 -4.542 -5.524 -5.660 -6.122 -6.652 -7.284 -7.674 -8.300 -8.637 -8.704
13.500 4.768 7.514 2.586 -0.361 -2.635 -3.516 -4.624 -4.525 -5.506 -5.642 -6.105 -6.634 -7.267 -7.657 -8.283 -8.620 -8.687
13.600 4.785 7.531 2.603 -0.344 -2.618 -3.499 -4.607 -4.508 -5.489 -5.625 -6.088 -6.617 -7.250 -7.640 -8.265 -8.603 -8.670
13.700 4.802 7.548 2.620 -0.327 -2.601 -3.482 -4.590 -4.491 -5.472 -5.608 -6.071 -6.600 -7.233 -7.623 -8.248 -8.586 -8.653
13.800 4.819 7.565 2.637 -0.310 -2.584 -3.465 -4.573 -4.474 -5.455 -5.591 -6.054 -6.583 -7.216 -7.606 -8.232 -8.569 -8.636
13.900 4.836 7.582 2.654 -0.294 -2.567 -3.448 -4.556 -4.457 -5.439 -5.575 -6.037 -6.567 -7.199 -7.589 -8.215 -8.552 -8.619
14.000 4.853 7.598 2.670 -0.277 -2.551 -3.432 -4.540 -4.440 -5.422 -5.558 -6.021 -6.550 -7.182 -7.573 -8.198 -8.536 -8.603
14.100 4.869 7.615 2.687 -0.261 -2.534 -3.415 -4.523 -4.424 -5.405 -5.542 -6.004 -6.534 -7.166 -7.556 -8.182 -8.519 -8.586
14.200 4.886 7.631 2.703 -0.244 -2.518 -3.399 -4.507 -4.407 -5.389 -5.525 -5.988 -6.517 -7.150 -7.540 -8.165 -8.503 -8.570
14.300 4.902 7.647 2.719 -0.228 -2.502 -3.383 -4.490 -4.391 -5.373 -5.509 -5.971 -6.501 -7.133 -7.524 -8.149 -8.487 -8.554
14.400 4.918 7.664 2.736 -0.212 -2.485 -3.366 -4.474 -4.375 -5.357 -5.493 -5.955 -6.485 -7.117 -7.507 -8.133 -8.471 -8.538
14.500 4.934 7.680 2.752 -0.196 -2.469 -3.350 -4.458 -4.359 -5.341 -5.477 -5.939 -6.469 -7.101 -7.491 -8.117 -8.454 -8.522
14.600 4.950 7.696 2.768 -0.180 -2.453 -3.334 -4.442 -4.343 -5.325 -5.461 -5.923 -6.453 -7.085 -7.475 -8.101 -8.439 -8.506
14.700 4.966 7.711 2.783 -0.164 -2.438 -3.319 -4.426 -4.327 -5.309 -5.445 -5.907 -6.437 -7.069 -7.460 -8.085 -8.423 -8.490
14.800 4.981 7.727 2.799 -0.148 -2.422 -3.303 -4.411 -4.312 -5.293 -5.429 -5.892 -6.421 -7.054 -7.444 -8.069 -8.407 -8.474
14.900 4.997 7.743 2.815 -0.133 -2.406 -3.287 -4.395 -4.296 -5.278 -5.414 -5.876 -6.406 -7.038 -7.428 -8.054 -8.391 -8.458
15.000 5.013 7.758 2.830 -0.117 -2.391 -3.272 -4.380 -4.280 -5.262 -5.398 -5.861 -6.390 -7.023 -7.413 -8.038 -8.376 -8.443
