# day W2 M2 W1 u B g V c r w o i z y J H K
0.000 -8.128 -7.979 -7.808 -7.100 -6.776 -6.616 -6.335 -6.445 -6.099 -6.262 -5.969 -5.707 -5.411 -5.180 -4.710 -4.095 -3.522
0.100 -13.862 -13.966 -13.964 -13.857 -13.709 -13.624 -13.469 -13.526 -13.324 -13.404 -13.241 -13.068 -12.860 -12.691 -12.335 -11.833 -11.344
0.200 -14.219 -14.425 -14.514 -14.651 -14.573 -14.515 -14.399 -14.440 -14.281 -14.339 -14.212 -14.061 -13.875 -13.722 -13.397 -12.927 -12.464
0.300 -14.177 -14.462 -14.637 -14.983 -14.970 -14.938 -14.861 -14.886 -14.769 -14.805 -14.712 -14.583 -14.417 -14.276 -13.976 -13.532 -13.089
0.400 -13.982 -14.334 -14.592 -15.126 -15.176 -15.169 -15.130 -15.141 -15.063 -15.080 -15.019 -14.911 -14.763 -14.635 -14.358 -13.936 -13.511
0.500 -13.655 -14.067 -14.414 -15.134 -15.250 -15.270 -15.272 -15.268 -15.232 -15.230 -15.202 -15.116 -14.989 -14.874 -14.620 -14.221 -13.814
0.600 -13.211 -13.678 -14.123 -15.035 -15.223 -15.272 -15.317 -15.298 -15.308 -15.287 -15.293 -15.232 -15.128 -15.028 -14.800 -14.427 -14.038
0.700 -12.656 -13.171 -13.728 -14.841 -15.107 -15.189 -15.281 -15.247 -15.306 -15.268 -15.310 -15.276 -15.199 -15.116 -14.918 -14.571 -14.203
0.800 -11.998 -12.550 -13.234 -14.557 -14.911 -15.030 -15.174 -15.124 -15.237 -15.181 -15.262 -15.258 -15.211 -15.148 -14.984 -14.668 -14.323
0.900 -11.241 -11.815 -12.643 -14.184 -14.637 -14.796 -14.999 -14.932 -15.105 -15.033 -15.155 -15.185 -15.172 -15.131 -15.006 -14.724 -14.400
1.000 -10.404 -10.977 -11.967 -13.730 -14.291 -14.495 -14.760 -14.678 -14.916 -14.830 -14.993 -15.061 -15.089 -15.073 -14.991 -14.744 -14.441
1.100 -9.507 -10.048 -11.215 -13.195 -13.873 -14.127 -14.460 -14.363 -14.669 -14.574 -14.779 -14.888 -14.960 -14.974 -14.941 -14.734 -14.455
1.200 -8.592 -9.070 -10.416 -12.595 -13.396 -13.703 -14.107 -13.997 -14.373 -14.275 -14.520 -14.672 -14.792 -14.838 -14.861 -14.699 -14.447
1.300 -7.694 -8.092 -9.599 -11.943 -12.867 -13.228 -13.704 -13.584 -14.032 -13.936 -14.218 -14.415 -14.588 -14.669 -14.753 -14.640 -14.419
1.400 -6.854 -7.175 -8.806 -11.265 -12.306 -12.719 -13.266 -13.140 -13.656 -13.569 -13.885 -14.127 -14.355 -14.473 -14.622 -14.563 -14.376
1.500 -6.082 -6.345 -8.063 -10.591 -11.732 -12.193 -12.806 -12.676 -13.256 -13.186 -13.530 -13.815 -14.100 -14.256 -14.473 -14.471 -14.319
1.600 -5.368 -5.584 -7.377 -9.947 -11.166 -11.668 -12.339 -12.209 -12.846 -12.797 -13.164 -13.489 -13.830 -14.025 -14.310 -14.367 -14.252
1.700 -4.694 -4.851 -6.737 -9.346 -10.626 -11.162 -11.881 -11.753 -12.439 -12.414 -12.799 -13.160 -13.554 -13.787 -14.141 -14.256 -14.179
1.800 -4.040 -4.113 -6.122 -8.781 -10.114 -10.678 -11.438 -11.314 -12.041 -12.041 -12.440 -12.834 -13.278 -13.546 -13.967 -14.140 -14.102
1.900 -3.396 -3.350 -5.516 -8.239 -9.628 -10.218 -11.016 -10.895 -11.659 -11.684 -12.094 -12.516 -13.006 -13.308 -13.792 -14.022 -14.022
2.000 -2.759 -2.557 -4.913 -7.706 -9.162 -9.779 -10.613 -10.495 -11.293 -11.342 -11.762 -12.209 -12.740 -13.074 -13.619 -13.904 -13.942
2.100 -2.191 -1.740 -4.372 -7.245 -8.824 -9.484 -10.365 -10.248 -11.078 -11.139 -11.568 -12.029 -12.577 -12.920 -13.478 -13.772 -13.817
2.200 -1.662 -0.897 -3.860 -6.795 -8.509 -9.215 -10.144 -10.029 -10.891 -10.963 -11.401 -11.874 -12.436 -12.785 -13.350 -13.648 -13.694
2.300 -1.179 -0.042 -3.382 -6.357 -8.206 -8.956 -9.930 -9.817 -10.709 -10.793 -11.238 -11.724 -12.299 -12.655 -13.230 -13.532 -13.579
2.400 -0.755 0.793 -2.957 -5.949 -7.924 -8.713 -9.726 -9.616 -10.534 -10.631 -11.081 -11.579 -12.167 -12.531 -13.115 -13.422 -13.472
2.500 -0.397 1.567 -2.594 -5.583 -7.667 -8.490 -9.536 -9.429 -10.369 -10.477 -10.931 -11.439 -12.040 -12.410 -13.004 -13.318 -13.371
2.600 -0.103 2.220 -2.294 -5.272 -7.441 -8.288 -9.361 -9.256 -10.213 -10.331 -10.789 -11.305 -11.917 -12.294 -12.898 -13.218 -13.275
2.700 0.132 2.705 -2.054 -5.018 -7.245 -8.110 -9.201 -9.099 -10.069 -10.196 -10.656 -11.178 -11.800 -12.183 -12.795 -13.123 -13.183
2.800 0.320 3.028 -1.863 -4.815 -7.077 -7.955 -9.058 -8.958 -9.936 -10.069 -10.531 -11.058 -11.687 -12.075 -12.697 -13.031 -13.095
2.900 0.447 3.193 -1.735 -4.682 -6.956 -7.837 -8.945 -8.846 -9.827 -9.964 -10.426 -10.955 -11.588 -11.978 -12.604 -12.941 -13.008
3.000 0.534 3.279 -1.649 -4.596 -6.870 -7.751 -8.858 -8.759 -9.741 -9.877 -10.339 -10.869 -11.501 -11.892 -12.517 -12.855 -12.922
3.100 0.616 3.362 -1.566 -4.513 -6.787 -7.668 -8.776 -8.677 -9.658 -9.794 -10.257 -10.786 -11.419 -11.809 -12.435 -12.772 -12.839
3.200 0.695 3.441 -1.487 -4.435 -6.708 -7.589 -8.697 -8.598 -9.580 -9.716 -10.178 -10.708 -11.340 -11.730 -12.356 -12.693 -12.760
3.300 0.770 3.516 -1.412 -4.360 -6.633 -7.514 -8.622 -8.523 -9.504 -9.641 -10.103 -10.632 -11.265 -11.655 -12.281 -12.618 -12.685
3.400 0.842 3.588 -1.340 -4.288 -6.561 -7.442 -8.550 -8.451 -9.432 -9.569 -10.031 -10.560 -11.193 -11.583 -12.209 -12.546 -12.613
3.500 0.911 3.656 -1.271 -4.219 -6.492 -7.373 -8.481 -8.382 -9.364 -9.500 -9.962 -10.492 -11.124 -11.514 -12.140 -12.478 -12.545
3.600 0.977 3.722 -1.206 -4.153 -6.427 -7.308 -8.415 -8.316 -9.298 -9.434 -9.896 -10.426 -11.058 -11.449 -12.074 -12.412 -12.479
3.700 1.040 3.786 -1.142 -4.090 -6.363 -7.244 -8.352 -8.253 -9.234 -9.371 -9.833 -10.363 -10.995 -11.385 -12.011 -12.348 -12.415
3.800 1.101 3.847 -1.081 -4.029 -6.302 -7.183 -8.291 -8.192 -9.174 -9.310 -9.772 -10.302 -10.934 -11.324 -11.950 -12.287 -12.354
3.900 1.160 3.905 -1.022 -3.970 -6.243 -7.124 -8.232 -8.133 -9.115 -9.251 -9.713 -10.243 -10.875 -11.265 -11.891 -12.229 -12.296
4.000 1.217 3.962 -0.966 -3.913 -6.187 -7.068 -8.175 -8.076 -9.058 -9.194 -9.656 -10.186 -10.818 -11.209 -11.834 -12.172 -12.239
4.100 1.272 4.017 -0.911 -3.858 -6.132 -7.013 -8.120 -8.021 -9.003 -9.139 -9.601 -10.131 -10.763 -11.154 -11.779 -12.117 -12.184
4.200 1.325 4.071 -0.857 -3.805 -6.078 -6.959 -8.067 -7.968 -8.950 -9.086 -9.548 -10.078 -10.710 -11.100 -11.726 -12.063 -12.130
4.300 1.377 4.122 -0.806 -3.753 -6.027 -6.908 -8.015 -7.916 -8.898 -9.034 -9.496 -10.026 -10.658 -11.049 -11.674 -12.012 -12.079
4.400 1.427 4.173 -0.755 -3.703 -5.976 -6.857 -7.965 -7.866 -8.847 -8.984 -9.446 -9.975 -10.608 -10.998 -11.624 -11.961 -12.028
4.500 1.476 4.222 -0.706 -3.654 -5.927 -6.808 -7.916 -7.817 -8.798 -8.935 -9.397 -9.926 -10.559 -10.949 -11.575 -11.912 -11.979
4.600 1.524 4.270 -0.658 -3.606 -5.879 -6.760 -7.868 -7.769 -8.751 -8.887 -9.349 -9.879 -10.511 -10.901 -11.527 -11.864 -11.931
4.700 1.571 4.316 -0.612 -3.559 -5.833 -6.714 -7.821 -7.722 -8.704 -8.840 -9.302 -9.832 -10.464 -10.855 -11.480 -11.818 -11.885
4.800 1.616 4.362 -0.566 -3.513 -5.787 -6.668 -7.776 -7.677 -8.658 -8.794 -9.257 -9.786 -10.419 -10.809 -11.435 -11.772 -11.839
4.900 1.661 4.406 -0.521 -3.469 -5.742 -6.623 -7.731 -7.632 -8.614 -8.750 -9.212 -9.742 -10.374 -10.764 -11.390 -11.728 -11.795
5.000 1.704 4.450 -0.478 -3.425 -5.699 -6.580 -7.688 -7.588 -8.570 -8.706 -9.169 -9.698 -10.331 -10.721 -11.346 -11.684 -11.751
5.100 1.747 4.493 -0.435 -3.383 -5.656 -6.537 -7.645 -7.546 -8.527 -8.664 -9.126 -9.655 -10.288 -10.678 -11.304 -11.641 -11.708
5.200 1.789 4.535 -0.393 -3.341 -5.614 -6.495 -7.603 -7.504 -8.486 -8.622 -9.084 -9.614 -10.246 -10.636 -11.262 -11.599 -11.666
5.300 1.830 4.576 -0.352 -3.300 -5.573 -6.454 -7.562 -7.463 -8.445 -8.581 -9.043 -9.573 -10.205 -10.595 -11.221 -11.558 -11.625
5.400 1.870 4.616 -0.312 -3.259 -5.533 -6.414 -7.522 -7.423 -8.404 -8.541 -9.003 -9.532 -10.165 -10.555 -11.181 -11.518 -11.585
5.500 1.910 4.655 -0.273 -3.220 -5.494 -6.375 -7.482 -7.383 -8.365 -8.501 -8.963 -9.493 -10.125 -10.516 -11.141 -11.479 -11.546
5.600 1.949 4.694 -0.234 -3.181 -5.455 -6.336 -7.444 -7.344 -8.326 -8.462 -8.925 -9.454 -10.087 -10.477 -11.102 -11.440 -11.507
5.700 1.987 4.732 -0.196 -3.143 -5.417 -6.298 -7.406 -7.306 -8.288 -8.424 -8.887 -9.416 -10.049 -10.439 -11.064 -11.402 -11.469
5.800 2.024 4.770 -0.158 -3.106 -5.379 -6.260 -7.368 -7.269 -8.251 -8.387 -8.849 -9.379 -10.011 -10.401 -11.027 -11.365 -11.432
5.900 2.061 4.806 -0.122 -3.069 -5.343 -6.224 -7.332 -7.232 -8.214 -8.350 -8.813 -9.342 -9.974 -10.365 -10.990 -11.328 -11.395
6.000 2.097 4.842 -0.086 -3.033 -5.306 -6.187 -7.295 -7.196 -8.178 -8.314 -8.776 -9.306 -9.938 -10.328 -10.954 -11.292 -11.359
6.100 2.132 4.878 -0.050 -2.997 -5.271 -6.152 -7.260 -7.161 -8.142 -8.278 -8.741 -9.270 -9.903 -10.293 -10.919 -11.256 -11.323
6.200 2.167 4.913 -0.015 -2.962 -5.236 -6.117 -7.225 -7.126 -8.107 -8.243 -8.706 -9.235 -9.868 -10.258 -10.884 -11.221 -11.288
6.300 2.202 4.947 0.019 -2.928 -5.202 -6.083 -7.190 -7.091 -8.073 -8.209 -8.671 -9.201 -9.833 -10.224 -10.849 -11.187 -11.254
6.400 2.236 4.981 0.053 -2.894 -5.168 -6.049 -7.157 -7.057 -8.039 -8.175 -8.637 -9.167 -9.799 -10.190 -10.815 -11.153 -11.220
6.500 2.269 5.015 0.087 -2.861 -5.134 -6.015 -7.123 -7.024 -8.006 -8.142 -8.604 -9.134 -9.766 -10.156 -10.782 -11.119 -11.186
6.600 2.302 5.048 0.120 -2.828 -5.101 -5.982 -7.090 -6.991 -7.973 -8.109 -8.571 -9.101 -9.733 -10.123 -10.749 -11.086 -11.154
6.700 2.334 5.080 0.152 -2.795 -5.069 -5.950 -7.058 -6.959 -7.940 -8.076 -8.539 -9.068 -9.701 -10.091 -10.717 -11.054 -11.121
6.800 2.366 5.112 0.184 -2.763 -5.037 -5.918 -7.026 -6.927 -7.908 -8.044 -8.507 -9.036 -9.669 -10.059 -10.685 -11.022 -11.089
6.900 2.398 5.143 0.215 -2.732 -5.006 -5.887 -6.994 -6.895 -7.877 -8.013 -8.475 -9.005 -9.637 -10.028 -10.653 -10.991 -11.058
7.000 2.429 5.174 0.246 -2.701 -4.975 -5.856 -6.963 -6.864 -7.846 -7.982 -8.444 -8.974 -9.606 -9.997 -10.622 -10.960 -11.027
7.100 2.459 5.205 0.277 -2.670 -4.944 -5.825 -6.933 -6.834 -7.815 -7.951 -8.414 -8.943 -9.576 -9.966 -10.591 -10.929 -10.996
7.200 2.490 5.235 0.307 -2.640 -4.914 -5.795 -6.903 -6.803 -7.785 -7.921 -8.384 -8.913 -9.545 -9.936 -10.561 -10.899 -10.966
7.300 2.519 5.265 0.337 -2.610 -4.884 -5.765 -6.873 -6.774 -7.755 -7.891 -8.354 -8.883 -9.516 -9.906 -10.532 -10.869 -10.936
7.400 2.549 5.294 0.366 -2.581 -4.855 -5.736 -6.843 -6.744 -7.726 -7.862 -8.324 -8.854 -9.486 -9.877 -10.502 -10.840 -10.907
7.500 2.578 5.323 0.395 -2.552 -4.826 -5.707 -6.814 -6.715 -7.697 -7.833 -8.295 -8.825 -9.457 -9.848 -10.473 -10.811 -10.878
7.600 2.606 5.352 0.424 -2.523 -4.797 -5.678 -6.786 -6.687 -7.668 -7.804 -8.267 -8.796 -9.429 -9.819 -10.444 -10.782 -10.849
7.700 2.635 5.380 0.452 -2.495 -4.769 -5.650 -6.758 -6.658 -7.640 -7.776 -8.239 -8.768 -9.400 -9.791 -10.416 -10.754 -10.821
7.800 2.663 5.408 0.480 -2.467 -4.741 -5.622 -6.730 -6.630 -7.612 -7.748 -8.211 -8.740 -9.372 -9.763 -10.388 -10.726 -10.793
7.900 2.690 5.436 0.508 -2.440 -4.713 -5.594 -6.702 -6.603 -7.584 -7.721 -8.183 -8.712 -9.345 -9.735 -10.361 -10.698 -10.765
8.000 2.717 5.463 0.535 -2.412 -4.686 -5.567 -6.675 -6.576 -7.557 -7.693 -8.156 -8.685 -9.318 -9.708 -10.333 -10.671 -10.738
8.100 2.744 5.490 0.562 -2.385 -4.659 -5.540 -6.648 -6.549 -7.530 -7.666 -8.129 -8.658 -9.291 -9.681 -10.307 -10.644 -10.711
8.200 2.771 5.517 0.589 -2.359 -4.632 -5.513 -6.621 -6.522 -7.504 -7.640 -8.102 -8.632 -9.264 -9.654 -10.280 -10.618 -10.685
8.300 2.797 5.543 0.615 -2.332 -4.606 -5.487 -6.595 -6.496 -7.477 -7.614 -8.076 -8.605 -9.238 -9.628 -10.254 -10.591 -10.658
8.400 2.823 5.569 0.641 -2.306 -4.580 -5.461 -6.569 -6.470 -7.451 -7.588 -8.050 -8.579 -9.212 -9.602 -10.228 -10.565 -10.632
8.500 2.849 5.595 0.667 -2.281 -4.554 -5.435 -6.543 -6.444 -7.426 -7.562 -8.024 -8.554 -9.186 -9.576 -10.202 -10.540 -10.607
8.600 2.874 5.620 0.692 -2.255 -4.529 -5.410 -6.518 -6.419 -7.400 -7.536 -7.999 -8.528 -9.161 -9.551 -10.177 -10.514 -10.581
8.700 2.899 5.645 0.717 -2.230 -4.504 -5.385 -6.493 -6.394 -7.375 -7.511 -7.974 -8.503 -9.136 -9.526 -10.151 -10.489 -10.556
8.800 2.924 5.670 0.742 -2.205 -4.479 -5.360 -6.468 -6.369 -7.350 -7.487 -7.949 -8.478 -9.111 -9.501 -10.127 -10.464 -10.531
8.900 2.949 5.694 0.767 -2.181 -4.454 -5.335 -6.443 -6.344 -7.326 -7.462 -7.924 -8.454 -9.086 -9.476 -10.102 -10.440 -10.507
9.000 2.973 5.719 0.791 -2.157 -4.430 -5.311 -6.419 -6.320 -7.301 -7.438 -7.900 -8.429 -9.062 -9.452 -10.078 -10.415 -10.482
9.100 2.997 5.743 0.815 -2.132 -4.406 -5.287 -6.395 -6.296 -7.277 -7.414 -7.876 -8.405 -9.038 -9.428 -10.054 -10.391 -10.458
9.200 3.021 5.767 0.839 -2.109 -4.382 -5.263 -6.371 -6.272 -7.254 -7.390 -7.852 -8.382 -9.014 -9.404 -10.030 -10.367 -10.434
9.300 3.045 5.790 0.862 -2.085 -4.359 -5.240 -6.348 -6.248 -7.230 -7.366 -7.829 -8.358 -8.990 -9.381 -10.006 -10.344 -10.411
9.400 3.068 5.813 0.886 -2.062 -4.335 -5.216 -6.324 -6.225 -7.207 -7.343 -7.805 -8.335 -8.967 -9.357 -9.983 -10.321 -10.388
9.500 3.091 5.837 0.909 -2.039 -4.312 -5.193 -6.301 -6.202 -7.184 -7.320 -7.782 -8.312 -8.944 -9.334 -9.960 -10.298 -10.365
9.600 3.114 5.859 0.931 -2.016 -4.290 -5.171 -6.278 -6.179 -7.161 -7.297 -7.759 -8.289 -8.921 -9.312 -9.937 -10.275 -10.342
9.700 3.136 5.882 0.954 -1.993 -4.267 -5.148 -6.256 -6.157 -7.138 -7.274 -7.737 -8.266 -8.899 -9.289 -9.914 -10.252 -10.319
9.800 3.159 5.904 0.976 -1.971 -4.245 -5.126 -6.233 -6.134 -7.116 -7.252 -7.714 -8.244 -8.876 -9.267 -9.892 -10.230 -10.297
9.900 3.181 5.927 0.999 -1.949 -4.222 -5.103 -6.211 -6.112 -7.094 -7.230 -7.692 -8.222 -8.854 -9.244 -9.870 -10.207 -10.275
10.000 3.203 5.949 1.021 -1.927 -4.200 -5.081 -6.189 -6.090 -7.072 -7.208 -7.670 -8.200 -8.832 -9.222 -9.848 -10.186 -10.253
10.100 3.225 5.970 1.042 -1.905 -4.179 -5.060 -6.168 -6.068 -7.050 -7.186 -7.649 -8.178 -8.810 -9.201 -9.826 -10.164 -10.231
10.200 3.246 5.992 1.064 -1.883 -4.157 -5.038 -6.146 -6.047 -7.028 -7.165 -7.627 -8.156 -8.789 -9.179 -9.805 -10.142 -10.209
10.300 3.268 6.013 1.085 -1.862 -4.136 -5.017 -6.125 -6.025 -7.007 -7.143 -7.606 -8.135 -8.767 -9.158 -9.783 -10.121 -10.188
10.400 3.289 6.034 1.106 -1.841 -4.115 -4.996 -6.103 -6.004 -6.986 -7.122 -7.584 -8.114 -8.746 -9.137 -9.762 -10.100 -10.167
10.500 3.310 6.055 1.127 -1.820 -4.094 -4.975 -6.083 -5.983 -6.965 -7.101 -7.564 -8.093 -8.725 -9.116 -9.741 -10.079 -10.146
10.600 3.330 6.076 1.148 -1.799 -4.073 -4.954 -6.062 -5.962 -6.944 -7.080 -7.543 -8.072 -8.705 -9.095 -9.720 -10.058 -10.125
10.700 3.351 6.097 1.169 -1.779 -4.052 -4.933 -6.041 -5.942 -6.924 -7.060 -7.522 -8.052 -8.684 -9.074 -9.700 -10.037 -10.104
10.800 3.371 6.117 1.189 -1.758 -4.032 -4.913 -6.021 -5.921 -6.903 -7.039 -7.502 -8.031 -8.664 -9.054 -9.679 -10.017 -10.084
10.900 3.392 6.137 1.209 -1.738 -4.012 -4.893 -6.001 -5.901 -6.883 -7.019 -7.482 -8.011 -8.643 -9.034 -9.659 -9.997 -10.064
11.000 3.412 6.157 1.229 -1.718 -3.992 -4.873 -5.981 -5.881 -6.863 -6.999 -7.462 -7.991 -8.623 -9.014 -9.639 -9.977 -10.044
11.100 3.432 6.177 1.249 -1.698 -3.972 -4.853 -5.961 -5.861 -6.843 -6.979 -7.442 -7.971 -8.603 -8.994 -9.619 -9.957 -10.024
11.200 3.451 6.197 1.269 -1.678 -3.952 -4.833 -5.941 -5.842 -6.823 -6.960 -7.422 -7.951 -8.584 -8.974 -9.600 -9.937 -10.004
11.300 3.471 6.216 1.288 -1.659 -3.933 -4.814 -5.921 -5.822 -6.804 -6.940 -7.402 -7.932 -8.564 -8.955 -9.580 -9.918 -9.985
11.400 3.490 6.236 1.308 -1.640 -3.913 -4.794 -5.902 -5.803 -6.784 -6.921 -7.383 -7.913 -8.545 -8.935 -9.561 -9.898 -9.965
11.500 3.509 6.255 1.327 -1.620 -3.894 -4.775 -5.883 -5.784 -6.765 -6.901 -7.364 -7.893 -8.526 -8.916 -9.542 -9.879 -9.946
11.600 3.528 6.274 1.346 -1.601 -3.875 -4.756 -5.864 -5.765 -6.746 -6.882 -7.345 -7.874 -8.507 -8.897 -9.523 -9.860 -9.927
11.700 3.547 6.293 1.365 -1.582 -3.856 -4.737 -5.845 -5.746 -6.727 -6.864 -7.326 -7.855 -8.488 -8.878 -9.504 -9.841 -9.908
11.800 3.566 6.312 1.384 -1.564 -3.837 -4.718 -5.826 -5.727 -6.709 -6.845 -7.307 -7.837 -8.469 -8.859 -9.485 -9.822 -9.889
11.900 3.585 6.330 1.402 -1.545 -3.819 -4.700 -5.808 -5.708 -6.690 -6.826 -7.289 -7.818 -8.450 -8.841 -9.466 -9.804 -9.871
12.000 3.603 6.349 1.421 -1.527 -3.800 -4.681 -5.789 -5.690 -6.672 -6.808 -7.270 -7.800 -8.432 -8.822 -9.448 -9.785 -9.852
12.100 3.621 6.367 1.439 -1.508 -3.782 -4.663 -5.771 -5.672 -6.653 -6.789 -7.252 -7.781 -8.414 -8.804 -9.430 -9.767 -9.834
12.200 3.639 6.385 1.457 -1.490 -3.764 -4.645 -5.753 -5.653 -6.635 -6.771 -7.234 -7.763 -8.396 -8.786 -9.411 -9.749 -9.816
12.300 3.657 6.403 1.475 -1.472 -3.746 -4.627 -5.735 -5.635 -6.617 -6.753 -7.216 -7.745 -8.378 -8.768 -9.393 -9.731 -9.798
12.400 3.675 6.421 1.493 -1.454 -3.728 -4.609 -5.717 -5.618 -6.599 -6.735 -7.198 -7.727 -8.360 -8.750 -9.376 -9.713 -9.780
12.500 3.693 6.439 1.511 -1.437 -3.710 -4.591 -5.699 -5.600 -6.582 -6.718 -7.180 -7.710 -8.342 -8.732 -9.358 -9.695 -9.762
12.600 3.711 6.456 1.528 -1.419 -3.693 -4.574 -5.682 -5.582 -6.564 -6.700 -7.163 -7.692 -8.324 -8.715 -9.340 -9.678 -9.745
12.700 3.728 6.474 1.546 -1.402 -3.675 -4.556 -5.664 -5.565 -6.546 -6.683 -7.145 -7.675 -8.307 -8.697 -9.323 -9.660 -9.727
12.800 3.745 6.491 1.563 -1.384 -3.658 -4.539 -5.647 -5.548 -6.529 -6.665 -7.128 -7.657 -8.290 -8.680 -9.305 -9.643 -9.710
12.900 3.763 6.508 1.580 -1.367 -3.641 -4.522 -5.630 -5.530 -6.512 -6.648 -7.111 -7.640 -8.272 -8.663 -9.288 -9.626 -9.693
13.000 3.780 6.525 1.597 -1.350 -3.624 -4.505 -5.613 -5.513 -6.495 -6.631 -7.094 -7.623 -8.255 -8.646 -9.271 -9.609 -9.676
13.100 3.797 6.542 1.614 -1.333 -3.607 -4.488 -5.596 -5.496 -6.478 -6.614 -7.077 -7.606 -8.238 -8.629 -9.254 -9.592 -9.659
13.200 3.814 6.559 1.631 -1.316 -3.590 -4.471 -5.579 -5.479 -6.461 -6.597 -7.060 -7.589 -8.222 -8.612 -9.237 -9.575 -9.642
13.300 3.830 6.576 1.648 -1.300 -3.573 -4.454 -5.562 -5.463 -6.444 -6.581 -7.043 -7.572 -8.205 -8.595 -9.221 -9.558 -9.625
13.400 3.847 6.592 1.664 -1.283 -3.557 -4.438 -5.545 -5.446 -6.428 -6.564 -7.026 -7.556 -8.188 -8.579 -9.204 -9.542 -9.609
13.500 3.863 6.609 1.681 -1.266 -3.540 -4.421 -5.529 -5.430 -6.411 -6.548 -7.010 -7.539 -8.172 -8.562 -9.188 -9.525 -9.592
13.600 3.880 6.625 1.697 -1.250 -3.524 -4.405 -5.513 -5.413 -6.395 -6.531 -6.994 -7.523 -8.155 -8.546 -9.171 -9.509 -9.576
13.700 3.896 6.641 1.713 -1.234 -3.508 -4.389 -5.496 -5.397 -6.379 -6.515 -6.977 -7.507 -8.139 -8.530 -9.155 -9.493 -9.560
13.800 3.912 6.658 1.730 -1.218 -3.491 -4.372 -5.480 -5.381 -6.363 -6.499 -6.961 -7.491 -8.123 -8.513 -9.139 -9.477 -9.544
13.900 3.928 6.674 1.746 -1.202 -3.475 -4.356 -5.464 -5.365 -6.347 -6.483 -6.945 -7.475 -8.107 -8.497 -9.123 -9.461 -9.528
14.000 3.944 6.689 1.761 -1.186 -3.459 -4.340 -5.448 -5.349 -6.331 -6.467 -6.929 -7.459 -8.091 -8.481 -9.107 -9.445 -9.512
14.100 3.960 6.705 1.777 -1.170 -3.444 -4.325 -5.433 -5.333 -6.315 -6.451 -6.914 -7.443 -8.075 -8.466 -9.091 -9.429 -9.496
14.200 3.975 6.721 1.793 -1.154 -3.428 -4.309 -5.417 -5.318 -6.299 -6.435 -6.898 -7.427 -8.060 -8.450 -9.076 -9.413 -9.480
14.300 3.991 6.737 1.809 -1.139 -3.412 -4.293 -5.401 -5.302 -6.284 -6.420 -6.882 -7.412 -8.044 -8.434 -9.060 -9.398 -9.465
14.400 4.006 6.752 1.824 -1.123 -3.397 -4.278 -5.386 -5.287 -6.268 -6.404 -6.867 -7.396 -8.029 -8.419 -9.045 -9.382 -9.449
14.500 4.022 6.767 1.839 -1.108 -3.382 -4.263 -5.370 -5.271 -6.253 -6.389 -6.851 -7.381 -8.013 -8.404 -9.029 -9.367 -9.434
14.600 4.037 6.783 1.855 -1.093 -3.366 -4.247 -5.355 -5.256 -6.238 -6.374 -6.836 -7.366 -7.998 -8.388 -9.014 -9.351 -9.418
14.700 4.052 6.798 1.870 -1.077 -3.351 -4.232 -5.340 -5.241 -6.222 -6.359 -6.821 -7.350 -7.983 -8.373 -8.999 -9.336 -9.403
14.800 4.067 6.813 1.885 -1.062 -3.336 -4.217 -5.325 -5.226 -6.207 -6.343 -6.806 -7.335 -7.968 -8.358 -8.984 -9.321 -9.388
14.900 4.082 6.828 1.900 -1.047 -3.321 -4.202 -5.310 -5.211 -6.192 -6.328 -6.791 -7.320 -7.953 -8.343 -8.969 -9.306 -9.373
15.000 4.097 6.843 1.915 -1.033 -3.306 -4.187 -5.295 -5.196 -6.177 -6.314 -6.776 -7.305 -7.938 -8.328 -8.954 -9.291 -9.358
