# day W2 M2 W1 u B g V c r w o i z y J H K
0.000 -10.931 -10.725 -10.521 -9.661 -9.293 -9.114 -8.802 -8.926 -8.545 -8.730 -8.403 -8.122 -7.806 -7.563 -7.071 -6.435 -5.848
0.100 -15.348 -15.376 -15.316 -15.027 -14.820 -14.709 -14.508 -14.583 -14.329 -14.437 -14.227 -14.019 -13.775 -13.580 -13.178 -12.631 -12.110
0.200 -14.921 -15.129 -15.219 -15.360 -15.278 -15.217 -15.096 -15.138 -14.970 -15.030 -14.894 -14.733 -14.532 -14.366 -14.016 -13.518 -13.033
0.300 -14.233 -14.567 -14.805 -15.297 -15.334 -15.321 -15.273 -15.287 -15.199 -15.220 -15.149 -15.031 -14.872 -14.733 -14.430 -13.978 -13.526
0.400 -13.374 -13.806 -14.196 -15.012 -15.170 -15.208 -15.237 -15.223 -15.216 -15.202 -15.195 -15.124 -15.008 -14.899 -14.648 -14.243 -13.825
0.500 -12.305 -12.814 -13.381 -14.529 -14.823 -14.919 -15.032 -14.991 -15.073 -15.027 -15.087 -15.066 -15.002 -14.926 -14.736 -14.385 -14.006
0.600 -11.111 -11.653 -12.403 -13.871 -14.317 -14.477 -14.684 -14.617 -14.797 -14.725 -14.852 -14.889 -14.885 -14.849 -14.729 -14.443 -14.108
0.700 -10.051 -10.566 -11.411 -13.091 -13.685 -13.913 -14.217 -14.127 -14.409 -14.320 -14.511 -14.611 -14.676 -14.686 -14.649 -14.436 -14.153
0.800 -9.375 -9.871 -10.654 -12.320 -13.005 -13.286 -13.672 -13.570 -13.941 -13.852 -14.096 -14.259 -14.399 -14.460 -14.514 -14.381 -14.149
0.900 -8.972 -9.491 -10.210 -11.734 -12.399 -12.696 -13.123 -13.019 -13.447 -13.375 -13.650 -13.865 -14.079 -14.192 -14.343 -14.295 -14.117
1.000 -8.649 -9.195 -9.926 -11.386 -11.969 -12.241 -12.653 -12.559 -12.995 -12.946 -13.228 -13.477 -13.750 -13.911 -14.155 -14.191 -14.069
1.100 -8.328 -8.892 -9.676 -11.174 -11.701 -11.939 -12.307 -12.224 -12.630 -12.600 -12.870 -13.127 -13.439 -13.638 -13.964 -14.079 -14.011
1.200 -7.985 -8.559 -9.415 -11.000 -11.523 -11.743 -12.076 -11.998 -12.366 -12.343 -12.595 -12.844 -13.170 -13.392 -13.782 -13.967 -13.950
1.300 -7.620 -8.195 -9.132 -10.825 -11.379 -11.603 -11.930 -11.850 -12.204 -12.176 -12.420 -12.656 -12.977 -13.205 -13.625 -13.850 -13.865
1.400 -7.231 -7.800 -8.826 -10.632 -11.239 -11.482 -11.831 -11.745 -12.112 -12.077 -12.328 -12.562 -12.876 -13.099 -13.513 -13.738 -13.756
1.500 -6.817 -7.370 -8.492 -10.414 -11.082 -11.349 -11.728 -11.636 -12.029 -11.988 -12.252 -12.492 -12.806 -13.025 -13.428 -13.644 -13.657
1.600 -6.380 -6.908 -8.133 -10.171 -10.903 -11.197 -11.611 -11.512 -11.936 -11.892 -12.170 -12.422 -12.741 -12.960 -13.359 -13.569 -13.578
1.700 -5.921 -6.411 -7.749 -9.903 -10.704 -11.027 -11.479 -11.374 -11.833 -11.788 -12.082 -12.348 -12.678 -12.901 -13.301 -13.509 -13.516
1.800 -5.442 -5.880 -7.340 -9.609 -10.485 -10.840 -11.333 -11.222 -11.718 -11.675 -11.986 -12.270 -12.616 -12.845 -13.251 -13.459 -13.465
1.900 -4.945 -5.314 -6.908 -9.291 -10.246 -10.635 -11.173 -11.057 -11.593 -11.555 -11.883 -12.187 -12.552 -12.791 -13.206 -13.418 -13.423
2.000 -4.436 -4.716 -6.457 -8.950 -9.991 -10.417 -11.001 -10.882 -11.461 -11.429 -11.775 -12.100 -12.487 -12.737 -13.166 -13.382 -13.389
2.100 -3.913 -4.081 -5.987 -8.584 -9.718 -10.183 -10.819 -10.696 -11.319 -11.297 -11.660 -12.009 -12.419 -12.682 -13.126 -13.350 -13.360
2.200 -3.384 -3.413 -5.502 -8.198 -9.432 -9.940 -10.628 -10.504 -11.172 -11.162 -11.542 -11.913 -12.349 -12.626 -13.087 -13.320 -13.333
2.300 -2.854 -2.713 -5.008 -7.793 -9.136 -9.689 -10.432 -10.307 -11.022 -11.026 -11.421 -11.816 -12.278 -12.569 -13.049 -13.292 -13.309
2.400 -2.334 -1.985 -4.514 -7.376 -8.836 -9.436 -10.235 -10.111 -10.871 -10.891 -11.300 -11.718 -12.206 -12.511 -13.010 -13.264 -13.285
2.500 -1.829 -1.230 -4.027 -6.952 -8.536 -9.185 -10.040 -9.918 -10.721 -10.759 -11.180 -11.620 -12.133 -12.452 -12.971 -13.236 -13.262
2.600 -1.353 -0.457 -3.560 -6.530 -8.245 -8.942 -9.852 -9.732 -10.576 -10.631 -11.064 -11.523 -12.060 -12.393 -12.930 -13.206 -13.238
2.700 -0.921 0.321 -3.128 -6.124 -7.971 -8.714 -9.675 -9.559 -10.438 -10.511 -10.953 -11.429 -11.989 -12.334 -12.889 -13.176 -13.214
2.800 -0.543 1.079 -2.747 -5.750 -7.722 -8.507 -9.512 -9.399 -10.310 -10.400 -10.848 -11.340 -11.918 -12.275 -12.847 -13.145 -13.188
2.900 -0.230 1.776 -2.428 -5.423 -7.504 -8.324 -9.365 -9.257 -10.193 -10.297 -10.750 -11.255 -11.850 -12.217 -12.804 -13.112 -13.161
3.000 0.019 2.360 -2.172 -5.153 -7.320 -8.166 -9.236 -9.131 -10.087 -10.203 -10.660 -11.175 -11.784 -12.159 -12.760 -13.077 -13.131
3.100 0.209 2.789 -1.978 -4.942 -7.169 -8.034 -9.125 -9.022 -9.992 -10.118 -10.578 -11.100 -11.720 -12.103 -12.714 -13.041 -13.100
3.200 0.350 3.062 -1.833 -4.785 -7.048 -7.925 -9.029 -8.929 -9.907 -10.041 -10.503 -11.030 -11.659 -12.047 -12.669 -13.003 -13.068
3.300 0.425 3.171 -1.757 -4.705 -6.978 -7.859 -8.967 -8.868 -9.849 -9.986 -10.448 -10.977 -11.610 -12.000 -12.626 -12.963 -13.030
3.400 0.467 3.213 -1.715 -4.662 -6.936 -7.817 -8.925 -8.826 -9.807 -9.943 -10.406 -10.935 -11.568 -11.958 -12.583 -12.921 -12.988
3.500 0.510 3.255 -1.673 -4.620 -6.894 -7.775 -8.882 -8.783 -9.765 -9.901 -10.363 -10.893 -11.525 -11.916 -12.541 -12.879 -12.946
3.600 0.553 3.299 -1.629 -4.576 -6.850 -7.731 -8.839 -8.739 -9.721 -9.857 -10.320 -10.849 -11.482 -11.872 -12.497 -12.835 -12.902
3.700 0.598 3.343 -1.585 -4.532 -6.806 -7.687 -8.794 -8.695 -9.677 -9.813 -10.275 -10.805 -11.437 -11.828 -12.453 -12.791 -12.858
3.800 0.643 3.388 -1.540 -4.487 -6.761 -7.642 -8.749 -8.650 -9.632 -9.768 -10.230 -10.760 -11.392 -11.783 -12.408 -12.746 -12.813
3.900 0.688 3.434 -1.494 -4.441 -6.715 -7.596 -8.704 -8.605 -9.586 -9.722 -10.185 -10.714 -11.347 -11.737 -12.363 -12.700 -12.767
4.000 0.736 3.481 -1.447 -4.394 -6.668 -7.549 -8.657 -8.557 -9.539 -9.675 -10.138 -10.667 -11.299 -11.690 -12.315 -12.653 -12.720
4.100 0.783 3.529 -1.399 -4.346 -6.620 -7.501 -8.609 -8.510 -9.491 -9.627 -10.090 -10.619 -11.252 -11.642 -12.268 -12.605 -12.672
4.200 0.833 3.578 -1.350 -4.297 -6.571 -7.452 -8.560 -8.460 -9.442 -9.578 -10.041 -10.570 -11.202 -11.593 -12.218 -12.556 -12.623
4.300 0.883 3.628 -1.299 -4.247 -6.520 -7.401 -8.509 -8.410 -9.392 -9.528 -9.990 -10.520 -11.152 -11.542 -12.168 -12.506 -12.573
4.400 0.934 3.680 -1.248 -4.196 -6.469 -7.350 -8.458 -8.359 -9.341 -9.477 -9.939 -10.469 -11.101 -11.491 -12.117 -12.454 -12.521
4.500 0.986 3.732 -1.196 -4.144 -6.417 -7.298 -8.406 -8.307 -9.289 -9.425 -9.887 -10.417 -11.049 -11.439 -12.065 -12.403 -12.470
4.600 1.039 3.784 -1.144 -4.091 -6.365 -7.246 -8.354 -8.254 -9.236 -9.372 -9.835 -10.364 -10.997 -11.387 -12.012 -12.350 -12.417
4.700 1.092 3.838 -1.090 -4.038 -6.311 -7.192 -8.300 -8.201 -9.182 -9.319 -9.781 -10.311 -10.943 -11.333 -11.959 -12.296 -12.363
4.800 1.147 3.892 -1.036 -3.983 -6.257 -7.138 -8.245 -8.146 -9.128 -9.264 -9.726 -10.256 -10.888 -11.279 -11.904 -12.242 -12.309
4.900 1.202 3.947 -0.981 -3.928 -6.202 -7.083 -8.191 -8.091 -9.073 -9.209 -9.672 -10.201 -10.834 -11.224 -11.849 -12.187 -12.254
5.000 1.257 4.003 -0.925 -3.873 -6.146 -7.027 -8.135 -8.036 -9.017 -9.154 -9.616 -10.146 -10.778 -11.168 -11.794 -12.131 -12.198
5.100 1.313 4.059 -0.869 -3.816 -6.090 -6.971 -8.079 -7.980 -8.961 -9.098 -9.560 -10.089 -10.722 -11.112 -11.738 -12.075 -12.142
5.200 1.370 4.115 -0.813 -3.760 -6.034 -6.915 -8.023 -7.923 -8.905 -9.041 -9.504 -10.033 -10.665 -11.056 -11.681 -12.019 -12.086
5.300 1.426 4.172 -0.756 -3.704 -5.977 -6.858 -7.966 -7.867 -8.849 -8.985 -9.447 -9.977 -10.609 -10.999 -11.625 -11.963 -12.030
5.400 1.483 4.228 -0.700 -3.647 -5.921 -6.802 -7.910 -7.810 -8.792 -8.928 -9.391 -9.920 -10.552 -10.943 -11.568 -11.906 -11.973
5.500 1.539 4.285 -0.643 -3.591 -5.864 -6.745 -7.853 -7.754 -8.735 -8.872 -9.334 -9.864 -10.496 -10.886 -11.512 -11.849 -11.916
5.600 1.596 4.341 -0.587 -3.534 -5.808 -6.689 -7.796 -7.697 -8.679 -8.815 -9.277 -9.807 -10.439 -10.830 -11.455 -11.793 -11.860
5.700 1.652 4.398 -0.530 -3.478 -5.751 -6.632 -7.740 -7.641 -8.622 -8.759 -9.221 -9.750 -10.383 -10.773 -11.399 -11.736 -11.803
5.800 1.708 4.454 -0.474 -3.422 -5.695 -6.576 -7.684 -7.585 -8.567 -8.703 -9.165 -9.695 -10.327 -10.717 -11.343 -11.680 -11.747
5.900 1.764 4.509 -0.419 -3.366 -5.640 -6.521 -7.629 -7.529 -8.511 -8.647 -9.110 -9.639 -10.271 -10.662 -11.287 -11.625 -11.692
6.000 1.819 4.564 -0.364 -3.311 -5.585 -6.466 -7.573 -7.474 -8.456 -8.592 -9.054 -9.584 -10.216 -10.607 -11.232 -11.570 -11.637
6.100 1.873 4.619 -0.309 -3.256 -5.530 -6.411 -7.519 -7.420 -8.401 -8.537 -9.000 -9.529 -10.162 -10.552 -11.178 -11.515 -11.582
6.200 1.927 4.673 -0.255 -3.202 -5.476 -6.357 -7.465 -7.366 -8.347 -8.484 -8.946 -9.475 -10.108 -10.498 -11.124 -11.461 -11.528
6.300 1.980 4.726 -0.202 -3.150 -5.423 -6.304 -7.412 -7.313 -8.294 -8.431 -8.893 -9.423 -10.055 -10.445 -11.071 -11.408 -11.475
6.400 2.032 4.778 -0.150 -3.097 -5.371 -6.252 -7.360 -7.261 -8.242 -8.378 -8.841 -9.370 -10.003 -10.393 -11.019 -11.356 -11.423
6.500 2.084 4.829 -0.099 -3.046 -5.320 -6.201 -7.309 -7.209 -8.191 -8.327 -8.790 -9.319 -9.951 -10.342 -10.967 -11.305 -11.372
6.600 2.134 4.879 -0.049 -2.996 -5.269 -6.150 -7.258 -7.159 -8.141 -8.277 -8.739 -9.269 -9.901 -10.292 -10.917 -11.255 -11.322
6.700 2.183 4.929 0.001 -2.947 -5.220 -6.101 -7.209 -7.110 -8.091 -8.228 -8.690 -9.219 -9.852 -10.242 -10.868 -11.205 -11.272
6.800 2.232 4.977 0.049 -2.898 -5.172 -6.053 -7.161 -7.061 -8.043 -8.179 -8.642 -9.171 -9.804 -10.194 -10.819 -11.157 -11.224
6.900 2.279 5.024 0.096 -2.851 -5.125 -6.006 -7.114 -7.014 -7.996 -8.132 -8.595 -9.124 -9.756 -10.147 -10.772 -11.110 -11.177
7.000 2.325 5.070 0.142 -2.805 -5.079 -5.960 -7.067 -6.968 -7.950 -8.086 -8.548 -9.078 -9.710 -10.101 -10.726 -11.064 -11.131
7.100 2.370 5.115 0.188 -2.760 -5.033 -5.914 -7.022 -6.923 -7.905 -8.041 -8.503 -9.033 -9.665 -10.055 -10.681 -11.019 -11.086
7.200 2.414 5.159 0.232 -2.716 -4.989 -5.870 -6.978 -6.879 -7.861 -7.997 -8.459 -8.989 -9.621 -10.011 -10.637 -10.975 -11.042
7.300 2.457 5.202 0.274 -2.673 -4.947 -5.828 -6.935 -6.836 -7.818 -7.954 -8.416 -8.946 -9.578 -9.969 -10.594 -10.932 -10.999
7.400 2.499 5.244 0.316 -2.631 -4.905 -5.786 -6.894 -6.794 -7.776 -7.912 -8.375 -8.904 -9.536 -9.927 -10.552 -10.890 -10.957
7.500 2.539 5.285 0.357 -2.590 -4.864 -5.745 -6.853 -6.754 -7.735 -7.872 -8.334 -8.863 -9.496 -9.886 -10.512 -10.849 -10.916
7.600 2.579 5.325 0.397 -2.551 -4.824 -5.705 -6.813 -6.714 -7.696 -7.832 -8.294 -8.824 -9.456 -9.846 -10.472 -10.809 -10.876
7.700 2.618 5.363 0.435 -2.512 -4.786 -5.667 -6.774 -6.675 -7.657 -7.793 -8.255 -8.785 -9.417 -9.808 -10.433 -10.771 -10.838
7.800 2.655 5.401 0.473 -2.474 -4.748 -5.629 -6.737 -6.638 -7.619 -7.755 -8.218 -8.747 -9.380 -9.770 -10.395 -10.733 -10.800
7.900 2.692 5.438 0.510 -2.437 -4.711 -5.592 -6.700 -6.601 -7.582 -7.719 -8.181 -8.710 -9.343 -9.733 -10.359 -10.696 -10.763
8.000 2.728 5.474 0.546 -2.402 -4.675 -5.556 -6.664 -6.565 -7.546 -7.683 -8.145 -8.675 -9.307 -9.697 -10.323 -10.660 -10.727
8.100 2.763 5.509 0.581 -2.367 -4.640 -5.521 -6.629 -6.530 -7.511 -7.648 -8.110 -8.639 -9.272 -9.662 -10.288 -10.625 -10.692
8.200 2.797 5.543 0.615 -2.332 -4.606 -5.487 -6.595 -6.496 -7.477 -7.613 -8.076 -8.605 -9.238 -9.628 -10.254 -10.591 -10.658
8.300 2.831 5.576 0.648 -2.299 -4.573 -5.454 -6.561 -6.462 -7.444 -7.580 -8.042 -8.572 -9.204 -9.595 -10.220 -10.558 -10.625
8.400 2.863 5.609 0.681 -2.266 -4.540 -5.421 -6.529 -6.430 -7.411 -7.547 -8.010 -8.539 -9.172 -9.562 -10.188 -10.525 -10.592
8.500 2.895 5.641 0.713 -2.234 -4.508 -5.389 -6.497 -6.398 -7.379 -7.515 -7.978 -8.507 -9.140 -9.530 -10.156 -10.493 -10.560
8.600 2.927 5.672 0.744 -2.203 -4.477 -5.358 -6.466 -6.366 -7.348 -7.484 -7.947 -8.476 -9.109 -9.499 -10.124 -10.462 -10.529
8.700 2.957 5.703 0.775 -2.173 -4.446 -5.327 -6.435 -6.336 -7.317 -7.454 -7.916 -8.446 -9.078 -9.468 -10.094 -10.431 -10.498
8.800 2.987 5.733 0.805 -2.143 -4.416 -5.297 -6.405 -6.306 -7.287 -7.424 -7.886 -8.416 -9.048 -9.438 -10.064 -10.401 -10.468
8.900 3.017 5.762 0.834 -2.113 -4.387 -5.268 -6.376 -6.276 -7.258 -7.394 -7.857 -8.386 -9.019 -9.409 -10.034 -10.372 -10.439
9.000 3.045 5.791 0.863 -2.084 -4.358 -5.239 -6.347 -6.248 -7.229 -7.365 -7.828 -8.357 -8.990 -9.380 -10.006 -10.343 -10.410
9.100 3.074 5.819 0.891 -2.056 -4.330 -5.211 -6.319 -6.219 -7.201 -7.337 -7.800 -8.329 -8.961 -9.352 -9.977 -10.315 -10.382
9.200 3.102 5.847 0.919 -2.028 -4.302 -5.183 -6.291 -6.191 -7.173 -7.309 -7.772 -8.301 -8.934 -9.324 -9.949 -10.287 -10.354
9.300 3.129 5.875 0.947 -2.001 -4.274 -5.155 -6.263 -6.164 -7.146 -7.282 -7.744 -8.274 -8.906 -9.296 -9.922 -10.260 -10.327
9.400 3.156 5.901 0.974 -1.974 -4.247 -5.128 -6.236 -6.137 -7.119 -7.255 -7.717 -8.247 -8.879 -9.269 -9.895 -10.233 -10.300
9.500 3.182 5.928 1.000 -1.947 -4.221 -5.102 -6.210 -6.111 -7.092 -7.228 -7.691 -8.220 -8.853 -9.243 -9.869 -10.206 -10.273
9.600 3.209 5.954 1.026 -1.921 -4.195 -5.076 -6.184 -6.084 -7.066 -7.202 -7.665 -8.194 -8.827 -9.217 -9.842 -10.180 -10.247
9.700 3.234 5.980 1.052 -1.895 -4.169 -5.050 -6.158 -6.059 -7.040 -7.177 -7.639 -8.168 -8.801 -9.191 -9.817 -10.154 -10.221
9.800 3.260 6.005 1.077 -1.870 -4.144 -5.025 -6.133 -6.033 -7.015 -7.151 -7.614 -8.143 -8.775 -9.166 -9.791 -10.129 -10.196
9.900 3.285 6.030 1.102 -1.845 -4.119 -5.000 -6.108 -6.008 -6.990 -7.126 -7.589 -8.118 -8.750 -9.141 -9.766 -10.104 -10.171
10.000 3.309 6.055 1.127 -1.820 -4.094 -4.975 -6.083 -5.984 -6.965 -7.101 -7.564 -8.093 -8.726 -9.116 -9.742 -10.079 -10.146
10.100 3.334 6.079 1.151 -1.796 -4.070 -4.951 -6.058 -5.959 -6.941 -7.077 -7.539 -8.069 -8.701 -9.092 -9.717 -10.055 -10.122
10.200 3.358 6.103 1.175 -1.772 -4.045 -4.926 -6.034 -5.935 -6.917 -7.053 -7.515 -8.045 -8.677 -9.067 -9.693 -10.031 -10.098
10.300 3.382 6.127 1.199 -1.748 -4.022 -4.903 -6.011 -5.911 -6.893 -7.029 -7.492 -8.021 -8.653 -9.044 -9.669 -10.007 -10.074
10.400 3.405 6.151 1.223 -1.725 -3.998 -4.879 -5.987 -5.888 -6.869 -7.006 -7.468 -7.997 -8.630 -9.020 -9.646 -9.983 -10.050
10.500 3.428 6.174 1.246 -1.701 -3.975 -4.856 -5.964 -5.865 -6.846 -6.982 -7.445 -7.974 -8.607 -8.997 -9.622 -9.960 -10.027
10.600 3.451 6.197 1.269 -1.678 -3.952 -4.833 -5.941 -5.842 -6.823 -6.959 -7.422 -7.951 -8.584 -8.974 -9.599 -9.937 -10.004
10.700 3.474 6.220 1.292 -1.656 -3.929 -4.810 -5.918 -5.819 -6.800 -6.937 -7.399 -7.928 -8.561 -8.951 -9.577 -9.914 -9.981
10.800 3.497 6.242 1.314 -1.633 -3.907 -4.788 -5.896 -5.796 -6.778 -6.914 -7.377 -7.906 -8.538 -8.929 -9.554 -9.892 -9.959
10.900 3.519 6.265 1.337 -1.611 -3.884 -4.765 -5.873 -5.774 -6.756 -6.892 -7.354 -7.884 -8.516 -8.906 -9.532 -9.870 -9.937
11.000 3.541 6.287 1.359 -1.589 -3.862 -4.743 -5.851 -5.752 -6.734 -6.870 -7.332 -7.862 -8.494 -8.884 -9.510 -9.848 -9.915
11.100 3.563 6.308 1.380 -1.567 -3.841 -4.722 -5.829 -5.730 -6.712 -6.848 -7.310 -7.840 -8.472 -8.863 -9.488 -9.826 -9.893
11.200 3.584 6.330 1.402 -1.545 -3.819 -4.700 -5.808 -5.709 -6.690 -6.826 -7.289 -7.818 -8.451 -8.841 -9.467 -9.804 -9.871
11.300 3.606 6.351 1.423 -1.524 -3.798 -4.679 -5.786 -5.687 -6.669 -6.805 -7.267 -7.797 -8.429 -8.820 -9.445 -9.783 -9.850
11.400 3.627 6.373 1.445 -1.503 -3.776 -4.657 -5.765 -5.666 -6.648 -6.784 -7.246 -7.776 -8.408 -8.798 -9.424 -9.762 -9.829
11.500 3.648 6.394 1.466 -1.482 -3.755 -4.636 -5.744 -5.645 -6.627 -6.763 -7.225 -7.755 -8.387 -8.777 -9.403 -9.741 -9.808
11.600 3.669 6.414 1.486 -1.461 -3.735 -4.616 -5.723 -5.624 -6.606 -6.742 -7.204 -7.734 -8.366 -8.757 -9.382 -9.720 -9.787
11.700 3.689 6.435 1.507 -1.440 -3.714 -4.595 -5.703 -5.604 -6.585 -6.721 -7.184 -7.713 -8.346 -8.736 -9.362 -9.699 -9.766
11.800 3.710 6.455 1.527 -1.420 -3.694 -4.575 -5.682 -5.583 -6.565 -6.701 -7.163 -7.693 -8.325 -8.716 -9.341 -9.679 -9.746
11.900 3.730 6.476 1.548 -1.400 -3.673 -4.554 -5.662 -5.563 -6.545 -6.681 -7.143 -7.673 -8.305 -8.695 -9.321 -9.659 -9.726
12.000 3.750 6.496 1.568 -1.380 -3.653 -4.534 -5.642 -5.543 -6.525 -6.661 -7.123 -7.653 -8.285 -8.675 -9.301 -9.638 -9.706
12.100 3.770 6.515 1.588 -1.360 -3.633 -4.514 -5.622 -5.523 -6.505 -6.641 -7.103 -7.633 -8.265 -8.655 -9.281 -9.619 -9.686
12.200 3.790 6.535 1.607 -1.340 -3.614 -4.495 -5.603 -5.503 -6.485 -6.621 -7.084 -7.613 -8.245 -8.636 -9.261 -9.599 -9.666
12.300 3.809 6.555 1.627 -1.321 -3.594 -4.475 -5.583 -5.484 -6.466 -6.602 -7.064 -7.594 -8.226 -8.616 -9.242 -9.579 -9.646
12.400 3.828 6.574 1.646 -1.301 -3.575 -4.456 -5.564 -5.464 -6.446 -6.582 -7.045 -7.574 -8.207 -8.597 -9.222 -9.560 -9.627
12.500 3.848 6.593 1.665 -1.282 -3.556 -4.437 -5.545 -5.445 -6.427 -6.563 -7.026 -7.555 -8.187 -8.578 -9.203 -9.541 -9.608
12.600 3.867 6.612 1.684 -1.263 -3.537 -4.418 -5.526 -5.426 -6.408 -6.544 -7.007 -7.536 -8.168 -8.559 -9.184 -9.522 -9.589
12.700 3.886 6.631 1.703 -1.244 -3.518 -4.399 -5.507 -5.407 -6.389 -6.525 -6.988 -7.517 -8.149 -8.540 -9.165 -9.503 -9.570
12.800 3.904 6.650 1.722 -1.225 -3.499 -4.380 -5.488 -5.389 -6.370 -6.506 -6.969 -7.498 -8.131 -8.521 -9.147 -9.484 -9.551
12.900 3.923 6.669 1.741 -1.207 -3.480 -4.361 -5.469 -5.370 -6.352 -6.488 -6.950 -7.480 -8.112 -8.502 -9.128 -9.466 -9.533
13.000 3.941 6.687 1.759 -1.188 -3.462 -4.343 -5.451 -5.352 -6.333 -6.469 -6.932 -7.461 -8.094 -8.484 -9.110 -9.447 -9.514
13.100 3.960 6.705 1.777 -1.170 -3.444 -4.325 -5.433 -5.333 -6.315 -6.451 -6.914 -7.443 -8.075 -8.466 -9.091 -9.429 -9.496
13.200 3.978 6.723 1.795 -1.152 -3.426 -4.307 -5.414 -5.315 -6.297 -6.433 -6.895 -7.425 -8.057 -8.448 -9.073 -9.411 -9.478
13.300 3.996 6.741 1.813 -1.134 -3.408 -4.289 -5.396 -5.297 -6.279 -6.415 -6.877 -7.407 -8.039 -8.430 -9.055 -9.393 -9.460
13.400 4.014 6.759 1.831 -1.116 -3.390 -4.271 -5.379 -5.279 -6.261 -6.397 -6.860 -7.389 -8.021 -8.412 -9.037 -9.375 -9.442
13.500 4.031 6.777 1.849 -1.098 -3.372 -4.253 -5.361 -5.262 -6.243 -6.379 -6.842 -7.371 -8.004 -8.394 -9.020 -9.357 -9.424
13.600 4.049 6.795 1.867 -1.081 -3.354 -4.235 -5.343 -5.244 -6.226 -6.362 -6.824 -7.354 -7.986 -8.376 -9.002 -9.340 -9.407
13.700 4.066 6.812 1.884 -1.063 -3.337 -4.218 -5.326 -5.227 -6.208 -6.344 -6.807 -7.336 -7.969 -8.359 -8.984 -9.322 -9.389
13.800 4.084 6.829 1.901 -1.046 -3.320 -4.201 -5.308 -5.209 -6.191 -6.327 -6.789 -7.319 -7.951 -8.342 -8.967 -9.305 -9.372
13.900 4.101 6.847 1.919 -1.029 -3.302 -4.183 -5.291 -5.192 -6.174 -6.310 -6.772 -7.302 -7.934 -8.324 -8.950 -9.288 -9.355
14.000 4.118 6.864 1.936 -1.012 -3.285 -4.166 -5.274 -5.175 -6.157 -6.293 -6.755 -7.285 -7.917 -8.307 -8.933 -9.270 -9.337
14.100 4.135 6.881 1.953 -0.995 -3.268 -4.149 -5.257 -5.158 -6.140 -6.276 -6.738 -7.268 -7.900 -8.290 -8.916 -9.254 -9.321
14.200 4.152 6.897 1.969 -0.978 -3.252 -4.133 -5.240 -5.141 -6.123 -6.259 -6.721 -7.251 -7.883 -8.274 -8.899 -9.237 -9.304
14.300 4.169 6.914 1.986 -0.961 -3.235 -4.116 -5.224 -5.124 -6.106 -6.242 -6.705 -7.234 -7.867 -8.257 -8.882 -9.220 -9.287
14.400 4.185 6.931 2.003 -0.945 -3.218 -4.099 -5.207 -5.108 -6.090 -6.226 -6.688 -7.218 -7.850 -8.240 -8.866 -9.203 -9.270
14.500 4.202 6.947 2.019 -0.928 -3.202 -4.083 -5.191 -5.091 -6.073 -6.209 -6.672 -7.201 -7.834 -8.224 -8.849 -9.187 -9.254
14.600 4.218 6.963 2.036 -0.912 -3.185 -4.066 -5.174 -5.075 -6.057 -6.193 -6.655 -7.185 -7.817 -8.207 -8.833 -9.171 -9.238
14.700 4.234 6.980 2.052 -0.896 -3.169 -4.050 -5.158 -5.059 -6.040 -6.177 -6.639 -7.169 -7.801 -8.191 -8.817 -9.154 -9.221
14.800 4.250 6.996 2.068 -0.879 -3.153 -4.034 -5.142 -5.043 -6.024 -6.161 -6.623 -7.152 -7.785 -8.175 -8.801 -9.138 -9.205
14.900 4.266 7.012 2.084 -0.863 -3.137 -4.018 -5.126 -5.027 -6.008 -6.145 -6.607 -7.136 -7.769 -8.159 -8.785 -9.122 -9.189
15.000 4.282 7.028 2.100 -0.848 -3.121 -4.002 -5.110 -5.011 -5.992 -6.129 -6.591 -7.121 -7.753 -8.143 -8.769 -9.106 -9.173
