# day W2 M2 W1 u B g V c r w o i z y J H K
0.000 -8.209 -8.065 -7.896 -7.199 -6.878 -6.718 -6.439 -6.548 -6.204 -6.365 -6.073 -5.813 -5.517 -5.287 -4.817 -4.203 -3.630
0.100 -13.609 -13.747 -13.776 -13.763 -13.650 -13.580 -13.449 -13.496 -13.323 -13.389 -13.249 -13.092 -12.899 -12.739 -12.398 -11.908 -11.426
0.200 -13.729 -13.988 -14.134 -14.417 -14.390 -14.354 -14.275 -14.302 -14.184 -14.222 -14.130 -14.005 -13.844 -13.706 -13.409 -12.963 -12.514
0.300 -13.388 -13.747 -14.015 -14.574 -14.636 -14.636 -14.611 -14.617 -14.556 -14.568 -14.520 -14.426 -14.294 -14.177 -13.918 -13.510 -13.090
0.400 -12.743 -13.192 -13.602 -14.449 -14.615 -14.657 -14.694 -14.679 -14.683 -14.667 -14.670 -14.611 -14.514 -14.420 -14.204 -13.837 -13.447
0.500 -11.833 -12.354 -12.935 -14.092 -14.382 -14.475 -14.586 -14.546 -14.628 -14.584 -14.644 -14.628 -14.574 -14.508 -14.343 -14.024 -13.669
0.600 -10.771 -11.328 -12.093 -13.557 -13.986 -14.137 -14.331 -14.268 -14.436 -14.368 -14.487 -14.521 -14.518 -14.486 -14.382 -14.118 -13.803
0.700 -9.704 -10.242 -11.149 -12.864 -13.439 -13.655 -13.940 -13.855 -14.116 -14.031 -14.210 -14.300 -14.357 -14.366 -14.334 -14.136 -13.868
0.800 -8.896 -9.401 -10.304 -12.103 -12.798 -13.073 -13.444 -13.342 -13.694 -13.604 -13.837 -13.985 -14.110 -14.165 -14.216 -14.095 -13.879
0.900 -8.411 -8.926 -9.740 -11.432 -12.160 -12.470 -12.902 -12.795 -13.218 -13.137 -13.410 -13.613 -13.809 -13.913 -14.051 -14.002 -13.832
1.000 -8.088 -8.631 -9.414 -10.987 -11.654 -11.957 -12.402 -12.299 -12.754 -12.694 -12.984 -13.229 -13.488 -13.638 -13.860 -13.881 -13.752
1.100 -7.804 -8.367 -9.179 -10.736 -11.326 -11.596 -12.009 -11.917 -12.358 -12.319 -12.605 -12.869 -13.172 -13.359 -13.657 -13.744 -13.657
1.200 -7.515 -8.088 -8.957 -10.569 -11.128 -11.371 -11.742 -11.658 -12.063 -12.036 -12.306 -12.567 -12.891 -13.102 -13.458 -13.604 -13.558
1.300 -7.213 -7.788 -8.727 -10.423 -10.989 -11.221 -11.565 -11.483 -11.855 -11.827 -12.081 -12.325 -12.648 -12.871 -13.268 -13.464 -13.457
1.400 -6.896 -7.466 -8.480 -10.271 -10.870 -11.109 -11.451 -11.366 -11.726 -11.689 -11.936 -12.165 -12.473 -12.691 -13.100 -13.323 -13.339
1.500 -6.559 -7.117 -8.213 -10.104 -10.752 -11.009 -11.372 -11.281 -11.655 -11.610 -11.863 -12.088 -12.382 -12.588 -12.973 -13.178 -13.185
1.600 -6.207 -6.747 -7.929 -9.919 -10.619 -10.896 -11.282 -11.186 -11.578 -11.526 -11.787 -12.013 -12.298 -12.495 -12.860 -13.049 -13.048
1.700 -5.837 -6.350 -7.624 -9.714 -10.468 -10.767 -11.180 -11.078 -11.491 -11.434 -11.705 -11.936 -12.218 -12.408 -12.758 -12.933 -12.923
1.800 -5.452 -5.929 -7.301 -9.489 -10.301 -10.622 -11.064 -10.957 -11.394 -11.334 -11.617 -11.855 -12.137 -12.325 -12.664 -12.826 -12.808
1.900 -5.053 -5.483 -6.961 -9.246 -10.118 -10.464 -10.936 -10.824 -11.288 -11.226 -11.521 -11.769 -12.057 -12.244 -12.576 -12.729 -12.704
2.000 -4.641 -5.013 -6.604 -8.984 -9.919 -10.291 -10.796 -10.679 -11.171 -11.109 -11.417 -11.677 -11.974 -12.164 -12.493 -12.640 -12.609
2.100 -4.215 -4.515 -6.228 -8.701 -9.704 -10.103 -10.642 -10.521 -11.044 -10.983 -11.304 -11.579 -11.887 -12.082 -12.414 -12.557 -12.522
2.200 -3.781 -3.994 -5.839 -8.402 -9.474 -9.902 -10.477 -10.352 -10.907 -10.849 -11.184 -11.475 -11.798 -11.999 -12.337 -12.479 -12.442
2.300 -3.338 -3.449 -5.437 -8.084 -9.230 -9.688 -10.300 -10.173 -10.760 -10.708 -11.056 -11.363 -11.704 -11.914 -12.261 -12.406 -12.368
2.400 -2.890 -2.880 -5.023 -7.749 -8.972 -9.462 -10.112 -9.983 -10.604 -10.559 -10.921 -11.246 -11.605 -11.826 -12.186 -12.336 -12.298
2.500 -2.438 -2.286 -4.598 -7.397 -8.701 -9.224 -9.914 -9.784 -10.439 -10.403 -10.778 -11.122 -11.502 -11.735 -12.110 -12.268 -12.233
2.600 -1.984 -1.671 -4.166 -7.029 -8.419 -8.975 -9.707 -9.576 -10.267 -10.241 -10.628 -10.992 -11.395 -11.640 -12.033 -12.201 -12.170
2.700 -1.532 -1.037 -3.730 -6.649 -8.127 -8.719 -9.493 -9.362 -10.088 -10.075 -10.473 -10.856 -11.283 -11.542 -11.956 -12.135 -12.109
2.800 -1.086 -0.384 -3.294 -6.257 -7.828 -8.455 -9.272 -9.143 -9.903 -9.905 -10.314 -10.717 -11.168 -11.442 -11.876 -12.070 -12.051
2.900 -0.647 0.285 -2.860 -5.857 -7.523 -8.187 -9.047 -8.920 -9.715 -9.732 -10.151 -10.573 -11.049 -11.338 -11.796 -12.004 -11.993
3.000 -0.219 0.965 -2.433 -5.451 -7.216 -7.917 -8.819 -8.695 -9.523 -9.557 -9.986 -10.426 -10.927 -11.232 -11.713 -11.938 -11.936
3.100 0.192 1.649 -2.019 -5.046 -6.910 -7.647 -8.592 -8.471 -9.331 -9.383 -9.819 -10.278 -10.804 -11.123 -11.630 -11.872 -11.880
3.200 0.582 2.327 -1.624 -4.649 -6.610 -7.383 -8.367 -8.250 -9.140 -9.210 -9.654 -10.129 -10.679 -11.014 -11.545 -11.806 -11.824
3.300 0.947 2.985 -1.253 -4.265 -6.321 -7.126 -8.147 -8.034 -8.952 -9.040 -9.490 -9.981 -10.554 -10.904 -11.459 -11.739 -11.768
3.400 1.281 3.598 -0.912 -3.905 -6.046 -6.880 -7.935 -7.827 -8.770 -8.874 -9.329 -9.835 -10.429 -10.793 -11.373 -11.672 -11.713
3.500 1.583 4.142 -0.605 -3.575 -5.789 -6.649 -7.733 -7.629 -8.593 -8.714 -9.173 -9.692 -10.306 -10.683 -11.286 -11.604 -11.658
3.600 1.848 4.591 -0.334 -3.282 -5.555 -6.435 -7.543 -7.443 -8.425 -8.561 -9.023 -9.552 -10.184 -10.574 -11.199 -11.537 -11.603
3.700 1.925 4.671 -0.257 -3.205 -5.478 -6.359 -7.467 -7.368 -8.350 -8.486 -8.948 -9.478 -10.110 -10.500 -11.126 -11.464 -11.531
3.800 1.996 4.742 -0.186 -3.134 -5.407 -6.288 -7.396 -7.297 -8.279 -8.415 -8.877 -9.407 -10.039 -10.429 -11.055 -11.393 -11.460
3.900 2.065 4.810 -0.118 -3.065 -5.339 -6.220 -7.327 -7.228 -8.210 -8.346 -8.808 -9.338 -9.970 -10.361 -10.986 -11.324 -11.391
4.000 2.132 4.877 -0.051 -2.998 -5.272 -6.153 -7.261 -7.161 -8.143 -8.279 -8.742 -9.271 -9.904 -10.294 -10.919 -11.257 -11.324
4.100 2.196 4.942 0.014 -2.934 -5.207 -6.088 -7.196 -7.097 -8.079 -8.215 -8.677 -9.207 -9.839 -10.229 -10.855 -11.193 -11.260
4.200 2.258 5.004 0.076 -2.871 -5.145 -6.026 -7.134 -7.035 -8.016 -8.152 -8.615 -9.144 -9.777 -10.167 -10.793 -11.130 -11.197
4.300 2.319 5.064 0.137 -2.811 -5.084 -5.965 -7.073 -6.974 -7.956 -8.092 -8.554 -9.084 -9.716 -10.106 -10.732 -11.070 -11.137
4.400 2.377 5.123 0.195 -2.752 -5.026 -5.907 -7.015 -6.916 -7.897 -8.033 -8.496 -9.025 -9.658 -10.048 -10.673 -11.011 -11.078
4.500 2.434 5.180 0.252 -2.696 -4.969 -5.850 -6.958 -6.859 -7.840 -7.977 -8.439 -8.969 -9.601 -9.991 -10.617 -10.954 -11.021
4.600 2.489 5.235 0.307 -2.641 -4.914 -5.795 -6.903 -6.804 -7.786 -7.922 -8.384 -8.914 -9.546 -9.936 -10.562 -10.899 -10.966
4.700 2.543 5.288 0.360 -2.587 -4.861 -5.742 -6.850 -6.750 -7.732 -7.868 -8.331 -8.860 -9.493 -9.883 -10.508 -10.846 -10.913
4.800 2.594 5.340 0.412 -2.536 -4.809 -5.690 -6.798 -6.699 -7.680 -7.817 -8.279 -8.808 -9.441 -9.831 -10.457 -10.794 -10.861
4.900 2.644 5.390 0.462 -2.485 -4.759 -5.640 -6.748 -6.649 -7.630 -7.766 -8.229 -8.758 -9.391 -9.781 -10.406 -10.744 -10.811
5.000 2.693 5.439 0.511 -2.436 -4.710 -5.591 -6.699 -6.600 -7.581 -7.717 -8.180 -8.709 -9.342 -9.732 -10.358 -10.695 -10.762
5.100 2.741 5.487 0.559 -2.389 -4.662 -5.543 -6.651 -6.552 -7.534 -7.670 -8.132 -8.662 -9.294 -9.684 -10.310 -10.648 -10.715
5.200 2.787 5.533 0.605 -2.342 -4.616 -5.497 -6.605 -6.506 -7.487 -7.623 -8.086 -8.615 -9.248 -9.638 -10.264 -10.601 -10.668
5.300 2.833 5.578 0.650 -2.297 -4.571 -5.452 -6.560 -6.460 -7.442 -7.578 -8.041 -8.570 -9.202 -9.593 -10.218 -10.556 -10.623
5.400 2.877 5.622 0.694 -2.253 -4.527 -5.408 -6.516 -6.416 -7.398 -7.534 -7.997 -8.526 -9.158 -9.549 -10.174 -10.512 -10.579
5.500 2.920 5.665 0.737 -2.210 -4.484 -5.365 -6.472 -6.373 -7.355 -7.491 -7.953 -8.483 -9.115 -9.506 -10.131 -10.469 -10.536
5.600 2.962 5.708 0.780 -2.168 -4.441 -5.322 -6.430 -6.331 -7.313 -7.449 -7.911 -8.441 -9.073 -9.463 -10.089 -10.427 -10.494
5.700 3.003 5.749 0.821 -2.127 -4.400 -5.281 -6.389 -6.290 -7.271 -7.408 -7.870 -8.400 -9.032 -9.422 -10.048 -10.385 -10.452
5.800 3.044 5.789 0.861 -2.086 -4.360 -5.241 -6.349 -6.249 -7.231 -7.367 -7.830 -8.359 -8.992 -9.382 -10.007 -10.345 -10.412
5.900 3.083 5.829 0.901 -2.047 -4.320 -5.201 -6.309 -6.210 -7.192 -7.328 -7.790 -8.320 -8.952 -9.342 -9.968 -10.305 -10.373
6.000 3.122 5.867 0.939 -2.008 -4.282 -5.163 -6.271 -6.171 -7.153 -7.289 -7.751 -8.281 -8.913 -9.304 -9.929 -10.267 -10.334
6.100 3.160 5.905 0.977 -1.970 -4.244 -5.125 -6.233 -6.133 -7.115 -7.251 -7.714 -8.243 -8.875 -9.266 -9.891 -10.229 -10.296
6.200 3.197 5.943 1.015 -1.933 -4.206 -5.087 -6.195 -6.096 -7.078 -7.214 -7.676 -8.206 -8.838 -9.228 -9.854 -10.192 -10.259
6.300 3.234 5.979 1.051 -1.896 -4.170 -5.051 -6.159 -6.059 -7.041 -7.177 -7.640 -8.169 -8.802 -9.192 -9.817 -10.155 -10.222
6.400 3.269 6.015 1.087 -1.860 -4.134 -5.015 -6.123 -6.024 -7.005 -7.141 -7.604 -8.133 -8.766 -9.156 -9.782 -10.119 -10.186
6.500 3.305 6.050 1.122 -1.825 -4.099 -4.980 -6.088 -5.988 -6.970 -7.106 -7.569 -8.098 -8.730 -9.121 -9.746 -10.084 -10.151
6.600 3.339 6.085 1.157 -1.790 -4.064 -4.945 -6.053 -5.954 -6.935 -7.072 -7.534 -8.063 -8.696 -9.086 -9.712 -10.049 -10.116
6.700 3.373 6.119 1.191 -1.756 -4.030 -4.911 -6.019 -5.920 -6.901 -7.037 -7.500 -8.029 -8.662 -9.052 -9.678 -10.015 -10.082
6.800 3.407 6.152 1.224 -1.723 -3.997 -4.878 -5.985 -5.886 -6.868 -7.004 -7.466 -7.996 -8.628 -9.019 -9.644 -9.982 -10.049
6.900 3.440 6.185 1.257 -1.690 -3.964 -4.845 -5.953 -5.853 -6.835 -6.971 -7.434 -7.963 -8.595 -8.986 -9.611 -9.949 -10.016
7.000 3.472 6.218 1.290 -1.658 -3.931 -4.812 -5.920 -5.821 -6.803 -6.939 -7.401 -7.931 -8.563 -8.953 -9.579 -9.916 -9.983
7.100 3.504 6.250 1.322 -1.626 -3.899 -4.780 -5.888 -5.789 -6.771 -6.907 -7.369 -7.899 -8.531 -8.921 -9.547 -9.884 -9.952
7.200 3.535 6.281 1.353 -1.594 -3.868 -4.749 -5.857 -5.758 -6.739 -6.875 -7.338 -7.867 -8.500 -8.890 -9.516 -9.853 -9.920
7.300 3.566 6.312 1.384 -1.563 -3.837 -4.718 -5.826 -5.727 -6.708 -6.845 -7.307 -7.836 -8.469 -8.859 -9.485 -9.822 -9.889
7.400 3.597 6.342 1.414 -1.533 -3.807 -4.688 -5.795 -5.696 -6.678 -6.814 -7.276 -7.806 -8.438 -8.829 -9.454 -9.792 -9.859
7.500 3.627 6.372 1.444 -1.503 -3.777 -4.658 -5.765 -5.666 -6.648 -6.784 -7.246 -7.776 -8.408 -8.799 -9.424 -9.762 -9.829
7.600 3.656 6.402 1.474 -1.473 -3.747 -4.628 -5.736 -5.637 -6.618 -6.754 -7.217 -7.746 -8.379 -8.769 -9.395 -9.732 -9.799
7.700 3.685 6.431 1.503 -1.444 -3.718 -4.599 -5.707 -5.608 -6.589 -6.725 -7.188 -7.717 -8.350 -8.740 -9.365 -9.703 -9.770
7.800 3.714 6.460 1.532 -1.416 -3.689 -4.570 -5.678 -5.579 -6.560 -6.697 -7.159 -7.689 -8.321 -8.711 -9.337 -9.674 -9.741
7.900 3.742 6.488 1.560 -1.387 -3.661 -4.542 -5.650 -5.550 -6.532 -6.668 -7.131 -7.660 -8.293 -8.683 -9.308 -9.646 -9.713
8.000 3.770 6.516 1.588 -1.359 -3.633 -4.514 -5.622 -5.523 -6.504 -6.640 -7.103 -7.632 -8.265 -8.655 -9.281 -9.618 -9.685
8.100 3.798 6.544 1.616 -1.332 -3.605 -4.486 -5.594 -5.495 -6.477 -6.613 -7.075 -7.605 -8.237 -8.627 -9.253 -9.591 -9.658
8.200 3.825 6.571 1.643 -1.305 -3.578 -4.459 -5.567 -5.468 -6.449 -6.586 -7.048 -7.578 -8.210 -8.600 -9.226 -9.563 -9.630
8.300 3.852 6.598 1.670 -1.278 -3.551 -4.432 -5.540 -5.441 -6.423 -6.559 -7.021 -7.551 -8.183 -8.573 -9.199 -9.537 -9.604
8.400 3.878 6.624 1.696 -1.251 -3.525 -4.406 -5.514 -5.415 -6.396 -6.532 -6.995 -7.524 -8.157 -8.547 -9.173 -9.510 -9.577
8.500 3.905 6.650 1.722 -1.225 -3.499 -4.380 -5.488 -5.388 -6.370 -6.506 -6.969 -7.498 -8.131 -8.521 -9.146 -9.484 -9.551
8.600 3.930 6.676 1.748 -1.199 -3.473 -4.354 -5.462 -5.363 -6.344 -6.480 -6.943 -7.472 -8.105 -8.495 -9.121 -9.458 -9.525
8.700 3.956 6.701 1.773 -1.174 -3.448 -4.329 -5.436 -5.337 -6.319 -6.455 -6.917 -7.447 -8.079 -8.470 -9.095 -9.433 -9.500
8.800 3.981 6.727 1.799 -1.149 -3.422 -4.303 -5.411 -5.312 -6.294 -6.430 -6.892 -7.422 -8.054 -8.444 -9.070 -9.408 -9.475
8.900 4.006 6.751 1.823 -1.124 -3.398 -4.279 -5.386 -5.287 -6.269 -6.405 -6.867 -7.397 -8.029 -8.420 -9.045 -9.383 -9.450
9.000 4.030 6.776 1.848 -1.099 -3.373 -4.254 -5.362 -5.263 -6.244 -6.380 -6.843 -7.372 -8.005 -8.395 -9.021 -9.358 -9.425
9.100 4.055 6.800 1.872 -1.075 -3.349 -4.230 -5.338 -5.238 -6.220 -6.356 -6.819 -7.348 -7.980 -8.371 -8.996 -9.334 -9.401
9.200 4.079 6.824 1.896 -1.051 -3.325 -4.206 -5.314 -5.214 -6.196 -6.332 -6.795 -7.324 -7.957 -8.347 -8.972 -9.310 -9.377
9.300 4.102 6.848 1.920 -1.028 -3.301 -4.182 -5.290 -5.191 -6.172 -6.309 -6.771 -7.300 -7.933 -8.323 -8.949 -9.286 -9.353
9.400 4.126 6.871 1.943 -1.004 -3.278 -4.159 -5.267 -5.167 -6.149 -6.285 -6.748 -7.277 -7.909 -8.300 -8.925 -9.263 -9.330
9.500 4.149 6.894 1.966 -0.981 -3.255 -4.136 -5.243 -5.144 -6.126 -6.262 -6.724 -7.254 -7.886 -8.277 -8.902 -9.240 -9.307
9.600 4.172 6.917 1.989 -0.958 -3.232 -4.113 -5.221 -5.121 -6.103 -6.239 -6.702 -7.231 -7.863 -8.254 -8.879 -9.217 -9.284
9.700 4.194 6.940 2.012 -0.936 -3.209 -4.090 -5.198 -5.099 -6.080 -6.217 -6.679 -7.208 -7.841 -8.231 -8.857 -9.194 -9.261
9.800 4.217 6.962 2.034 -0.913 -3.187 -4.068 -5.176 -5.076 -6.058 -6.194 -6.657 -7.186 -7.818 -8.209 -8.834 -9.172 -9.239
9.900 4.239 6.984 2.056 -0.891 -3.165 -4.046 -5.154 -5.054 -6.036 -6.172 -6.635 -7.164 -7.796 -8.187 -8.812 -9.150 -9.217
10.000 4.261 7.006 2.078 -0.869 -3.143 -4.024 -5.132 -5.032 -6.014 -6.150 -6.613 -7.142 -7.774 -8.165 -8.790 -9.128 -9.195
10.100 4.282 7.028 2.100 -0.848 -3.121 -4.002 -5.110 -5.011 -5.992 -6.129 -6.591 -7.120 -7.753 -8.143 -8.769 -9.106 -9.173
10.200 4.304 7.049 2.121 -0.826 -3.100 -3.981 -5.089 -4.989 -5.971 -6.107 -6.570 -7.099 -7.731 -8.122 -8.747 -9.085 -9.152
10.300 4.325 7.070 2.142 -0.805 -3.079 -3.960 -5.067 -4.968 -5.950 -6.086 -6.548 -7.078 -7.710 -8.101 -8.726 -9.064 -9.131
10.400 4.346 7.091 2.163 -0.784 -3.058 -3.939 -5.046 -4.947 -5.929 -6.065 -6.527 -7.057 -7.689 -8.080 -8.705 -9.043 -9.110
10.500 4.366 7.112 2.184 -0.763 -3.037 -3.918 -5.026 -4.926 -5.908 -6.044 -6.507 -7.036 -7.669 -8.059 -8.684 -9.022 -9.089
10.600 4.387 7.133 2.205 -0.743 -3.016 -3.897 -5.005 -4.906 -5.888 -6.024 -6.486 -7.016 -7.648 -8.038 -8.664 -9.001 -9.069
10.700 4.407 7.153 2.225 -0.722 -2.996 -3.877 -4.985 -4.886 -5.867 -6.003 -6.466 -6.995 -7.628 -8.018 -8.644 -8.981 -9.048
10.800 4.427 7.173 2.245 -0.702 -2.976 -3.857 -4.965 -4.866 -5.847 -5.983 -6.446 -6.975 -7.608 -7.998 -8.623 -8.961 -9.028
10.900 4.447 7.193 2.265 -0.682 -2.956 -3.837 -4.945 -4.846 -5.827 -5.963 -6.426 -6.955 -7.588 -7.978 -8.604 -8.941 -9.008
11.000 4.467 7.213 2.285 -0.663 -2.936 -3.817 -4.925 -4.826 -5.808 -5.944 -6.406 -6.936 -7.568 -7.958 -8.584 -8.921 -8.988
11.100 4.487 7.232 2.304 -0.643 -2.917 -3.798 -4.906 -4.806 -5.788 -5.924 -6.387 -6.916 -7.548 -7.939 -8.564 -8.902 -8.969
11.200 4.506 7.251 2.324 -0.624 -2.897 -3.778 -4.886 -4.787 -5.769 -5.905 -6.367 -6.897 -7.529 -7.919 -8.545 -8.883 -8.950
11.300 4.525 7.271 2.343 -0.605 -2.878 -3.759 -4.867 -4.768 -5.750 -5.886 -6.348 -6.878 -7.510 -7.900 -8.526 -8.863 -8.930
11.400 4.544 7.290 2.362 -0.586 -2.859 -3.740 -4.848 -4.749 -5.731 -5.867 -6.329 -6.859 -7.491 -7.881 -8.507 -8.844 -8.912
11.500 4.563 7.308 2.380 -0.567 -2.841 -3.722 -4.829 -4.730 -5.712 -5.848 -6.310 -6.840 -7.472 -7.863 -8.488 -8.826 -8.893
11.600 4.581 7.327 2.399 -0.548 -2.822 -3.703 -4.811 -4.712 -5.693 -5.829 -6.292 -6.821 -7.454 -7.844 -8.470 -8.807 -8.874
11.700 4.600 7.345 2.417 -0.530 -2.804 -3.685 -4.792 -4.693 -5.675 -5.811 -6.273 -6.803 -7.435 -7.826 -8.451 -8.789 -8.856
11.800 4.618 7.364 2.436 -0.512 -2.785 -3.666 -4.774 -4.675 -5.657 -5.793 -6.255 -6.785 -7.417 -7.807 -8.433 -8.770 -8.837
11.900 4.636 7.382 2.454 -0.494 -2.767 -3.648 -4.756 -4.657 -5.638 -5.775 -6.237 -6.767 -7.399 -7.789 -8.415 -8.752 -8.819
12.000 4.654 7.400 2.472 -0.476 -2.749 -3.630 -4.738 -4.639 -5.621 -5.757 -6.219 -6.749 -7.381 -7.771 -8.397 -8.734 -8.801
12.100 4.672 7.417 2.489 -0.458 -2.731 -3.612 -4.720 -4.621 -5.603 -5.739 -6.201 -6.731 -7.363 -7.753 -8.379 -8.717 -8.784
12.200 4.689 7.435 2.507 -0.440 -2.714 -3.595 -4.703 -4.603 -5.585 -5.721 -6.184 -6.713 -7.346 -7.736 -8.361 -8.699 -8.766
12.300 4.707 7.453 2.525 -0.423 -2.696 -3.577 -4.685 -4.586 -5.568 -5.704 -6.166 -6.696 -7.328 -7.718 -8.344 -8.682 -8.749
12.400 4.724 7.470 2.542 -0.406 -2.679 -3.560 -4.668 -4.569 -5.550 -5.687 -6.149 -6.678 -7.311 -7.701 -8.327 -8.664 -8.731
12.500 4.741 7.487 2.559 -0.388 -2.662 -3.543 -4.651 -4.552 -5.533 -5.669 -6.132 -6.661 -7.294 -7.684 -8.310 -8.647 -8.714
12.600 4.758 7.504 2.576 -0.371 -2.645 -3.526 -4.634 -4.535 -5.516 -5.652 -6.115 -6.644 -7.277 -7.667 -8.293 -8.630 -8.697
12.700 4.775 7.521 2.593 -0.354 -2.628 -3.509 -4.617 -4.518 -5.499 -5.636 -6.098 -6.627 -7.260 -7.650 -8.276 -8.613 -8.680
12.800 4.792 7.538 2.610 -0.338 -2.611 -3.492 -4.600 -4.501 -5.483 -5.619 -6.081 -6.611 -7.243 -7.633 -8.259 -8.597 -8.664
12.900 4.809 7.554 2.626 -0.321 -2.595 -3.476 -4.584 -4.484 -5.466 -5.602 -6.065 -6.594 -7.227 -7.617 -8.242 -8.580 -8.647
13.000 4.825 7.571 2.643 -0.305 -2.578 -3.459 -4.567 -4.468 -5.450 -5.586 -6.048 -6.578 -7.210 -7.600 -8.226 -8.564 -8.631
13.100 4.841 7.587 2.659 -0.288 -2.562 -3.443 -4.551 -4.452 -5.433 -5.570 -6.032 -6.561 -7.194 -7.584 -8.210 -8.547 -8.614
13.200 4.857 7.603 2.675 -0.272 -2.546 -3.427 -4.535 -4.436 -5.417 -5.553 -6.016 -6.545 -7.178 -7.568 -8.194 -8.531 -8.598
13.300 4.873 7.619 2.691 -0.256 -2.530 -3.411 -4.519 -4.420 -5.401 -5.537 -6.000 -6.529 -7.162 -7.552 -8.177 -8.515 -8.582
13.400 4.889 7.635 2.707 -0.240 -2.514 -3.395 -4.503 -4.404 -5.385 -5.521 -5.984 -6.513 -7.146 -7.536 -8.162 -8.499 -8.566
13.500 4.905 7.651 2.723 -0.225 -2.498 -3.379 -4.487 -4.388 -5.369 -5.506 -5.968 -6.498 -7.130 -7.520 -8.146 -8.483 -8.550
13.600 4.921 7.666 2.738 -0.209 -2.483 -3.364 -4.471 -4.372 -5.354 -5.490 -5.952 -6.482 -7.114 -7.505 -8.130 -8.468 -8.535
13.700 4.936 7.682 2.754 -0.193 -2.467 -3.348 -4.456 -4.357 -5.338 -5.475 -5.937 -6.466 -7.099 -7.489 -8.115 -8.452 -8.519
13.800 4.952 7.697 2.769 -0.178 -2.452 -3.333 -4.441 -4.341 -5.323 -5.459 -5.922 -6.451 -7.083 -7.474 -8.099 -8.437 -8.504
13.900 4.967 7.713 2.785 -0.163 -2.436 -3.317 -4.425 -4.326 -5.308 -5.444 -5.906 -6.436 -7.068 -7.458 -8.084 -8.422 -8.489
14.000 4.982 7.728 2.800 -0.148 -2.421 -3.302 -4.410 -4.311 -5.292 -5.429 -5.891 -6.421 -7.053 -7.443 -8.069 -8.406 -8.473
14.100 4.997 7.743 2.815 -0.133 -2.406 -3.287 -4.395 -4.296 -5.277 -5.414 -5.876 -6.405 -7.038 -7.428 -8.054 -8.391 -8.458
14.200 5.012 7.758 2.830 -0.118 -2.391 -3.272 -4.380 -4.281 -5.263 -5.399 -5.861 -6.391 -7.023 -7.413 -8.039 -8.376 -8.443
14.300 5.027 7.773 2.845 -0.103 -2.376 -3.257 -4.365 -4.266 -5.248 -5.384 -5.846 -6.376 -7.008 -7.398 -8.024 -8.362 -8.429
14.400 5.042 7.787 2.859 -0.088 -2.362 -3.243 -4.351 -4.251 -5.233 -5.369 -5.832 -6.361 -6.993 -7.384 -8.009 -8.347 -8.414
14.500 5.056 7.802 2.874 -0.073 -2.347 -3.228 -4.336 -4.237 -5.218 -5.355 -5.817 -6.346 -6.979 -7.369 -7.995 -8.332 -8.399
14.600 5.071 7.816 2.888 -0.059 -2.333 -3.214 -4.322 -4.222 -5.204 -5.340 -5.802 -6.332 -6.964 -7.355 -7.980 -8.318 -8.385
14.700 5.085 7.831 2.903 -0.045 -2.318 -3.199 -4.307 -4.208 -5.190 -5.326 -5.788 -6.318 -6.950 -7.340 -7.966 -8.303 -8.370
14.800 5.099 7.845 2.917 -0.030 -2.304 -3.185 -4.293 -4.194 -5.175 -5.311 -5.774 -6.303 -6.936 -7.326 -7.952 -8.289 -8.356
14.900 5.114 7.859 2.931 -0.016 -2.290 -3.171 -4.279 -4.179 -5.161 -5.297 -5.760 -6.289 -6.922 -7.312 -7.937 -8.275 -8.342
15.000 5.128 7.873 2.945 -0.002 -2.276 -3.157 -4.265 -4.165 -5.147 -5.283 -5.746 -6.275 -6.907 -7.298 -7.923 -8.261 -8.328
