# day W2 M2 W1 u B g V c r w o i z y J H K
0.000 -10.841 -10.637 -10.434 -9.578 -9.211 -9.033 -8.721 -8.846 -8.465 -8.650 -8.324 -8.043 -7.728 -7.486 -6.993 -6.358 -5.771
0.100 -14.977 -15.046 -15.017 -14.825 -14.649 -14.551 -14.372 -14.438 -14.208 -14.303 -14.114 -13.922 -13.692 -13.507 -13.121 -12.588 -12.076
0.200 -14.260 -14.531 -14.688 -14.996 -14.971 -14.934 -14.851 -14.879 -14.753 -14.793 -14.692 -14.557 -14.382 -14.233 -13.913 -13.443 -12.975
0.300 -13.126 -13.546 -13.909 -14.670 -14.807 -14.836 -14.853 -14.844 -14.826 -14.817 -14.803 -14.728 -14.611 -14.501 -14.250 -13.843 -13.420
0.400 -11.644 -12.161 -12.767 -13.988 -14.314 -14.423 -14.557 -14.511 -14.617 -14.565 -14.641 -14.637 -14.592 -14.529 -14.361 -14.029 -13.657
0.500 -10.230 -10.723 -11.483 -13.045 -13.575 -13.774 -14.038 -13.958 -14.199 -14.117 -14.284 -14.361 -14.403 -14.397 -14.331 -14.087 -13.776
0.600 -9.520 -9.965 -10.599 -12.105 -12.756 -13.027 -13.401 -13.301 -13.662 -13.575 -13.814 -13.972 -14.109 -14.168 -14.216 -14.073 -13.827
0.700 -9.234 -9.703 -10.242 -11.498 -12.092 -12.373 -12.791 -12.692 -13.119 -13.053 -13.329 -13.552 -13.777 -13.899 -14.064 -14.023 -13.846
0.800 -9.025 -9.524 -10.073 -11.236 -11.700 -11.935 -12.316 -12.233 -12.655 -12.621 -12.898 -13.157 -13.451 -13.629 -13.902 -13.959 -13.849
0.900 -8.808 -9.332 -9.928 -11.125 -11.514 -11.699 -12.008 -11.942 -12.310 -12.301 -12.555 -12.818 -13.154 -13.374 -13.741 -13.889 -13.842
1.000 -8.574 -9.118 -9.771 -11.050 -11.426 -11.584 -11.838 -11.780 -12.085 -12.085 -12.307 -12.550 -12.897 -13.143 -13.584 -13.814 -13.826
1.100 -8.321 -8.879 -9.596 -10.972 -11.376 -11.537 -11.784 -11.724 -12.009 -12.001 -12.210 -12.433 -12.765 -13.009 -13.465 -13.722 -13.757
1.200 -8.044 -8.613 -9.396 -10.873 -11.321 -11.499 -11.763 -11.697 -11.993 -11.975 -12.190 -12.406 -12.723 -12.955 -13.393 -13.639 -13.668
1.300 -7.748 -8.323 -9.176 -10.754 -11.248 -11.443 -11.730 -11.658 -11.970 -11.945 -12.167 -12.383 -12.691 -12.915 -13.339 -13.575 -13.600
1.400 -7.432 -8.008 -8.935 -10.614 -11.157 -11.372 -11.683 -11.605 -11.938 -11.907 -12.139 -12.359 -12.665 -12.885 -13.300 -13.528 -13.548
1.500 -7.095 -7.666 -8.672 -10.453 -11.047 -11.283 -11.622 -11.538 -11.895 -11.860 -12.105 -12.333 -12.641 -12.860 -13.269 -13.492 -13.509
1.600 -6.741 -7.300 -8.389 -10.273 -10.920 -11.179 -11.549 -11.458 -11.843 -11.805 -12.064 -12.302 -12.617 -12.837 -13.244 -13.464 -13.479
1.700 -6.367 -6.907 -8.085 -10.072 -10.776 -11.060 -11.462 -11.366 -11.781 -11.741 -12.015 -12.267 -12.591 -12.815 -13.224 -13.442 -13.455
1.800 -5.975 -6.488 -7.761 -9.851 -10.616 -10.926 -11.363 -11.261 -11.709 -11.668 -11.958 -12.225 -12.562 -12.791 -13.205 -13.423 -13.435
1.900 -5.569 -6.044 -7.420 -9.611 -10.441 -10.778 -11.252 -11.145 -11.627 -11.588 -11.894 -12.177 -12.529 -12.765 -13.185 -13.406 -13.418
2.000 -5.149 -5.574 -7.060 -9.352 -10.250 -10.617 -11.130 -11.019 -11.537 -11.501 -11.823 -12.124 -12.493 -12.737 -13.166 -13.389 -13.402
2.100 -4.714 -5.075 -6.682 -9.074 -10.044 -10.443 -10.997 -10.882 -11.437 -11.407 -11.745 -12.065 -12.452 -12.706 -13.145 -13.373 -13.387
2.200 -4.270 -4.552 -6.289 -8.778 -9.826 -10.258 -10.856 -10.737 -11.331 -11.308 -11.661 -12.000 -12.407 -12.671 -13.122 -13.354 -13.370
2.300 -3.818 -4.003 -5.884 -8.466 -9.596 -10.064 -10.706 -10.585 -11.219 -11.204 -11.572 -11.931 -12.358 -12.632 -13.096 -13.335 -13.352
2.400 -3.362 -3.430 -5.469 -8.138 -9.357 -9.862 -10.551 -10.428 -11.101 -11.097 -11.479 -11.857 -12.305 -12.591 -13.068 -13.313 -13.333
2.500 -2.906 -2.832 -5.046 -7.796 -9.110 -9.654 -10.391 -10.268 -10.980 -10.987 -11.382 -11.780 -12.249 -12.546 -13.037 -13.290 -13.312
2.600 -2.454 -2.212 -4.621 -7.444 -8.858 -9.443 -10.228 -10.105 -10.856 -10.877 -11.284 -11.700 -12.190 -12.498 -13.004 -13.263 -13.289
2.700 -2.014 -1.573 -4.201 -7.086 -8.606 -9.232 -10.066 -9.944 -10.732 -10.766 -11.184 -11.618 -12.128 -12.447 -12.967 -13.235 -13.264
2.800 -1.592 -0.919 -3.791 -6.726 -8.357 -9.025 -9.906 -9.786 -10.609 -10.657 -11.085 -11.536 -12.065 -12.394 -12.928 -13.204 -13.236
2.900 -1.195 -0.255 -3.401 -6.372 -8.116 -8.825 -9.750 -9.632 -10.487 -10.550 -10.986 -11.452 -12.000 -12.339 -12.887 -13.170 -13.207
3.000 -0.832 0.410 -3.039 -6.031 -7.887 -8.634 -9.600 -9.485 -10.370 -10.446 -10.889 -11.369 -11.933 -12.282 -12.842 -13.134 -13.174
3.100 -0.509 1.059 -2.713 -5.713 -7.674 -8.456 -9.459 -9.347 -10.256 -10.346 -10.794 -11.286 -11.865 -12.222 -12.796 -13.095 -13.139
3.200 -0.230 1.666 -2.429 -5.426 -7.481 -8.293 -9.326 -9.217 -10.148 -10.250 -10.702 -11.204 -11.797 -12.162 -12.747 -13.054 -13.102
3.300 0.005 2.205 -2.189 -5.175 -7.309 -8.145 -9.204 -9.098 -10.046 -10.158 -10.614 -11.125 -11.729 -12.101 -12.697 -13.011 -13.064
3.400 0.199 2.644 -1.990 -4.964 -7.157 -8.012 -9.091 -8.988 -9.949 -10.070 -10.528 -11.046 -11.660 -12.039 -12.644 -12.965 -13.022
3.500 0.357 2.973 -1.828 -4.789 -7.026 -7.894 -8.988 -8.886 -9.858 -9.986 -10.446 -10.970 -11.592 -11.976 -12.590 -12.918 -12.979
3.600 0.488 3.203 -1.695 -4.647 -6.911 -7.788 -8.892 -8.792 -9.771 -9.905 -10.367 -10.894 -11.524 -11.912 -12.534 -12.868 -12.933
3.700 0.573 3.319 -1.609 -4.557 -6.830 -7.711 -8.819 -8.720 -9.702 -9.838 -10.300 -10.830 -11.462 -11.852 -12.478 -12.816 -12.883
3.800 0.628 3.373 -1.555 -4.502 -6.776 -7.657 -8.765 -8.665 -9.647 -9.783 -10.246 -10.775 -11.407 -11.798 -12.423 -12.761 -12.828
3.900 0.683 3.429 -1.499 -4.447 -6.720 -7.601 -8.709 -8.610 -9.591 -9.728 -10.190 -10.720 -11.352 -11.742 -12.368 -12.705 -12.772
4.000 0.740 3.486 -1.442 -4.390 -6.663 -7.544 -8.652 -8.553 -9.535 -9.671 -10.133 -10.663 -11.295 -11.685 -12.311 -12.648 -12.716
4.100 0.798 3.543 -1.385 -4.332 -6.606 -7.487 -8.595 -8.495 -9.477 -9.613 -10.076 -10.605 -11.237 -11.628 -12.253 -12.591 -12.658
4.200 0.856 3.602 -1.326 -4.274 -6.547 -7.428 -8.536 -8.437 -9.419 -9.555 -10.017 -10.547 -11.179 -11.569 -12.195 -12.532 -12.599
4.300 0.916 3.661 -1.267 -4.214 -6.488 -7.369 -8.477 -8.377 -9.359 -9.495 -9.958 -10.487 -11.119 -11.510 -12.135 -12.473 -12.540
4.400 0.976 3.722 -1.206 -4.154 -6.427 -7.308 -8.416 -8.317 -9.299 -9.435 -9.897 -10.427 -11.059 -11.449 -12.075 -12.412 -12.480
4.500 1.037 3.782 -1.146 -4.093 -6.367 -7.248 -8.356 -8.256 -9.238 -9.374 -9.837 -10.366 -10.998 -11.389 -12.014 -12.352 -12.419
4.600 1.098 3.844 -1.084 -4.032 -6.305 -7.186 -8.294 -8.195 -9.176 -9.313 -9.775 -10.305 -10.937 -11.327 -11.953 -12.290 -12.357
4.700 1.160 3.906 -1.022 -3.970 -6.243 -7.124 -8.232 -8.133 -9.115 -9.251 -9.713 -10.243 -10.875 -11.265 -11.891 -12.228 -12.296
4.800 1.223 3.968 -0.960 -3.907 -6.181 -7.062 -8.170 -8.070 -9.052 -9.188 -9.651 -10.180 -10.812 -11.203 -11.828 -12.166 -12.233
4.900 1.285 4.031 -0.897 -3.845 -6.118 -6.999 -8.107 -8.008 -8.989 -9.126 -9.588 -10.118 -10.750 -11.140 -11.766 -12.103 -12.170
5.000 1.348 4.094 -0.834 -3.782 -6.055 -6.936 -8.044 -7.945 -8.927 -9.063 -9.525 -10.055 -10.687 -11.077 -11.703 -12.041 -12.108
5.100 1.411 4.157 -0.771 -3.719 -5.992 -6.873 -7.981 -7.882 -8.864 -9.000 -9.462 -9.992 -10.624 -11.014 -11.640 -11.978 -12.045
5.200 1.474 4.219 -0.709 -3.656 -5.930 -6.811 -7.918 -7.819 -8.801 -8.937 -9.399 -9.929 -10.561 -10.952 -11.577 -11.915 -11.982
5.300 1.537 4.282 -0.646 -3.593 -5.867 -6.748 -7.856 -7.756 -8.738 -8.874 -9.337 -9.866 -10.499 -10.889 -11.514 -11.852 -11.919
5.400 1.599 4.345 -0.583 -3.531 -5.804 -6.685 -7.793 -7.694 -8.676 -8.812 -9.274 -9.804 -10.436 -10.826 -11.452 -11.789 -11.857
5.500 1.661 4.407 -0.521 -3.469 -5.742 -6.623 -7.731 -7.632 -8.614 -8.750 -9.212 -9.742 -10.374 -10.764 -11.390 -11.728 -11.795
5.600 1.722 4.468 -0.460 -3.407 -5.681 -6.562 -7.670 -7.570 -8.552 -8.688 -9.151 -9.680 -10.313 -10.703 -11.328 -11.666 -11.733
5.700 1.783 4.529 -0.399 -3.346 -5.620 -6.501 -7.609 -7.509 -8.491 -8.627 -9.090 -9.619 -10.252 -10.642 -11.267 -11.605 -11.672
5.800 1.844 4.589 -0.339 -3.286 -5.560 -6.441 -7.549 -7.449 -8.431 -8.567 -9.030 -9.559 -10.191 -10.582 -11.207 -11.545 -11.612
5.900 1.903 4.648 -0.280 -3.227 -5.501 -6.382 -7.489 -7.390 -8.372 -8.508 -8.970 -9.500 -10.132 -10.523 -11.148 -11.486 -11.553
6.000 1.961 4.707 -0.221 -3.168 -5.442 -6.323 -7.431 -7.332 -8.313 -8.450 -8.912 -9.441 -10.074 -10.464 -11.090 -11.427 -11.494
6.100 2.019 4.764 -0.164 -3.111 -5.385 -6.266 -7.373 -7.274 -8.256 -8.392 -8.854 -9.384 -10.016 -10.407 -11.032 -11.370 -11.437
6.200 2.075 4.821 -0.107 -3.054 -5.328 -6.209 -7.317 -7.218 -8.199 -8.336 -8.798 -9.327 -9.960 -10.350 -10.976 -11.313 -11.380
6.300 2.130 4.876 -0.052 -2.999 -5.273 -6.154 -7.262 -7.162 -8.144 -8.280 -8.743 -9.272 -9.905 -10.295 -10.920 -11.258 -11.325
6.400 2.185 4.930 0.002 -2.945 -5.219 -6.100 -7.208 -7.108 -8.090 -8.226 -8.689 -9.218 -9.851 -10.241 -10.866 -11.204 -11.271
6.500 2.237 4.983 0.055 -2.892 -5.166 -6.047 -7.155 -7.056 -8.037 -8.173 -8.636 -9.165 -9.798 -10.188 -10.814 -11.151 -11.218
6.600 2.289 5.035 0.107 -2.841 -5.114 -5.995 -7.103 -7.004 -7.986 -8.122 -8.584 -9.114 -9.746 -10.136 -10.762 -11.100 -11.167
6.700 2.339 5.085 0.157 -2.790 -5.064 -5.945 -7.053 -6.954 -7.935 -8.071 -8.534 -9.063 -9.696 -10.086 -10.712 -11.049 -11.116
6.800 2.388 5.134 0.206 -2.741 -5.015 -5.896 -7.004 -6.905 -7.886 -8.022 -8.485 -9.014 -9.647 -10.037 -10.663 -11.000 -11.067
6.900 2.436 5.182 0.254 -2.694 -4.967 -5.848 -6.956 -6.857 -7.838 -7.975 -8.437 -8.967 -9.599 -9.989 -10.615 -10.952 -11.019
7.000 2.483 5.228 0.300 -2.647 -4.921 -5.802 -6.910 -6.810 -7.792 -7.928 -8.391 -8.920 -9.553 -9.943 -10.568 -10.906 -10.973
7.100 2.528 5.273 0.345 -2.602 -4.876 -5.757 -6.864 -6.765 -7.747 -7.883 -8.345 -8.875 -9.507 -9.898 -10.523 -10.861 -10.928
7.200 2.572 5.317 0.389 -2.558 -4.832 -5.713 -6.820 -6.721 -7.703 -7.839 -8.301 -8.831 -9.463 -9.854 -10.479 -10.817 -10.884
7.300 2.615 5.360 0.432 -2.515 -4.789 -5.670 -6.778 -6.678 -7.660 -7.796 -8.259 -8.788 -9.421 -9.811 -10.436 -10.774 -10.841
7.400 2.656 5.402 0.474 -2.474 -4.747 -5.628 -6.736 -6.637 -7.618 -7.755 -8.217 -8.747 -9.379 -9.769 -10.395 -10.732 -10.799
7.500 2.697 5.442 0.514 -2.433 -4.707 -5.588 -6.696 -6.596 -7.578 -7.714 -8.177 -8.706 -9.338 -9.729 -10.354 -10.692 -10.759
7.600 2.736 5.482 0.554 -2.394 -4.667 -5.548 -6.656 -6.557 -7.539 -7.675 -8.137 -8.667 -9.299 -9.689 -10.315 -10.653 -10.720
7.700 2.774 5.520 0.592 -2.355 -4.629 -5.510 -6.618 -6.519 -7.500 -7.637 -8.099 -8.628 -9.261 -9.651 -10.277 -10.614 -10.681
7.800 2.812 5.557 0.629 -2.318 -4.592 -5.473 -6.581 -6.481 -7.463 -7.599 -8.062 -8.591 -9.224 -9.614 -10.239 -10.577 -10.644
7.900 2.848 5.593 0.666 -2.282 -4.555 -5.436 -6.544 -6.445 -7.427 -7.563 -8.025 -8.555 -9.187 -9.577 -10.203 -10.541 -10.608
8.000 2.883 5.629 0.701 -2.246 -4.520 -5.401 -6.509 -6.410 -7.391 -7.527 -7.990 -8.519 -9.152 -9.542 -10.168 -10.505 -10.572
8.100 2.918 5.663 0.736 -2.212 -4.485 -5.366 -6.474 -6.375 -7.357 -7.493 -7.955 -8.485 -9.117 -9.507 -10.133 -10.471 -10.538
8.200 2.952 5.697 0.769 -2.178 -4.452 -5.333 -6.441 -6.341 -7.323 -7.459 -7.922 -8.451 -9.083 -9.474 -10.099 -10.437 -10.504
8.300 2.985 5.730 0.802 -2.145 -4.419 -5.300 -6.408 -6.308 -7.290 -7.426 -7.889 -8.418 -9.051 -9.441 -10.066 -10.404 -10.471
8.400 3.017 5.762 0.834 -2.113 -4.387 -5.268 -6.375 -6.276 -7.258 -7.394 -7.856 -8.386 -9.018 -9.409 -10.034 -10.372 -10.439
8.500 3.048 5.794 0.866 -2.081 -4.355 -5.236 -6.344 -6.245 -7.226 -7.363 -7.825 -8.354 -8.987 -9.377 -10.003 -10.340 -10.407
8.600 3.079 5.825 0.897 -2.051 -4.324 -5.205 -6.313 -6.214 -7.195 -7.332 -7.794 -8.324 -8.956 -9.346 -9.972 -10.309 -10.376
8.700 3.109 5.855 0.927 -2.020 -4.294 -5.175 -6.283 -6.184 -7.165 -7.301 -7.764 -8.293 -8.926 -9.316 -9.942 -10.279 -10.346
8.800 3.139 5.885 0.957 -1.991 -4.264 -5.145 -6.253 -6.154 -7.136 -7.272 -7.734 -8.264 -8.896 -9.286 -9.912 -10.249 -10.316
8.900 3.168 5.914 0.986 -1.962 -4.235 -5.116 -6.224 -6.125 -7.106 -7.243 -7.705 -8.235 -8.867 -9.257 -9.883 -10.220 -10.287
9.000 3.197 5.942 1.014 -1.933 -4.207 -5.088 -6.195 -6.096 -7.078 -7.214 -7.676 -8.206 -8.838 -9.229 -9.854 -10.192 -10.259
9.100 3.225 5.970 1.042 -1.905 -4.179 -5.060 -6.167 -6.068 -7.050 -7.186 -7.648 -8.178 -8.810 -9.201 -9.826 -10.164 -10.231
9.200 3.252 5.998 1.070 -1.877 -4.151 -5.032 -6.140 -6.040 -7.022 -7.158 -7.621 -8.150 -8.783 -9.173 -9.798 -10.136 -10.203
9.300 3.280 6.025 1.097 -1.850 -4.124 -5.005 -6.113 -6.013 -6.995 -7.131 -7.594 -8.123 -8.755 -9.146 -9.771 -10.109 -10.176
9.400 3.306 6.052 1.124 -1.823 -4.097 -4.978 -6.086 -5.987 -6.968 -7.104 -7.567 -8.096 -8.729 -9.119 -9.745 -10.082 -10.149
9.500 3.333 6.078 1.150 -1.797 -4.071 -4.952 -6.059 -5.960 -6.942 -7.078 -7.540 -8.070 -8.702 -9.093 -9.718 -10.056 -10.123
9.600 3.359 6.104 1.176 -1.771 -4.045 -4.926 -6.033 -5.934 -6.916 -7.052 -7.514 -8.044 -8.676 -9.067 -9.692 -10.030 -10.097
9.700 3.384 6.130 1.202 -1.745 -4.019 -4.900 -6.008 -5.909 -6.890 -7.026 -7.489 -8.018 -8.651 -9.041 -9.667 -10.004 -10.071
9.800 3.410 6.155 1.227 -1.720 -3.994 -4.875 -5.983 -5.883 -6.865 -7.001 -7.464 -7.993 -8.625 -9.016 -9.641 -9.979 -10.046
9.900 3.435 6.180 1.252 -1.695 -3.969 -4.850 -5.958 -5.858 -6.840 -6.976 -7.439 -7.968 -8.601 -8.991 -9.616 -9.954 -10.021
10.000 3.459 6.205 1.277 -1.671 -3.944 -4.825 -5.933 -5.834 -6.816 -6.952 -7.414 -7.944 -8.576 -8.966 -9.592 -9.929 -9.996
10.100 3.483 6.229 1.301 -1.646 -3.920 -4.801 -5.909 -5.810 -6.791 -6.927 -7.390 -7.919 -8.552 -8.942 -9.568 -9.905 -9.972
10.200 3.507 6.253 1.325 -1.622 -3.896 -4.777 -5.885 -5.786 -6.767 -6.903 -7.366 -7.895 -8.528 -8.918 -9.544 -9.881 -9.948
10.300 3.531 6.277 1.349 -1.599 -3.872 -4.753 -5.861 -5.762 -6.744 -6.880 -7.342 -7.872 -8.504 -8.894 -9.520 -9.857 -9.924
10.400 3.555 6.300 1.372 -1.575 -3.849 -4.730 -5.838 -5.738 -6.720 -6.856 -7.319 -7.848 -8.481 -8.871 -9.496 -9.834 -9.901
10.500 3.578 6.323 1.395 -1.552 -3.826 -4.707 -5.815 -5.715 -6.697 -6.833 -7.296 -7.825 -8.457 -8.848 -9.473 -9.811 -9.878
10.600 3.601 6.346 1.418 -1.529 -3.803 -4.684 -5.792 -5.692 -6.674 -6.810 -7.273 -7.802 -8.435 -8.825 -9.450 -9.788 -9.855
10.700 3.623 6.369 1.441 -1.507 -3.780 -4.661 -5.769 -5.670 -6.651 -6.788 -7.250 -7.779 -8.412 -8.802 -9.428 -9.765 -9.832
10.800 3.646 6.391 1.463 -1.484 -3.758 -4.639 -5.747 -5.647 -6.629 -6.765 -7.228 -7.757 -8.389 -8.780 -9.405 -9.743 -9.810
10.900 3.668 6.413 1.485 -1.462 -3.736 -4.617 -5.724 -5.625 -6.607 -6.743 -7.205 -7.735 -8.367 -8.758 -9.383 -9.721 -9.788
11.000 3.690 6.435 1.507 -1.440 -3.714 -4.595 -5.703 -5.603 -6.585 -6.721 -7.184 -7.713 -8.345 -8.736 -9.361 -9.699 -9.766
11.100 3.711 6.457 1.529 -1.418 -3.692 -4.573 -5.681 -5.582 -6.563 -6.699 -7.162 -7.691 -8.324 -8.714 -9.340 -9.677 -9.744
11.200 3.733 6.478 1.550 -1.397 -3.671 -4.552 -5.659 -5.560 -6.542 -6.678 -7.140 -7.670 -8.302 -8.693 -9.318 -9.656 -9.723
11.300 3.754 6.500 1.572 -1.376 -3.649 -4.530 -5.638 -5.539 -6.521 -6.657 -7.119 -7.649 -8.281 -8.671 -9.297 -9.634 -9.701
11.400 3.775 6.521 1.593 -1.355 -3.628 -4.509 -5.617 -5.518 -6.499 -6.636 -7.098 -7.628 -8.260 -8.650 -9.276 -9.613 -9.680
11.500 3.796 6.542 1.614 -1.334 -3.607 -4.488 -5.596 -5.497 -6.479 -6.615 -7.077 -7.607 -8.239 -8.629 -9.255 -9.592 -9.660
11.600 3.817 6.562 1.634 -1.313 -3.587 -4.468 -5.576 -5.476 -6.458 -6.594 -7.057 -7.586 -8.218 -8.609 -9.234 -9.572 -9.639
11.700 3.837 6.583 1.655 -1.293 -3.566 -4.447 -5.555 -5.456 -6.438 -6.574 -7.036 -7.566 -8.198 -8.588 -9.214 -9.551 -9.618
11.800 3.857 6.603 1.675 -1.272 -3.546 -4.427 -5.535 -5.436 -6.417 -6.553 -7.016 -7.545 -8.178 -8.568 -9.194 -9.531 -9.598
11.900 3.877 6.623 1.695 -1.252 -3.526 -4.407 -5.515 -5.416 -6.397 -6.533 -6.996 -7.525 -8.158 -8.548 -9.174 -9.511 -9.578
12.000 3.897 6.643 1.715 -1.232 -3.506 -4.387 -5.495 -5.396 -6.377 -6.514 -6.976 -7.505 -8.138 -8.528 -9.154 -9.491 -9.558
12.100 3.917 6.663 1.735 -1.213 -3.486 -4.367 -5.475 -5.376 -6.358 -6.494 -6.956 -7.486 -8.118 -8.508 -9.134 -9.472 -9.539
12.200 3.936 6.682 1.754 -1.193 -3.467 -4.348 -5.456 -5.357 -6.338 -6.474 -6.937 -7.466 -8.099 -8.489 -9.114 -9.452 -9.519
12.300 3.956 6.701 1.773 -1.174 -3.448 -4.329 -5.436 -5.337 -6.319 -6.455 -6.917 -7.447 -8.079 -8.470 -9.095 -9.433 -9.500
12.400 3.975 6.721 1.793 -1.155 -3.428 -4.309 -5.417 -5.318 -6.300 -6.436 -6.898 -7.428 -8.060 -8.450 -9.076 -9.414 -9.481
12.500 3.994 6.740 1.812 -1.136 -3.409 -4.290 -5.398 -5.299 -6.281 -6.417 -6.879 -7.409 -8.041 -8.431 -9.057 -9.395 -9.462
12.600 4.013 6.758 1.830 -1.117 -3.391 -4.272 -5.379 -5.280 -6.262 -6.398 -6.860 -7.390 -8.022 -8.413 -9.038 -9.376 -9.443
12.700 4.031 6.777 1.849 -1.098 -3.372 -4.253 -5.361 -5.261 -6.243 -6.379 -6.842 -7.371 -8.004 -8.394 -9.019 -9.357 -9.424
12.800 4.050 6.796 1.868 -1.080 -3.353 -4.234 -5.342 -5.243 -6.225 -6.361 -6.823 -7.353 -7.985 -8.375 -9.001 -9.339 -9.406
12.900 4.068 6.814 1.886 -1.061 -3.335 -4.216 -5.324 -5.225 -6.206 -6.342 -6.805 -7.334 -7.967 -8.357 -8.983 -9.320 -9.387
13.000 4.087 6.832 1.904 -1.043 -3.317 -4.198 -5.306 -5.206 -6.188 -6.324 -6.787 -7.316 -7.949 -8.339 -8.964 -9.302 -9.369
13.100 4.105 6.850 1.922 -1.025 -3.299 -4.180 -5.288 -5.188 -6.170 -6.306 -6.769 -7.298 -7.930 -8.321 -8.946 -9.284 -9.351
13.200 4.123 6.868 1.940 -1.007 -3.281 -4.162 -5.270 -5.170 -6.152 -6.288 -6.751 -7.280 -7.913 -8.303 -8.928 -9.266 -9.333
13.300 4.140 6.886 1.958 -0.989 -3.263 -4.144 -5.252 -5.153 -6.134 -6.271 -6.733 -7.262 -7.895 -8.285 -8.911 -9.248 -9.315
13.400 4.158 6.903 1.975 -0.972 -3.246 -4.127 -5.234 -5.135 -6.117 -6.253 -6.715 -7.245 -7.877 -8.268 -8.893 -9.231 -9.298
13.500 4.175 6.921 1.993 -0.954 -3.228 -4.109 -5.217 -5.118 -6.099 -6.235 -6.698 -7.227 -7.860 -8.250 -8.876 -9.213 -9.280
13.600 4.193 6.938 2.010 -0.937 -3.211 -4.092 -5.200 -5.100 -6.082 -6.218 -6.681 -7.210 -7.842 -8.233 -8.858 -9.196 -9.263
13.700 4.210 6.955 2.027 -0.920 -3.194 -4.075 -5.182 -5.083 -6.065 -6.201 -6.663 -7.193 -7.825 -8.216 -8.841 -9.179 -9.246
13.800 4.227 6.972 2.045 -0.903 -3.176 -4.057 -5.165 -5.066 -6.048 -6.184 -6.646 -7.176 -7.808 -8.198 -8.824 -9.162 -9.229
13.900 4.244 6.989 2.061 -0.886 -3.160 -4.041 -5.148 -5.049 -6.031 -6.167 -6.629 -7.159 -7.791 -8.182 -8.807 -9.145 -9.212
14.000 4.261 7.006 2.078 -0.869 -3.143 -4.024 -5.132 -5.032 -6.014 -6.150 -6.613 -7.142 -7.774 -8.165 -8.790 -9.128 -9.195
14.100 4.277 7.023 2.095 -0.852 -3.126 -4.007 -5.115 -5.016 -5.997 -6.134 -6.596 -7.125 -7.758 -8.148 -8.774 -9.111 -9.178
14.200 4.294 7.039 2.111 -0.836 -3.110 -3.991 -5.098 -4.999 -5.981 -6.117 -6.579 -7.109 -7.741 -8.132 -8.757 -9.095 -9.162
14.300 4.310 7.056 2.128 -0.820 -3.093 -3.974 -5.082 -4.983 -5.964 -6.101 -6.563 -7.092 -7.725 -8.115 -8.741 -9.078 -9.145
14.400 4.327 7.072 2.144 -0.803 -3.077 -3.958 -5.066 -4.966 -5.948 -6.084 -6.547 -7.076 -7.709 -8.099 -8.724 -9.062 -9.129
14.500 4.343 7.088 2.160 -0.787 -3.061 -3.942 -5.050 -4.950 -5.932 -6.068 -6.531 -7.060 -7.692 -8.083 -8.708 -9.046 -9.113
14.600 4.359 7.104 2.176 -0.771 -3.045 -3.926 -5.034 -4.934 -5.916 -6.052 -6.515 -7.044 -7.676 -8.067 -8.692 -9.030 -9.097
14.700 4.375 7.120 2.192 -0.755 -3.029 -3.910 -5.018 -4.918 -5.900 -6.036 -6.499 -7.028 -7.660 -8.051 -8.676 -9.014 -9.081
14.800 4.390 7.136 2.208 -0.739 -3.013 -3.894 -5.002 -4.903 -5.884 -6.020 -6.483 -7.012 -7.645 -8.035 -8.660 -8.998 -9.065
14.900 4.406 7.152 2.224 -0.724 -2.997 -3.878 -4.986 -4.887 -5.868 -6.005 -6.467 -6.997 -7.629 -8.019 -8.645 -8.982 -9.049
15.000 4.422 7.167 2.239 -0.708 -2.982 -3.863 -4.970 -4.871 -5.853 -5.989 -6.451 -6.981 -7.613 -8.004 -8.629 -8.967 -9.034
