# day W2 M2 W1 u B g V c r w o i z y J H K
0.000 -6.364 -6.314 -6.199 -5.718 -5.454 -5.318 -5.077 -5.169 -4.868 -5.002 -4.750 -4.513 -4.238 -4.022 -3.577 -2.985 -2.428
0.100 -9.279 -9.441 -9.556 -10.017 -10.273 -10.389 -10.556 -10.504 -10.662 -10.605 -10.719 -10.760 -10.764 -10.732 -10.612 -10.309 -9.950
0.200 -9.538 -9.793 -9.957 -10.417 -10.648 -10.774 -10.981 -10.925 -11.148 -11.095 -11.255 -11.363 -11.453 -11.483 -11.478 -11.281 -10.993
0.300 -9.596 -9.917 -10.147 -10.688 -10.886 -10.998 -11.195 -11.146 -11.376 -11.338 -11.506 -11.643 -11.785 -11.855 -11.931 -11.809 -11.574
0.400 -9.549 -9.923 -10.218 -10.866 -11.056 -11.155 -11.333 -11.291 -11.510 -11.486 -11.650 -11.800 -11.974 -12.074 -12.213 -12.154 -11.964
0.500 -9.438 -9.855 -10.214 -10.978 -11.179 -11.273 -11.440 -11.401 -11.609 -11.593 -11.751 -11.906 -12.101 -12.223 -12.412 -12.407 -12.255
0.600 -9.283 -9.736 -10.158 -11.037 -11.261 -11.357 -11.519 -11.480 -11.679 -11.667 -11.821 -11.976 -12.185 -12.324 -12.556 -12.598 -12.482
0.700 -9.091 -9.575 -10.060 -11.052 -11.307 -11.409 -11.573 -11.533 -11.729 -11.717 -11.869 -12.023 -12.241 -12.394 -12.664 -12.748 -12.664
0.800 -8.867 -9.378 -9.928 -11.032 -11.322 -11.435 -11.606 -11.562 -11.760 -11.746 -11.900 -12.052 -12.278 -12.441 -12.744 -12.868 -12.814
0.900 -8.611 -9.145 -9.762 -10.977 -11.308 -11.433 -11.618 -11.569 -11.775 -11.756 -11.914 -12.067 -12.298 -12.471 -12.804 -12.965 -12.940
1.000 -8.327 -8.879 -9.566 -10.893 -11.267 -11.408 -11.611 -11.556 -11.775 -11.751 -11.918 -12.073 -12.312 -12.494 -12.855 -13.050 -13.052
1.100 -8.016 -8.582 -9.341 -10.782 -11.204 -11.365 -11.594 -11.532 -11.775 -11.745 -11.926 -12.091 -12.338 -12.525 -12.899 -13.108 -13.120
1.200 -7.676 -8.250 -9.087 -10.642 -11.119 -11.303 -11.565 -11.495 -11.772 -11.737 -11.937 -12.118 -12.378 -12.571 -12.949 -13.158 -13.170
1.300 -7.310 -7.886 -8.807 -10.477 -11.010 -11.218 -11.515 -11.438 -11.749 -11.711 -11.931 -12.129 -12.403 -12.603 -12.986 -13.196 -13.208
1.400 -6.919 -7.490 -8.499 -10.286 -10.879 -11.114 -11.448 -11.363 -11.712 -11.672 -11.911 -12.129 -12.421 -12.629 -13.021 -13.234 -13.246
1.500 -6.502 -7.059 -8.165 -10.068 -10.726 -10.988 -11.362 -11.270 -11.658 -11.617 -11.877 -12.115 -12.425 -12.643 -13.045 -13.261 -13.274
1.600 -6.063 -6.596 -7.805 -9.826 -10.552 -10.845 -11.261 -11.162 -11.592 -11.552 -11.834 -12.093 -12.426 -12.654 -13.069 -13.290 -13.305
1.700 -5.603 -6.099 -7.420 -9.559 -10.358 -10.684 -11.144 -11.040 -11.513 -11.477 -11.779 -12.061 -12.416 -12.656 -13.085 -13.312 -13.328
1.800 -5.124 -5.568 -7.013 -9.268 -10.146 -10.506 -11.014 -10.905 -11.422 -11.392 -11.714 -12.020 -12.399 -12.651 -13.094 -13.327 -13.346
1.900 -4.628 -5.004 -6.584 -8.954 -9.917 -10.316 -10.874 -10.761 -11.325 -11.303 -11.644 -11.975 -12.379 -12.644 -13.103 -13.344 -13.365
2.000 -4.123 -4.410 -6.138 -8.620 -9.674 -10.114 -10.726 -10.609 -11.221 -11.208 -11.568 -11.923 -12.352 -12.631 -13.106 -13.355 -13.379
2.100 -3.608 -3.783 -5.677 -8.265 -9.419 -9.902 -10.569 -10.450 -11.110 -11.109 -11.487 -11.865 -12.320 -12.612 -13.103 -13.359 -13.386
2.200 -3.093 -3.125 -5.206 -7.894 -9.157 -9.686 -10.412 -10.291 -10.999 -11.013 -11.407 -11.808 -12.288 -12.593 -13.101 -13.366 -13.396
2.300 -2.584 -2.440 -4.733 -7.511 -8.892 -9.471 -10.255 -10.134 -10.889 -10.918 -11.326 -11.750 -12.253 -12.571 -13.095 -13.368 -13.402
2.400 -2.094 -1.734 -4.271 -7.125 -8.632 -9.261 -10.102 -9.982 -10.781 -10.826 -11.246 -11.690 -12.216 -12.546 -13.085 -13.366 -13.404
2.500 -1.633 -1.009 -3.827 -6.743 -8.382 -9.060 -9.956 -9.839 -10.677 -10.738 -11.169 -11.631 -12.177 -12.518 -13.071 -13.361 -13.402
2.600 -1.215 -0.275 -3.418 -6.377 -8.151 -8.877 -9.824 -9.709 -10.583 -10.659 -11.099 -11.577 -12.142 -12.493 -13.059 -13.357 -13.402
2.700 -0.856 0.447 -3.059 -6.043 -7.946 -8.714 -9.705 -9.593 -10.497 -10.587 -11.034 -11.525 -12.107 -12.466 -13.045 -13.350 -13.399
2.800 -0.559 1.130 -2.759 -5.750 -7.768 -8.572 -9.599 -9.491 -10.419 -10.521 -10.973 -11.476 -12.071 -12.438 -13.028 -13.340 -13.391
2.900 -0.328 1.731 -2.523 -5.508 -7.620 -8.452 -9.508 -9.402 -10.349 -10.462 -10.917 -11.429 -12.035 -12.409 -13.008 -13.326 -13.381
3.000 -0.156 2.209 -2.346 -5.320 -7.502 -8.354 -9.432 -9.328 -10.289 -10.410 -10.869 -11.387 -12.002 -12.381 -12.989 -13.312 -13.371
3.100 -0.033 2.540 -2.219 -5.182 -7.411 -8.277 -9.369 -9.267 -10.238 -10.366 -10.826 -11.349 -11.972 -12.355 -12.970 -13.299 -13.360
3.200 0.055 2.744 -2.128 -5.082 -7.339 -8.215 -9.316 -9.216 -10.193 -10.325 -10.787 -11.314 -11.942 -12.329 -12.949 -13.282 -13.346
3.300 0.121 2.862 -2.062 -5.010 -7.282 -8.163 -9.270 -9.171 -10.152 -10.288 -10.750 -11.279 -11.911 -12.301 -12.926 -13.263 -13.330
3.400 0.147 2.893 -2.035 -4.982 -7.256 -8.137 -9.245 -9.146 -10.127 -10.263 -10.726 -11.255 -11.888 -12.278 -12.903 -13.241 -13.308
3.500 0.171 2.916 -2.012 -4.959 -7.233 -8.114 -9.222 -9.122 -10.104 -10.240 -10.703 -11.232 -11.865 -12.255 -12.880 -13.218 -13.285
3.600 0.193 2.938 -1.990 -4.937 -7.211 -8.092 -9.200 -9.100 -10.082 -10.218 -10.681 -11.210 -11.842 -12.233 -12.858 -13.196 -13.263
3.700 0.216 2.961 -1.967 -4.914 -7.188 -8.069 -9.177 -9.077 -10.059 -10.195 -10.658 -11.187 -11.819 -12.210 -12.835 -13.173 -13.240
3.800 0.241 2.987 -1.941 -4.889 -7.162 -8.043 -9.151 -9.052 -10.034 -10.170 -10.632 -11.162 -11.794 -12.184 -12.810 -13.148 -13.215
3.900 0.268 3.013 -1.915 -4.862 -7.136 -8.017 -9.124 -9.025 -10.007 -10.143 -10.605 -11.135 -11.767 -12.158 -12.783 -13.121 -13.188
4.000 0.297 3.042 -1.886 -4.833 -7.107 -7.988 -9.095 -8.996 -9.978 -10.114 -10.576 -11.106 -11.738 -12.129 -12.754 -13.092 -13.159
4.100 0.327 3.073 -1.855 -4.803 -7.076 -7.957 -9.065 -8.966 -9.948 -10.084 -10.546 -11.076 -11.708 -12.098 -12.724 -13.062 -13.129
4.200 0.357 3.103 -1.825 -4.773 -7.046 -7.927 -9.035 -8.936 -9.918 -10.054 -10.516 -11.046 -11.678 -12.068 -12.694 -13.032 -13.099
4.300 0.388 3.133 -1.795 -4.742 -7.016 -7.897 -9.005 -8.905 -9.887 -10.023 -10.486 -11.015 -11.647 -12.038 -12.663 -13.001 -13.068
4.400 0.420 3.165 -1.763 -4.710 -6.984 -7.865 -8.973 -8.873 -9.855 -9.991 -10.453 -10.983 -11.615 -12.006 -12.631 -12.969 -13.036
4.500 0.454 3.199 -1.729 -4.676 -6.949 -7.830 -8.938 -8.839 -9.821 -9.957 -10.419 -10.949 -11.581 -11.972 -12.597 -12.935 -13.002
4.600 0.489 3.235 -1.693 -4.640 -6.914 -7.795 -8.903 -8.804 -9.785 -9.921 -10.384 -10.913 -11.546 -11.936 -12.562 -12.899 -12.966
4.700 0.527 3.272 -1.656 -4.603 -6.877 -7.758 -8.866 -8.766 -9.748 -9.884 -10.347 -10.876 -11.509 -11.899 -12.524 -12.862 -12.929
4.800 0.565 3.311 -1.617 -4.565 -6.838 -7.719 -8.827 -8.728 -9.709 -9.846 -10.308 -10.837 -11.470 -11.860 -12.486 -12.823 -12.890
4.900 0.604 3.350 -1.578 -4.525 -6.799 -7.680 -8.788 -8.689 -9.670 -9.806 -10.269 -10.798 -11.431 -11.821 -12.447 -12.784 -12.851
5.000 0.644 3.389 -1.539 -4.486 -6.760 -7.641 -8.748 -8.649 -9.631 -9.767 -10.229 -10.759 -11.391 -11.782 -12.407 -12.745 -12.812
5.100 0.684 3.430 -1.498 -4.446 -6.719 -7.600 -8.708 -8.609 -9.591 -9.727 -10.189 -10.719 -11.351 -11.741 -12.367 -12.704 -12.771
5.200 0.725 3.471 -1.457 -4.404 -6.678 -7.559 -8.667 -8.568 -9.549 -9.685 -10.148 -10.677 -11.310 -11.700 -12.325 -12.663 -12.730
5.300 0.768 3.514 -1.414 -4.361 -6.635 -7.516 -8.624 -8.525 -9.506 -9.643 -10.105 -10.634 -11.267 -11.657 -12.283 -12.620 -12.687
5.400 0.812 3.558 -1.370 -4.317 -6.591 -7.472 -8.580 -8.481 -9.462 -9.599 -10.061 -10.590 -11.223 -11.613 -12.239 -12.576 -12.643
5.500 0.857 3.603 -1.325 -4.272 -6.546 -7.427 -8.535 -8.436 -9.417 -9.553 -10.016 -10.545 -11.178 -11.568 -12.194 -12.531 -12.598
5.600 0.903 3.649 -1.279 -4.226 -6.500 -7.381 -8.489 -8.389 -9.371 -9.507 -9.970 -10.499 -11.132 -11.522 -12.147 -12.485 -12.552
5.700 0.950 3.696 -1.232 -4.179 -6.453 -7.334 -8.442 -8.343 -9.324 -9.460 -9.923 -10.452 -11.085 -11.475 -12.101 -12.438 -12.505
5.800 0.998 3.743 -1.185 -4.132 -6.406 -7.287 -8.395 -8.295 -9.277 -9.413 -9.876 -10.405 -11.038 -11.428 -12.053 -12.391 -12.458
5.900 1.045 3.790 -1.138 -4.085 -6.359 -7.240 -8.347 -8.248 -9.230 -9.366 -9.828 -10.358 -10.990 -11.381 -12.006 -12.344 -12.411
6.000 1.093 3.838 -1.090 -4.037 -6.311 -7.192 -8.300 -8.200 -9.182 -9.318 -9.781 -10.310 -10.943 -11.333 -11.958 -12.296 -12.363
6.100 1.141 3.886 -1.042 -3.989 -6.263 -7.144 -8.251 -8.152 -9.134 -9.270 -9.732 -10.262 -10.894 -11.285 -11.910 -12.248 -12.315
6.200 1.190 3.935 -0.993 -3.940 -6.214 -7.095 -8.203 -8.103 -9.085 -9.221 -9.684 -10.213 -10.845 -11.236 -11.861 -12.199 -12.266
6.300 1.239 3.985 -0.943 -3.891 -6.164 -7.045 -8.153 -8.054 -9.035 -9.172 -9.634 -10.163 -10.796 -11.186 -11.812 -12.149 -12.216
6.400 1.289 4.035 -0.893 -3.841 -6.114 -6.995 -8.103 -8.004 -8.986 -9.122 -9.584 -10.114 -10.746 -11.136 -11.762 -12.099 -12.166
6.500 1.339 4.085 -0.843 -3.790 -6.064 -6.945 -8.053 -7.954 -8.935 -9.072 -9.534 -10.063 -10.696 -11.086 -11.712 -12.049 -12.116
6.600 1.390 4.135 -0.793 -3.740 -6.014 -6.895 -8.002 -7.903 -8.885 -9.021 -9.483 -10.013 -10.645 -11.036 -11.661 -11.999 -12.066
6.700 1.440 4.186 -0.742 -3.689 -5.963 -6.844 -7.952 -7.853 -8.834 -8.970 -9.433 -9.962 -10.595 -10.985 -11.610 -11.948 -12.015
6.800 1.491 4.237 -0.691 -3.639 -5.912 -6.793 -7.901 -7.802 -8.784 -8.920 -9.382 -9.912 -10.544 -10.934 -11.560 -11.897 -11.965
6.900 1.541 4.287 -0.641 -3.588 -5.862 -6.743 -7.851 -7.752 -8.733 -8.870 -9.332 -9.861 -10.494 -10.884 -11.510 -11.847 -11.914
7.000 1.591 4.337 -0.591 -3.539 -5.812 -6.693 -7.801 -7.702 -8.683 -8.820 -9.282 -9.811 -10.444 -10.834 -11.460 -11.797 -11.864
7.100 1.641 4.387 -0.541 -3.489 -5.762 -6.643 -7.751 -7.652 -8.634 -8.770 -9.232 -9.762 -10.394 -10.784 -11.410 -11.748 -11.815
7.200 1.691 4.436 -0.492 -3.439 -5.713 -6.594 -7.702 -7.602 -8.584 -8.720 -9.183 -9.712 -10.345 -10.735 -11.360 -11.698 -11.765
7.300 1.740 4.485 -0.443 -3.390 -5.664 -6.545 -7.652 -7.553 -8.535 -8.671 -9.133 -9.663 -10.295 -10.686 -11.311 -11.649 -11.716
7.400 1.789 4.534 -0.394 -3.341 -5.615 -6.496 -7.603 -7.504 -8.486 -8.622 -9.084 -9.614 -10.246 -10.637 -11.262 -11.600 -11.667
7.500 1.838 4.583 -0.345 -3.292 -5.566 -6.447 -7.555 -7.455 -8.437 -8.573 -9.036 -9.565 -10.198 -10.588 -11.213 -11.551 -11.618
7.600 1.886 4.631 -0.297 -3.244 -5.518 -6.399 -7.506 -7.407 -8.389 -8.525 -8.987 -9.517 -10.149 -10.540 -11.165 -11.503 -11.570
7.700 1.934 4.679 -0.249 -3.196 -5.470 -6.351 -7.459 -7.359 -8.341 -8.477 -8.940 -9.469 -10.102 -10.492 -11.117 -11.455 -11.522
7.800 1.981 4.726 -0.202 -3.149 -5.423 -6.304 -7.411 -7.312 -8.294 -8.430 -8.892 -9.422 -10.054 -10.445 -11.070 -11.408 -11.475
7.900 2.027 4.773 -0.155 -3.102 -5.376 -6.257 -7.365 -7.266 -8.247 -8.383 -8.846 -9.375 -10.008 -10.398 -11.024 -11.361 -11.428
8.000 2.073 4.819 -0.109 -3.056 -5.330 -6.211 -7.319 -7.220 -8.201 -8.338 -8.800 -9.329 -9.962 -10.352 -10.978 -11.315 -11.382
8.100 2.118 4.864 -0.064 -3.011 -5.285 -6.166 -7.274 -7.175 -8.156 -8.292 -8.755 -9.284 -9.917 -10.307 -10.933 -11.270 -11.337
8.200 2.163 4.908 -0.020 -2.967 -5.241 -6.122 -7.230 -7.130 -8.112 -8.248 -8.711 -9.240 -9.872 -10.263 -10.888 -11.226 -11.293
8.300 2.206 4.952 0.024 -2.924 -5.197 -6.078 -7.186 -7.087 -8.069 -8.205 -8.667 -9.197 -9.829 -10.219 -10.845 -11.182 -11.249
8.400 2.249 4.994 0.066 -2.881 -5.155 -6.036 -7.143 -7.044 -8.026 -8.162 -8.624 -9.154 -9.786 -10.177 -10.802 -11.140 -11.207
8.500 2.291 5.036 0.108 -2.839 -5.113 -5.994 -7.102 -7.002 -7.984 -8.120 -8.583 -9.112 -9.744 -10.135 -10.760 -11.098 -11.165
8.600 2.332 5.077 0.149 -2.798 -5.072 -5.953 -7.061 -6.961 -7.943 -8.079 -8.542 -9.071 -9.703 -10.094 -10.719 -11.057 -11.124
8.700 2.372 5.118 0.190 -2.758 -5.031 -5.912 -7.020 -6.921 -7.903 -8.039 -8.501 -9.031 -9.663 -10.053 -10.679 -11.017 -11.084
8.800 2.411 5.157 0.229 -2.718 -4.992 -5.873 -6.981 -6.882 -7.863 -7.999 -8.462 -8.991 -9.624 -10.014 -10.639 -10.977 -11.044
8.900 2.450 5.196 0.268 -2.680 -4.953 -5.834 -6.942 -6.843 -7.825 -7.961 -8.423 -8.953 -9.585 -9.975 -10.601 -10.938 -11.005
9.000 2.488 5.233 0.306 -2.642 -4.915 -5.796 -6.904 -6.805 -7.787 -7.923 -8.385 -8.915 -9.547 -9.937 -10.563 -10.901 -10.968
9.100 2.525 5.270 0.343 -2.605 -4.878 -5.759 -6.867 -6.768 -7.750 -7.886 -8.348 -8.878 -9.510 -9.900 -10.526 -10.864 -10.931
9.200 2.561 5.307 0.379 -2.569 -4.842 -5.723 -6.831 -6.732 -7.714 -7.850 -8.312 -8.842 -9.474 -9.864 -10.490 -10.827 -10.894
9.300 2.596 5.342 0.414 -2.533 -4.807 -5.688 -6.796 -6.697 -7.678 -7.814 -8.277 -8.806 -9.439 -9.829 -10.454 -10.792 -10.859
9.400 2.631 5.377 0.449 -2.499 -4.772 -5.653 -6.761 -6.662 -7.644 -7.780 -8.242 -8.772 -9.404 -9.794 -10.420 -10.757 -10.825
9.500 2.665 5.410 0.482 -2.465 -4.739 -5.620 -6.727 -6.628 -7.610 -7.746 -8.208 -8.738 -9.370 -9.761 -10.386 -10.724 -10.791
9.600 2.698 5.443 0.515 -2.432 -4.706 -5.587 -6.694 -6.595 -7.577 -7.713 -8.175 -8.705 -9.337 -9.728 -10.353 -10.691 -10.758
9.700 2.730 5.476 0.548 -2.400 -4.673 -5.554 -6.662 -6.563 -7.545 -7.681 -8.143 -8.673 -9.305 -9.695 -10.321 -10.659 -10.726
9.800 2.761 5.507 0.579 -2.368 -4.642 -5.523 -6.631 -6.531 -7.513 -7.649 -8.112 -8.641 -9.274 -9.664 -10.289 -10.627 -10.694
9.900 2.792 5.538 0.610 -2.337 -4.611 -5.492 -6.600 -6.501 -7.482 -7.619 -8.081 -8.610 -9.243 -9.633 -10.259 -10.596 -10.663
10.000 2.822 5.568 0.640 -2.307 -4.581 -5.462 -6.570 -6.471 -7.452 -7.588 -8.051 -8.580 -9.213 -9.603 -10.229 -10.566 -10.633
10.100 2.852 5.597 0.670 -2.278 -4.551 -5.432 -6.540 -6.441 -7.423 -7.559 -8.021 -8.551 -9.183 -9.573 -10.199 -10.537 -10.604
10.200 2.881 5.626 0.698 -2.249 -4.523 -5.404 -6.511 -6.412 -7.394 -7.530 -7.992 -8.522 -9.154 -9.545 -10.170 -10.508 -10.575
10.300 2.909 5.655 0.727 -2.221 -4.494 -5.375 -6.483 -6.384 -7.366 -7.502 -7.964 -8.494 -9.126 -9.516 -10.142 -10.479 -10.546
10.400 2.937 5.682 0.754 -2.193 -4.467 -5.348 -6.455 -6.356 -7.338 -7.474 -7.936 -8.466 -9.098 -9.489 -10.114 -10.452 -10.519
10.500 2.964 5.710 0.782 -2.166 -4.439 -5.320 -6.428 -6.329 -7.311 -7.447 -7.909 -8.439 -9.071 -9.461 -10.087 -10.425 -10.492
10.600 2.991 5.736 0.808 -2.139 -4.413 -5.294 -6.402 -6.302 -7.284 -7.420 -7.883 -8.412 -9.044 -9.435 -10.060 -10.398 -10.465
10.700 3.017 5.762 0.834 -2.113 -4.387 -5.268 -6.376 -6.276 -7.258 -7.394 -7.857 -8.386 -9.018 -9.409 -10.034 -10.372 -10.439
10.800 3.042 5.788 0.860 -2.087 -4.361 -5.242 -6.350 -6.251 -7.232 -7.368 -7.831 -8.360 -8.993 -9.383 -10.009 -10.346 -10.413
10.900 3.068 5.813 0.885 -2.062 -4.336 -5.217 -6.325 -6.225 -7.207 -7.343 -7.806 -8.335 -8.967 -9.358 -9.983 -10.321 -10.388
11.000 3.092 5.838 0.910 -2.037 -4.311 -5.192 -6.300 -6.201 -7.182 -7.318 -7.781 -8.310 -8.943 -9.333 -9.959 -10.296 -10.363
11.100 3.117 5.862 0.934 -2.013 -4.287 -5.168 -6.276 -6.176 -7.158 -7.294 -7.757 -8.286 -8.918 -9.309 -9.934 -10.272 -10.339
11.200 3.141 5.886 0.958 -1.989 -4.263 -5.144 -6.252 -6.152 -7.134 -7.270 -7.733 -8.262 -8.894 -9.285 -9.910 -10.248 -10.315
11.300 3.164 5.910 0.982 -1.965 -4.239 -5.120 -6.228 -6.129 -7.110 -7.247 -7.709 -8.238 -8.871 -9.261 -9.887 -10.224 -10.291
11.400 3.187 5.933 1.005 -1.942 -4.216 -5.097 -6.205 -6.106 -7.087 -7.223 -7.686 -8.215 -8.848 -9.238 -9.863 -10.201 -10.268
11.500 3.210 5.956 1.028 -1.919 -4.193 -5.074 -6.182 -6.083 -7.064 -7.200 -7.663 -8.192 -8.825 -9.215 -9.841 -10.178 -10.245
11.600 3.233 5.978 1.051 -1.897 -4.170 -5.051 -6.159 -6.060 -7.042 -7.178 -7.640 -8.170 -8.802 -9.192 -9.818 -10.156 -10.223
11.700 3.255 6.001 1.073 -1.875 -4.148 -5.029 -6.137 -6.038 -7.020 -7.156 -7.618 -8.148 -8.780 -9.170 -9.796 -10.133 -10.200
11.800 3.277 6.023 1.095 -1.853 -4.126 -5.007 -6.115 -6.016 -6.998 -7.134 -7.596 -8.126 -8.758 -9.148 -9.774 -10.111 -10.178
11.900 3.299 6.044 1.116 -1.831 -4.105 -4.986 -6.094 -5.994 -6.976 -7.112 -7.575 -8.104 -8.736 -9.127 -9.752 -10.090 -10.157
12.000 3.320 6.066 1.138 -1.810 -4.083 -4.964 -6.072 -5.973 -6.955 -7.091 -7.553 -8.083 -8.715 -9.105 -9.731 -10.068 -10.135
12.100 3.341 6.087 1.159 -1.789 -4.062 -4.943 -6.051 -5.952 -6.933 -7.070 -7.532 -8.062 -8.694 -9.084 -9.710 -10.047 -10.114
12.200 3.362 6.108 1.180 -1.768 -4.041 -4.922 -6.030 -5.931 -6.913 -7.049 -7.511 -8.041 -8.673 -9.063 -9.689 -10.026 -10.093
12.300 3.383 6.128 1.200 -1.747 -4.021 -4.902 -6.010 -5.910 -6.892 -7.028 -7.491 -8.020 -8.652 -9.043 -9.668 -10.006 -10.073
12.400 3.403 6.149 1.221 -1.727 -4.000 -4.881 -5.989 -5.890 -6.872 -7.008 -7.470 -8.000 -8.632 -9.022 -9.648 -9.985 -10.052
12.500 3.423 6.169 1.241 -1.707 -3.980 -4.861 -5.969 -5.870 -6.851 -6.988 -7.450 -7.979 -8.612 -9.002 -9.628 -9.965 -10.032
12.600 3.443 6.189 1.261 -1.687 -3.960 -4.841 -5.949 -5.850 -6.831 -6.968 -7.430 -7.960 -8.592 -8.982 -9.608 -9.945 -10.012
12.700 3.463 6.208 1.281 -1.667 -3.940 -4.821 -5.929 -5.830 -6.812 -6.948 -7.410 -7.940 -8.572 -8.962 -9.588 -9.926 -9.993
12.800 3.482 6.228 1.300 -1.647 -3.921 -4.802 -5.910 -5.811 -6.792 -6.928 -7.391 -7.920 -8.553 -8.943 -9.569 -9.906 -9.973
12.900 3.502 6.247 1.319 -1.628 -3.902 -4.783 -5.890 -5.791 -6.773 -6.909 -7.371 -7.901 -8.533 -8.924 -9.549 -9.887 -9.954
13.000 3.521 6.266 1.339 -1.609 -3.882 -4.763 -5.871 -5.772 -6.754 -6.890 -7.352 -7.882 -8.514 -8.904 -9.530 -9.868 -9.935
13.100 3.540 6.285 1.358 -1.590 -3.863 -4.744 -5.852 -5.753 -6.735 -6.871 -7.333 -7.863 -8.495 -8.885 -9.511 -9.849 -9.916
13.200 3.559 6.304 1.376 -1.571 -3.845 -4.726 -5.834 -5.734 -6.716 -6.852 -7.315 -7.844 -8.476 -8.867 -9.492 -9.830 -9.897
13.300 3.577 6.323 1.395 -1.552 -3.826 -4.707 -5.815 -5.716 -6.697 -6.834 -7.296 -7.825 -8.458 -8.848 -9.474 -9.811 -9.878
13.400 3.596 6.341 1.413 -1.534 -3.808 -4.689 -5.796 -5.697 -6.679 -6.815 -7.277 -7.807 -8.439 -8.830 -9.455 -9.793 -9.860
13.500 3.614 6.360 1.432 -1.516 -3.789 -4.670 -5.778 -5.679 -6.661 -6.797 -7.259 -7.789 -8.421 -8.811 -9.437 -9.774 -9.841
13.600 3.632 6.378 1.450 -1.498 -3.771 -4.652 -5.760 -5.661 -6.642 -6.779 -7.241 -7.770 -8.403 -8.793 -9.419 -9.756 -9.823
13.700 3.650 6.396 1.468 -1.480 -3.753 -4.634 -5.742 -5.643 -6.624 -6.761 -7.223 -7.753 -8.385 -8.775 -9.401 -9.738 -9.805
13.800 3.668 6.414 1.486 -1.462 -3.735 -4.616 -5.724 -5.625 -6.607 -6.743 -7.205 -7.735 -8.367 -8.757 -9.383 -9.720 -9.788
13.900 3.686 6.431 1.503 -1.444 -3.718 -4.599 -5.707 -5.607 -6.589 -6.725 -7.188 -7.717 -8.349 -8.740 -9.365 -9.703 -9.770
14.000 3.703 6.449 1.521 -1.427 -3.700 -4.581 -5.689 -5.590 -6.571 -6.708 -7.170 -7.699 -8.332 -8.722 -9.348 -9.685 -9.752
14.100 3.721 6.466 1.538 -1.409 -3.683 -4.564 -5.672 -5.572 -6.554 -6.690 -7.153 -7.682 -8.314 -8.705 -9.330 -9.668 -9.735
14.200 3.738 6.483 1.555 -1.392 -3.666 -4.547 -5.654 -5.555 -6.537 -6.673 -7.135 -7.665 -8.297 -8.688 -9.313 -9.651 -9.718
14.300 3.755 6.501 1.573 -1.375 -3.648 -4.529 -5.637 -5.538 -6.520 -6.656 -7.118 -7.648 -8.280 -8.670 -9.296 -9.634 -9.701
14.400 3.772 6.518 1.590 -1.358 -3.631 -4.512 -5.620 -5.521 -6.503 -6.639 -7.101 -7.631 -8.263 -8.653 -9.279 -9.617 -9.684
14.500 3.789 6.534 1.606 -1.341 -3.615 -4.496 -5.603 -5.504 -6.486 -6.622 -7.084 -7.614 -8.246 -8.637 -9.262 -9.600 -9.667
14.600 3.806 6.551 1.623 -1.324 -3.598 -4.479 -5.587 -5.487 -6.469 -6.605 -7.068 -7.597 -8.230 -8.620 -9.245 -9.583 -9.650
14.700 3.822 6.568 1.640 -1.308 -3.581 -4.462 -5.570 -5.471 -6.452 -6.589 -7.051 -7.581 -8.213 -8.603 -9.229 -9.566 -9.633
14.800 3.839 6.584 1.656 -1.291 -3.565 -4.446 -5.554 -5.454 -6.436 -6.572 -7.035 -7.564 -8.196 -8.587 -9.212 -9.550 -9.617
14.900 3.855 6.601 1.673 -1.275 -3.548 -4.429 -5.537 -5.438 -6.420 -6.556 -7.018 -7.548 -8.180 -8.570 -9.196 -9.533 -9.601
15.000 3.871 6.617 1.689 -1.258 -3.532 -4.413 -5.521 -5.422 -6.403 -6.540 -7.002 -7.531 -8.164 -8.554 -9.180 -9.517 -9.584
