# day W2 M2 W1 u B g V c r w o i z y J H K
0.000 -11.162 -10.956 -10.751 -9.889 -9.521 -9.342 -9.029 -9.154 -8.772 -8.957 -8.630 -8.348 -8.033 -7.789 -7.296 -6.660 -6.073
0.100 -15.676 -15.682 -15.608 -15.274 -15.055 -14.938 -14.730 -14.809 -14.545 -14.658 -14.441 -14.228 -13.979 -13.782 -13.374 -12.821 -12.296
0.200 -15.283 -15.467 -15.537 -15.622 -15.524 -15.456 -15.324 -15.370 -15.190 -15.257 -15.110 -14.942 -14.734 -14.564 -14.205 -13.699 -13.209
0.300 -14.570 -14.894 -15.115 -15.567 -15.588 -15.568 -15.509 -15.527 -15.426 -15.453 -15.372 -15.247 -15.079 -14.934 -14.621 -14.159 -13.700
0.400 -13.679 -14.111 -14.494 -15.290 -15.434 -15.466 -15.484 -15.474 -15.455 -15.445 -15.428 -15.348 -15.224 -15.107 -14.844 -14.426 -14.000
0.500 -12.597 -13.111 -13.679 -14.820 -15.103 -15.192 -15.295 -15.258 -15.328 -15.285 -15.335 -15.306 -15.231 -15.147 -14.940 -14.574 -14.185
0.600 -11.399 -11.947 -12.709 -14.183 -14.621 -14.775 -14.972 -14.907 -15.075 -15.004 -15.122 -15.149 -15.132 -15.086 -14.945 -14.640 -14.292
0.700 -10.286 -10.801 -11.688 -13.414 -14.010 -14.235 -14.530 -14.442 -14.712 -14.622 -14.806 -14.895 -14.945 -14.943 -14.880 -14.641 -14.336
0.800 -9.514 -9.990 -10.830 -12.603 -13.324 -13.613 -14.001 -13.896 -14.264 -14.170 -14.411 -14.563 -14.686 -14.734 -14.758 -14.594 -14.338
0.900 -9.050 -9.542 -10.276 -11.901 -12.654 -12.980 -13.435 -13.324 -13.768 -13.685 -13.967 -14.179 -14.377 -14.477 -14.596 -14.512 -14.308
1.000 -8.707 -9.231 -9.933 -11.416 -12.100 -12.421 -12.895 -12.790 -13.273 -13.214 -13.517 -13.775 -14.043 -14.194 -14.408 -14.409 -14.260
1.100 -8.381 -8.930 -9.663 -11.116 -11.705 -11.990 -12.435 -12.341 -12.820 -12.788 -13.092 -13.378 -13.704 -13.901 -14.207 -14.291 -14.198
1.200 -8.038 -8.604 -9.397 -10.904 -11.441 -11.689 -12.083 -12.000 -12.443 -12.430 -12.720 -13.014 -13.378 -13.613 -14.001 -14.165 -14.126
1.300 -7.672 -8.246 -9.114 -10.715 -11.248 -11.476 -11.829 -11.751 -12.151 -12.144 -12.415 -12.698 -13.078 -13.338 -13.794 -14.031 -14.046
1.400 -7.282 -7.856 -8.809 -10.522 -11.095 -11.331 -11.685 -11.604 -11.995 -11.980 -12.246 -12.517 -12.888 -13.149 -13.620 -13.880 -13.915
1.500 -6.865 -7.431 -8.476 -10.307 -10.937 -11.196 -11.575 -11.487 -11.895 -11.873 -12.145 -12.415 -12.776 -13.028 -13.483 -13.733 -13.763
1.600 -6.424 -6.972 -8.117 -10.067 -10.759 -11.043 -11.451 -11.357 -11.788 -11.759 -12.043 -12.315 -12.672 -12.918 -13.363 -13.604 -13.628
1.700 -5.959 -6.478 -7.732 -9.801 -10.560 -10.871 -11.313 -11.212 -11.671 -11.638 -11.934 -12.214 -12.572 -12.816 -13.253 -13.487 -13.507
1.800 -5.474 -5.950 -7.322 -9.510 -10.341 -10.680 -11.160 -11.053 -11.543 -11.509 -11.819 -12.110 -12.473 -12.718 -13.151 -13.379 -13.396
1.900 -4.969 -5.387 -6.888 -9.193 -10.101 -10.473 -10.992 -10.880 -11.405 -11.371 -11.696 -12.001 -12.374 -12.621 -13.054 -13.280 -13.293
2.000 -4.452 -4.792 -6.435 -8.854 -9.844 -10.249 -10.812 -10.695 -11.257 -11.226 -11.565 -11.886 -12.273 -12.525 -12.961 -13.186 -13.198
2.100 -3.920 -4.163 -5.961 -8.491 -9.568 -10.010 -10.617 -10.497 -11.097 -11.072 -11.427 -11.765 -12.167 -12.427 -12.869 -13.095 -13.105
2.200 -3.381 -3.502 -5.472 -8.106 -9.276 -9.757 -10.412 -10.289 -10.929 -10.911 -11.281 -11.638 -12.058 -12.327 -12.778 -13.006 -13.017
2.300 -2.840 -2.812 -4.972 -7.702 -8.971 -9.492 -10.196 -10.071 -10.752 -10.744 -11.128 -11.505 -11.945 -12.223 -12.686 -12.918 -12.930
2.400 -2.304 -2.096 -4.468 -7.283 -8.657 -9.220 -9.974 -9.848 -10.570 -10.573 -10.971 -11.367 -11.828 -12.117 -12.593 -12.831 -12.845
2.500 -1.776 -1.356 -3.964 -6.850 -8.335 -8.941 -9.746 -9.621 -10.382 -10.399 -10.809 -11.224 -11.707 -12.007 -12.498 -12.743 -12.759
2.600 -1.264 -0.595 -3.466 -6.409 -8.010 -8.660 -9.515 -9.391 -10.190 -10.223 -10.643 -11.078 -11.582 -11.895 -12.400 -12.654 -12.674
2.700 -0.777 0.176 -2.986 -5.970 -7.688 -8.382 -9.285 -9.163 -9.999 -10.047 -10.477 -10.929 -11.455 -11.779 -12.302 -12.565 -12.589
2.800 -0.322 0.950 -2.531 -5.537 -7.373 -8.109 -9.057 -8.939 -9.808 -9.872 -10.311 -10.780 -11.326 -11.662 -12.201 -12.475 -12.504
2.900 0.094 1.706 -2.112 -5.124 -7.073 -7.846 -8.837 -8.722 -9.621 -9.700 -10.146 -10.630 -11.195 -11.543 -12.099 -12.383 -12.418
3.000 0.468 2.424 -1.732 -4.737 -6.789 -7.597 -8.624 -8.513 -9.438 -9.533 -9.984 -10.481 -11.065 -11.423 -11.996 -12.292 -12.333
3.100 0.795 3.067 -1.398 -4.388 -6.528 -7.364 -8.422 -8.315 -9.261 -9.370 -9.825 -10.334 -10.934 -11.303 -11.892 -12.199 -12.248
3.200 1.077 3.603 -1.111 -4.082 -6.290 -7.149 -8.232 -8.128 -9.092 -9.213 -9.672 -10.190 -10.805 -11.183 -11.788 -12.108 -12.163
3.300 1.318 4.013 -0.866 -3.820 -6.077 -6.953 -8.054 -7.954 -8.930 -9.062 -9.524 -10.050 -10.678 -11.064 -11.684 -12.016 -12.079
3.400 1.466 4.211 -0.717 -3.664 -5.938 -6.819 -7.926 -7.827 -8.809 -8.945 -9.407 -9.937 -10.569 -10.960 -11.585 -11.923 -11.990
3.500 1.559 4.304 -0.624 -3.571 -5.845 -6.726 -7.834 -7.734 -8.716 -8.852 -9.315 -9.844 -10.476 -10.867 -11.492 -11.830 -11.897
3.600 1.649 4.395 -0.533 -3.481 -5.754 -6.635 -7.743 -7.644 -8.626 -8.762 -9.224 -9.754 -10.386 -10.776 -11.402 -11.739 -11.806
3.700 1.737 4.482 -0.446 -3.393 -5.667 -6.548 -7.656 -7.556 -8.538 -8.674 -9.137 -9.666 -10.299 -10.689 -11.314 -11.652 -11.719
3.800 1.821 4.567 -0.361 -3.309 -5.582 -6.463 -7.571 -7.472 -8.454 -8.590 -9.052 -9.582 -10.214 -10.604 -11.230 -11.567 -11.634
3.900 1.903 4.648 -0.280 -3.227 -5.501 -6.382 -7.490 -7.390 -8.372 -8.508 -8.971 -9.500 -10.132 -10.523 -11.148 -11.486 -11.553
4.000 1.981 4.727 -0.201 -3.149 -5.422 -6.303 -7.411 -7.312 -8.293 -8.430 -8.892 -9.422 -10.054 -10.444 -11.070 -11.407 -11.474
4.100 2.056 4.802 -0.126 -3.073 -5.347 -6.228 -7.336 -7.237 -8.218 -8.354 -8.817 -9.346 -9.979 -10.369 -10.994 -11.332 -11.399
4.200 2.129 4.874 -0.053 -3.001 -5.274 -6.155 -7.263 -7.164 -8.146 -8.282 -8.744 -9.274 -9.906 -10.296 -10.922 -11.260 -11.327
4.300 2.198 4.944 0.016 -2.931 -5.205 -6.086 -7.194 -7.095 -8.076 -8.212 -8.675 -9.204 -9.837 -10.227 -10.852 -11.190 -11.257
4.400 2.265 5.011 0.083 -2.865 -5.138 -6.019 -7.127 -7.028 -8.009 -8.146 -8.608 -9.137 -9.770 -10.160 -10.786 -11.123 -11.190
4.500 2.329 5.075 0.147 -2.800 -5.074 -5.955 -7.063 -6.964 -7.945 -8.081 -8.544 -9.073 -9.706 -10.096 -10.722 -11.059 -11.126
4.600 2.391 5.137 0.209 -2.739 -5.012 -5.893 -7.001 -6.902 -7.884 -8.020 -8.482 -9.012 -9.644 -10.034 -10.660 -10.998 -11.065
4.700 2.450 5.196 0.268 -2.679 -4.953 -5.834 -6.942 -6.843 -7.824 -7.961 -8.423 -8.952 -9.585 -9.975 -10.601 -10.938 -11.005
4.800 2.507 5.253 0.325 -2.622 -4.896 -5.777 -6.885 -6.786 -7.767 -7.904 -8.366 -8.895 -9.528 -9.918 -10.544 -10.881 -10.948
4.900 2.562 5.308 0.380 -2.568 -4.841 -5.722 -6.830 -6.731 -7.712 -7.849 -8.311 -8.840 -9.473 -9.863 -10.489 -10.826 -10.893
5.000 2.615 5.361 0.433 -2.514 -4.788 -5.669 -6.777 -6.678 -7.659 -7.795 -8.258 -8.787 -9.420 -9.810 -10.436 -10.773 -10.840
5.100 2.667 5.412 0.484 -2.463 -4.737 -5.618 -6.725 -6.626 -7.608 -7.744 -8.206 -8.736 -9.368 -9.759 -10.384 -10.722 -10.789
5.200 2.717 5.462 0.534 -2.413 -4.687 -5.568 -6.676 -6.576 -7.558 -7.694 -8.157 -8.686 -9.318 -9.709 -10.334 -10.672 -10.739
5.300 2.765 5.511 0.583 -2.365 -4.638 -5.519 -6.627 -6.528 -7.510 -7.646 -8.108 -8.638 -9.270 -9.660 -10.286 -10.623 -10.691
5.400 2.812 5.558 0.630 -2.318 -4.591 -5.472 -6.580 -6.481 -7.463 -7.599 -8.061 -8.591 -9.223 -9.613 -10.239 -10.576 -10.644
5.500 2.858 5.603 0.675 -2.272 -4.546 -5.427 -6.534 -6.435 -7.417 -7.553 -8.015 -8.545 -9.177 -9.568 -10.193 -10.531 -10.598
5.600 2.902 5.648 0.720 -2.227 -4.501 -5.382 -6.490 -6.391 -7.372 -7.508 -7.971 -8.500 -9.133 -9.523 -10.149 -10.486 -10.553
5.700 2.946 5.691 0.763 -2.184 -4.458 -5.339 -6.446 -6.347 -7.329 -7.465 -7.927 -8.457 -9.089 -9.480 -10.105 -10.443 -10.510
5.800 2.988 5.734 0.806 -2.141 -4.415 -5.296 -6.404 -6.305 -7.286 -7.422 -7.885 -8.414 -9.047 -9.437 -10.063 -10.400 -10.467
5.900 3.030 5.775 0.848 -2.100 -4.373 -5.254 -6.362 -6.263 -7.245 -7.381 -7.843 -8.373 -9.005 -9.395 -10.021 -10.359 -10.426
6.000 3.071 5.816 0.888 -2.059 -4.333 -5.214 -6.322 -6.222 -7.204 -7.340 -7.803 -8.332 -8.965 -9.355 -9.980 -10.318 -10.385
6.100 3.110 5.856 0.928 -2.019 -4.293 -5.174 -6.282 -6.183 -7.164 -7.300 -7.763 -8.292 -8.925 -9.315 -9.941 -10.278 -10.345
6.200 3.149 5.895 0.967 -1.980 -4.254 -5.135 -6.243 -6.143 -7.125 -7.261 -7.724 -8.253 -8.886 -9.276 -9.901 -10.239 -10.306
6.300 3.188 5.933 1.005 -1.942 -4.216 -5.097 -6.204 -6.105 -7.087 -7.223 -7.685 -8.215 -8.847 -9.238 -9.863 -10.201 -10.268
6.400 3.225 5.971 1.043 -1.904 -4.178 -5.059 -6.167 -6.068 -7.049 -7.185 -7.648 -8.177 -8.810 -9.200 -9.826 -10.163 -10.230
6.500 3.262 6.008 1.080 -1.867 -4.141 -5.022 -6.130 -6.031 -7.012 -7.148 -7.611 -8.140 -8.773 -9.163 -9.789 -10.126 -10.193
6.600 3.299 6.044 1.116 -1.831 -4.105 -4.986 -6.094 -5.994 -6.976 -7.112 -7.575 -8.104 -8.736 -9.127 -9.752 -10.090 -10.157
6.700 3.334 6.080 1.152 -1.795 -4.069 -4.950 -6.058 -5.959 -6.940 -7.077 -7.539 -8.068 -8.701 -9.091 -9.717 -10.054 -10.121
6.800 3.369 6.115 1.187 -1.760 -4.034 -4.915 -6.023 -5.924 -6.905 -7.041 -7.504 -8.033 -8.666 -9.056 -9.682 -10.019 -10.086
6.900 3.404 6.149 1.221 -1.726 -4.000 -4.881 -5.988 -5.889 -6.871 -7.007 -7.469 -7.999 -8.631 -9.022 -9.647 -9.985 -10.052
7.000 3.438 6.183 1.255 -1.692 -3.966 -4.847 -5.954 -5.855 -6.837 -6.973 -7.435 -7.965 -8.597 -8.988 -9.613 -9.951 -10.018
7.100 3.471 6.217 1.289 -1.659 -3.932 -4.813 -5.921 -5.822 -6.803 -6.940 -7.402 -7.932 -8.564 -8.954 -9.580 -9.917 -9.984
7.200 3.504 6.250 1.322 -1.626 -3.899 -4.780 -5.888 -5.789 -6.771 -6.907 -7.369 -7.899 -8.531 -8.921 -9.547 -9.884 -9.951
7.300 3.536 6.282 1.354 -1.593 -3.867 -4.748 -5.856 -5.757 -6.738 -6.874 -7.337 -7.866 -8.499 -8.889 -9.515 -9.852 -9.919
7.400 3.568 6.314 1.386 -1.561 -3.835 -4.716 -5.824 -5.725 -6.706 -6.842 -7.305 -7.834 -8.467 -8.857 -9.483 -9.820 -9.887
7.500 3.600 6.345 1.417 -1.530 -3.804 -4.685 -5.792 -5.693 -6.675 -6.811 -7.273 -7.803 -8.435 -8.826 -9.451 -9.789 -9.856
7.600 3.631 6.376 1.448 -1.499 -3.773 -4.654 -5.761 -5.662 -6.644 -6.780 -7.242 -7.772 -8.404 -8.795 -9.420 -9.758 -9.825
7.700 3.661 6.407 1.479 -1.468 -3.742 -4.623 -5.731 -5.632 -6.613 -6.750 -7.212 -7.741 -8.374 -8.764 -9.390 -9.727 -9.794
7.800 3.691 6.437 1.509 -1.438 -3.712 -4.593 -5.701 -5.602 -6.583 -6.719 -7.182 -7.711 -8.344 -8.734 -9.360 -9.697 -9.764
7.900 3.721 6.467 1.539 -1.409 -3.682 -4.563 -5.671 -5.572 -6.554 -6.690 -7.152 -7.682 -8.314 -8.704 -9.330 -9.667 -9.734
8.000 3.750 6.496 1.568 -1.379 -3.653 -4.534 -5.642 -5.543 -6.524 -6.660 -7.123 -7.652 -8.285 -8.675 -9.301 -9.638 -9.705
8.100 3.779 6.525 1.597 -1.350 -3.624 -4.505 -5.613 -5.514 -6.495 -6.632 -7.094 -7.623 -8.256 -8.646 -9.272 -9.609 -9.676
8.200 3.808 6.553 1.625 -1.322 -3.596 -4.477 -5.584 -5.485 -6.467 -6.603 -7.065 -7.595 -8.227 -8.618 -9.243 -9.581 -9.648
8.300 3.836 6.582 1.654 -1.294 -3.567 -4.448 -5.556 -5.457 -6.439 -6.575 -7.037 -7.567 -8.199 -8.589 -9.215 -9.553 -9.620
8.400 3.864 6.609 1.681 -1.266 -3.540 -4.421 -5.529 -5.429 -6.411 -6.547 -7.010 -7.539 -8.171 -8.562 -9.187 -9.525 -9.592
8.500 3.891 6.637 1.709 -1.239 -3.512 -4.393 -5.501 -5.402 -6.383 -6.520 -6.982 -7.512 -8.144 -8.534 -9.160 -9.497 -9.564
8.600 3.918 6.664 1.736 -1.212 -3.485 -4.366 -5.474 -5.375 -6.356 -6.493 -6.955 -7.484 -8.117 -8.507 -9.133 -9.470 -9.537
8.700 3.945 6.691 1.763 -1.185 -3.458 -4.339 -5.447 -5.348 -6.330 -6.466 -6.928 -7.458 -8.090 -8.480 -9.106 -9.444 -9.511
8.800 3.971 6.717 1.789 -1.158 -3.432 -4.313 -5.421 -5.322 -6.303 -6.439 -6.902 -7.431 -8.064 -8.454 -9.080 -9.417 -9.484
8.900 3.997 6.743 1.815 -1.132 -3.406 -4.287 -5.395 -5.296 -6.277 -6.413 -6.876 -7.405 -8.038 -8.428 -9.053 -9.391 -9.458
9.000 4.023 6.769 1.841 -1.107 -3.380 -4.261 -5.369 -5.270 -6.251 -6.388 -6.850 -7.379 -8.012 -8.402 -9.028 -9.365 -9.432
9.100 4.049 6.794 1.866 -1.081 -3.355 -4.236 -5.344 -5.244 -6.226 -6.362 -6.825 -7.354 -7.986 -8.377 -9.002 -9.340 -9.407
9.200 4.074 6.819 1.891 -1.056 -3.330 -4.211 -5.318 -5.219 -6.201 -6.337 -6.799 -7.329 -7.961 -8.352 -8.977 -9.315 -9.382
9.300 4.099 6.844 1.916 -1.031 -3.305 -4.186 -5.294 -5.194 -6.176 -6.312 -6.775 -7.304 -7.936 -8.327 -8.952 -9.290 -9.357
9.400 4.123 6.869 1.941 -1.006 -3.280 -4.161 -5.269 -5.170 -6.151 -6.288 -6.750 -7.279 -7.912 -8.302 -8.928 -9.265 -9.332
9.500 4.148 6.893 1.965 -0.982 -3.256 -4.137 -5.245 -5.145 -6.127 -6.263 -6.726 -7.255 -7.887 -8.278 -8.903 -9.241 -9.308
9.600 4.172 6.917 1.989 -0.958 -3.232 -4.113 -5.221 -5.121 -6.103 -6.239 -6.702 -7.231 -7.863 -8.254 -8.879 -9.217 -9.284
9.700 4.195 6.941 2.013 -0.934 -3.208 -4.089 -5.197 -5.098 -6.079 -6.215 -6.678 -7.207 -7.840 -8.230 -8.856 -9.193 -9.260
9.800 4.219 6.964 2.037 -0.911 -3.184 -4.065 -5.173 -5.074 -6.056 -6.192 -6.654 -7.184 -7.816 -8.206 -8.832 -9.170 -9.237
9.900 4.242 6.988 2.060 -0.888 -3.161 -4.042 -5.150 -5.051 -6.032 -6.169 -6.631 -7.161 -7.793 -8.183 -8.809 -9.146 -9.213
10.000 4.265 7.011 2.083 -0.865 -3.138 -4.019 -5.127 -5.028 -6.009 -6.146 -6.608 -7.138 -7.770 -8.160 -8.786 -9.123 -9.190
10.100 4.288 7.033 2.106 -0.842 -3.115 -3.996 -5.104 -5.005 -5.987 -6.123 -6.585 -7.115 -7.747 -8.137 -8.763 -9.101 -9.168
10.200 4.310 7.056 2.128 -0.819 -3.093 -3.974 -5.082 -4.983 -5.964 -6.100 -6.563 -7.092 -7.725 -8.115 -8.741 -9.078 -9.145
10.300 4.333 7.078 2.150 -0.797 -3.071 -3.952 -5.060 -4.960 -5.942 -6.078 -6.541 -7.070 -7.702 -8.093 -8.718 -9.056 -9.123
10.400 4.355 7.100 2.172 -0.775 -3.049 -3.930 -5.038 -4.938 -5.920 -6.056 -6.519 -7.048 -7.680 -8.071 -8.696 -9.034 -9.101
10.500 4.377 7.122 2.194 -0.753 -3.027 -3.908 -5.016 -4.916 -5.898 -6.034 -6.497 -7.026 -7.659 -8.049 -8.674 -9.012 -9.079
10.600 4.398 7.144 2.216 -0.732 -3.005 -3.886 -4.994 -4.895 -5.877 -6.013 -6.475 -7.005 -7.637 -8.027 -8.653 -8.990 -9.057
10.700 4.419 7.165 2.237 -0.710 -2.984 -3.865 -4.973 -4.874 -5.855 -5.991 -6.454 -6.983 -7.616 -8.006 -8.631 -8.969 -9.036
10.800 4.441 7.186 2.258 -0.689 -2.963 -3.844 -4.952 -4.852 -5.834 -5.970 -6.433 -6.962 -7.594 -7.985 -8.610 -8.948 -9.015
10.900 4.462 7.207 2.279 -0.668 -2.942 -3.823 -4.931 -4.831 -5.813 -5.949 -6.412 -6.941 -7.574 -7.964 -8.589 -8.927 -8.994
11.000 4.482 7.228 2.300 -0.647 -2.921 -3.802 -4.910 -4.811 -5.792 -5.928 -6.391 -6.920 -7.553 -7.943 -8.569 -8.906 -8.973
11.100 4.503 7.248 2.320 -0.627 -2.901 -3.782 -4.889 -4.790 -5.772 -5.908 -6.370 -6.900 -7.532 -7.923 -8.548 -8.886 -8.953
11.200 4.523 7.269 2.341 -0.607 -2.880 -3.761 -4.869 -4.770 -5.751 -5.888 -6.350 -6.880 -7.512 -7.902 -8.528 -8.865 -8.932
11.300 4.543 7.289 2.361 -0.586 -2.860 -3.741 -4.849 -4.750 -5.731 -5.867 -6.330 -6.859 -7.492 -7.882 -8.508 -8.845 -8.912
11.400 4.563 7.309 2.381 -0.566 -2.840 -3.721 -4.829 -4.730 -5.711 -5.848 -6.310 -6.839 -7.472 -7.862 -8.488 -8.825 -8.892
11.500 4.583 7.329 2.401 -0.547 -2.820 -3.701 -4.809 -4.710 -5.692 -5.828 -6.290 -6.820 -7.452 -7.842 -8.468 -8.805 -8.872
11.600 4.603 7.348 2.420 -0.527 -2.801 -3.682 -4.790 -4.690 -5.672 -5.808 -6.271 -6.800 -7.432 -7.823 -8.448 -8.786 -8.853
11.700 4.622 7.368 2.440 -0.508 -2.781 -3.662 -4.770 -4.671 -5.653 -5.789 -6.251 -6.781 -7.413 -7.803 -8.429 -8.766 -8.834
11.800 4.641 7.387 2.459 -0.489 -2.762 -3.643 -4.751 -4.652 -5.633 -5.770 -6.232 -6.761 -7.394 -7.784 -8.410 -8.747 -8.814
11.900 4.660 7.406 2.478 -0.469 -2.743 -3.624 -4.732 -4.633 -5.614 -5.751 -6.213 -6.742 -7.375 -7.765 -8.391 -8.728 -8.795
12.000 4.679 7.425 2.497 -0.451 -2.724 -3.605 -4.713 -4.614 -5.595 -5.732 -6.194 -6.724 -7.356 -7.746 -8.372 -8.709 -8.776
12.100 4.698 7.443 2.515 -0.432 -2.706 -3.587 -4.694 -4.595 -5.577 -5.713 -6.175 -6.705 -7.337 -7.728 -8.353 -8.691 -8.758
12.200 4.716 7.462 2.534 -0.413 -2.687 -3.568 -4.676 -4.577 -5.558 -5.694 -6.157 -6.686 -7.319 -7.709 -8.335 -8.672 -8.739
12.300 4.735 7.480 2.552 -0.395 -2.669 -3.550 -4.657 -4.558 -5.540 -5.676 -6.138 -6.668 -7.300 -7.691 -8.316 -8.654 -8.721
12.400 4.753 7.499 2.571 -0.377 -2.650 -3.531 -4.639 -4.540 -5.522 -5.658 -6.120 -6.650 -7.282 -7.672 -8.298 -8.636 -8.703
12.500 4.771 7.517 2.589 -0.359 -2.632 -3.513 -4.621 -4.522 -5.504 -5.640 -6.102 -6.632 -7.264 -7.654 -8.280 -8.617 -8.685
12.600 4.789 7.534 2.607 -0.341 -2.614 -3.495 -4.603 -4.504 -5.486 -5.622 -6.084 -6.614 -7.246 -7.636 -8.262 -8.600 -8.667
12.700 4.807 7.552 2.624 -0.323 -2.597 -3.478 -4.586 -4.486 -5.468 -5.604 -6.067 -6.596 -7.228 -7.619 -8.244 -8.582 -8.649
12.800 4.824 7.570 2.642 -0.305 -2.579 -3.460 -4.568 -4.469 -5.450 -5.587 -6.049 -6.578 -7.211 -7.601 -8.227 -8.564 -8.631
12.900 4.842 7.587 2.659 -0.288 -2.562 -3.443 -4.551 -4.451 -5.433 -5.569 -6.032 -6.561 -7.193 -7.584 -8.209 -8.547 -8.614
13.000 4.859 7.605 2.677 -0.271 -2.544 -3.425 -4.533 -4.434 -5.416 -5.552 -6.014 -6.544 -7.176 -7.566 -8.192 -8.529 -8.597
13.100 4.876 7.622 2.694 -0.254 -2.527 -3.408 -4.516 -4.417 -5.398 -5.535 -5.997 -6.527 -7.159 -7.549 -8.175 -8.512 -8.579
13.200 4.893 7.639 2.711 -0.237 -2.510 -3.391 -4.499 -4.400 -5.381 -5.518 -5.980 -6.510 -7.142 -7.532 -8.158 -8.495 -8.562
13.300 4.910 7.656 2.728 -0.220 -2.493 -3.374 -4.482 -4.383 -5.365 -5.501 -5.963 -6.493 -7.125 -7.515 -8.141 -8.478 -8.545
13.400 4.927 7.672 2.744 -0.203 -2.477 -3.358 -4.465 -4.366 -5.348 -5.484 -5.946 -6.476 -7.108 -7.499 -8.124 -8.462 -8.529
13.500 4.943 7.689 2.761 -0.186 -2.460 -3.341 -4.449 -4.350 -5.331 -5.467 -5.930 -6.459 -7.092 -7.482 -8.108 -8.445 -8.512
13.600 4.960 7.705 2.778 -0.170 -2.443 -3.324 -4.432 -4.333 -5.315 -5.451 -5.913 -6.443 -7.075 -7.465 -8.091 -8.429 -8.496
13.700 4.976 7.722 2.794 -0.153 -2.427 -3.308 -4.416 -4.317 -5.298 -5.435 -5.897 -6.426 -7.059 -7.449 -8.075 -8.412 -8.479
13.800 4.992 7.738 2.810 -0.137 -2.411 -3.292 -4.400 -4.301 -5.282 -5.418 -5.881 -6.410 -7.043 -7.433 -8.058 -8.396 -8.463
13.900 5.009 7.754 2.826 -0.121 -2.395 -3.276 -4.384 -4.284 -5.266 -5.402 -5.865 -6.394 -7.027 -7.417 -8.042 -8.380 -8.447
14.000 5.025 7.770 2.842 -0.105 -2.379 -3.260 -4.368 -4.268 -5.250 -5.386 -5.849 -6.378 -7.011 -7.401 -8.026 -8.364 -8.431
14.100 5.040 7.786 2.858 -0.089 -2.363 -3.244 -4.352 -4.253 -5.234 -5.370 -5.833 -6.362 -6.995 -7.385 -8.011 -8.348 -8.415
14.200 5.056 7.802 2.874 -0.074 -2.347 -3.228 -4.336 -4.237 -5.219 -5.355 -5.817 -6.347 -6.979 -7.369 -7.995 -8.332 -8.399
14.300 5.072 7.817 2.889 -0.058 -2.332 -3.213 -4.321 -4.221 -5.203 -5.339 -5.802 -6.331 -6.963 -7.354 -7.979 -8.317 -8.384
14.400 5.087 7.833 2.905 -0.043 -2.316 -3.197 -4.305 -4.206 -5.187 -5.324 -5.786 -6.315 -6.948 -7.338 -7.964 -8.301 -8.368
14.500 5.103 7.848 2.920 -0.027 -2.301 -3.182 -4.290 -4.190 -5.172 -5.308 -5.771 -6.300 -6.933 -7.323 -7.948 -8.286 -8.353
14.600 5.118 7.863 2.935 -0.012 -2.286 -3.167 -4.274 -4.175 -5.157 -5.293 -5.755 -6.285 -6.917 -7.308 -7.933 -8.271 -8.338
14.700 5.133 7.879 2.951 0.003 -2.270 -3.151 -4.259 -4.160 -5.142 -5.278 -5.740 -6.270 -6.902 -7.292 -7.918 -8.256 -8.323
14.800 5.148 7.894 2.966 0.018 -2.255 -3.136 -4.244 -4.145 -5.127 -5.263 -5.725 -6.255 -6.887 -7.277 -7.903 -8.240 -8.307
14.900 5.163 7.909 2.981 0.033 -2.240 -3.121 -4.229 -4.130 -5.112 -5.248 -5.710 -6.240 -6.872 -7.262 -7.888 -8.226 -8.293
15.000 5.178 7.923 2.995 0.048 -2.226 -3.107 -4.214 -4.115 -5.097 -5.233 -5.695 -6.225 -6.857 -7.248 -7.873 -8.211 -8.278
