# day W2 M2 W1 u B g V c r w o i z y J H K
0.000 -11.059 -10.855 -10.651 -9.793 -9.425 -9.246 -8.934 -9.059 -8.677 -8.862 -8.536 -8.255 -7.939 -7.696 -7.204 -6.568 -5.981
0.100 -15.212 -15.226 -15.163 -14.886 -14.703 -14.605 -14.429 -14.494 -14.270 -14.362 -14.179 -13.992 -13.767 -13.586 -13.206 -12.677 -12.166
0.200 -14.450 -14.669 -14.783 -15.014 -14.987 -14.953 -14.878 -14.903 -14.790 -14.825 -14.736 -14.612 -14.449 -14.308 -14.000 -13.537 -13.073
0.300 -13.338 -13.731 -14.061 -14.773 -14.908 -14.940 -14.964 -14.953 -14.945 -14.934 -14.928 -14.862 -14.755 -14.651 -14.407 -14.003 -13.578
0.400 -12.125 -12.638 -13.208 -14.357 -14.655 -14.754 -14.875 -14.833 -14.927 -14.879 -14.947 -14.938 -14.887 -14.820 -14.640 -14.292 -13.905
0.500 -10.860 -11.431 -12.255 -13.799 -14.266 -14.436 -14.656 -14.586 -14.781 -14.706 -14.843 -14.892 -14.900 -14.871 -14.760 -14.470 -14.123
0.600 -9.543 -10.099 -11.203 -13.110 -13.756 -14.000 -14.323 -14.229 -14.528 -14.436 -14.638 -14.747 -14.820 -14.834 -14.796 -14.571 -14.266
0.700 -8.184 -8.640 -10.051 -12.287 -13.127 -13.453 -13.884 -13.771 -14.176 -14.080 -14.341 -14.514 -14.660 -14.721 -14.766 -14.610 -14.352
0.800 -6.882 -7.172 -8.868 -11.359 -12.401 -12.812 -13.355 -13.229 -13.742 -13.655 -13.969 -14.208 -14.432 -14.546 -14.682 -14.603 -14.395
0.900 -5.814 -6.009 -7.805 -10.405 -11.625 -12.118 -12.769 -12.637 -13.251 -13.187 -13.545 -13.849 -14.155 -14.324 -14.557 -14.561 -14.406
1.000 -5.074 -5.321 -7.014 -9.556 -10.879 -11.434 -12.173 -12.043 -12.741 -12.713 -13.101 -13.464 -13.850 -14.074 -14.406 -14.494 -14.396
1.100 -4.560 -4.877 -6.480 -8.917 -10.234 -10.815 -11.607 -11.485 -12.242 -12.254 -12.662 -13.073 -13.534 -13.810 -14.239 -14.411 -14.369
1.200 -4.139 -4.474 -6.078 -8.478 -9.727 -10.300 -11.107 -10.994 -11.780 -11.831 -12.248 -12.693 -13.218 -13.542 -14.061 -14.316 -14.329
1.300 -3.747 -4.052 -5.727 -8.164 -9.374 -9.932 -10.731 -10.624 -11.418 -11.492 -11.912 -12.376 -12.943 -13.302 -13.888 -14.206 -14.263
1.400 -3.380 -3.595 -5.410 -7.939 -9.214 -9.792 -10.608 -10.499 -11.300 -11.372 -11.793 -12.258 -12.823 -13.179 -13.763 -14.078 -14.134
1.500 -2.995 -3.097 -5.070 -7.688 -9.039 -9.641 -10.477 -10.367 -11.180 -11.252 -11.676 -12.142 -12.707 -13.062 -13.644 -13.957 -14.012
1.600 -2.595 -2.555 -4.710 -7.413 -8.849 -9.478 -10.341 -10.229 -11.057 -11.130 -11.559 -12.029 -12.595 -12.950 -13.531 -13.842 -13.897
1.700 -2.190 -1.976 -4.337 -7.118 -8.648 -9.306 -10.197 -10.085 -10.930 -11.006 -11.439 -11.914 -12.483 -12.840 -13.420 -13.731 -13.785
1.800 -1.786 -1.359 -3.958 -6.807 -8.436 -9.126 -10.047 -9.935 -10.798 -10.879 -11.316 -11.796 -12.370 -12.729 -13.311 -13.621 -13.675
1.900 -1.392 -0.709 -3.580 -6.486 -8.218 -8.940 -9.892 -9.780 -10.662 -10.749 -11.191 -11.677 -12.257 -12.618 -13.202 -13.513 -13.566
2.000 -1.020 -0.042 -3.218 -6.164 -7.999 -8.753 -9.734 -9.623 -10.523 -10.617 -11.062 -11.555 -12.142 -12.506 -13.093 -13.405 -13.459
2.100 -0.675 0.634 -2.876 -5.847 -7.782 -8.564 -9.573 -9.464 -10.382 -10.481 -10.931 -11.431 -12.024 -12.391 -12.982 -13.297 -13.351
2.200 -0.363 1.294 -2.562 -5.545 -7.571 -8.379 -9.413 -9.305 -10.238 -10.345 -10.798 -11.304 -11.904 -12.275 -12.871 -13.188 -13.243
2.300 -0.086 1.908 -2.281 -5.264 -7.368 -8.199 -9.254 -9.148 -10.095 -10.208 -10.664 -11.176 -11.783 -12.158 -12.759 -13.078 -13.134
2.400 0.157 2.441 -2.034 -5.011 -7.177 -8.025 -9.098 -8.994 -9.952 -10.072 -10.530 -11.046 -11.660 -12.039 -12.645 -12.968 -13.026
2.500 0.371 2.874 -1.817 -4.783 -6.997 -7.858 -8.945 -8.843 -9.810 -9.935 -10.395 -10.916 -11.536 -11.918 -12.530 -12.857 -12.917
2.600 0.561 3.206 -1.624 -4.581 -6.827 -7.699 -8.796 -8.695 -9.670 -9.800 -10.261 -10.786 -11.411 -11.797 -12.414 -12.745 -12.808
2.700 0.732 3.455 -1.451 -4.402 -6.668 -7.547 -8.652 -8.552 -9.532 -9.666 -10.128 -10.656 -11.287 -11.676 -12.298 -12.634 -12.699
2.800 0.867 3.612 -1.316 -4.263 -6.537 -7.418 -8.525 -8.426 -9.408 -9.544 -10.006 -10.536 -11.168 -11.559 -12.184 -12.522 -12.589
2.900 0.979 3.725 -1.203 -4.150 -6.424 -7.305 -8.413 -8.314 -9.295 -9.432 -9.894 -10.423 -11.056 -11.446 -12.072 -12.409 -12.476
3.000 1.090 3.836 -1.092 -4.039 -6.313 -7.194 -8.302 -8.202 -9.184 -9.320 -9.783 -10.312 -10.945 -11.335 -11.960 -12.298 -12.365
3.100 1.200 3.946 -0.982 -3.930 -6.203 -7.084 -8.192 -8.093 -9.075 -9.211 -9.673 -10.203 -10.835 -11.225 -11.851 -12.188 -12.256
3.200 1.307 4.053 -0.875 -3.822 -6.096 -6.977 -8.085 -7.986 -8.967 -9.103 -9.566 -10.095 -10.728 -11.118 -11.743 -12.081 -12.148
3.300 1.413 4.158 -0.770 -3.717 -5.991 -6.872 -7.979 -7.880 -8.862 -8.998 -9.460 -9.990 -10.622 -11.013 -11.638 -11.976 -12.043
3.400 1.515 4.261 -0.667 -3.615 -5.888 -6.769 -7.877 -7.778 -8.759 -8.896 -9.358 -9.887 -10.520 -10.910 -11.536 -11.873 -11.940
3.500 1.615 4.361 -0.567 -3.515 -5.788 -6.669 -7.777 -7.678 -8.660 -8.796 -9.258 -9.788 -10.420 -10.810 -11.436 -11.774 -11.841
3.600 1.712 4.457 -0.471 -3.418 -5.692 -6.573 -7.681 -7.581 -8.563 -8.699 -9.162 -9.691 -10.323 -10.714 -11.339 -11.677 -11.744
3.700 1.805 4.551 -0.377 -3.325 -5.598 -6.479 -7.587 -7.488 -8.470 -8.606 -9.068 -9.598 -10.230 -10.620 -11.246 -11.584 -11.651
3.800 1.895 4.640 -0.288 -3.235 -5.509 -6.390 -7.497 -7.398 -8.380 -8.516 -8.978 -9.508 -10.140 -10.531 -11.156 -11.494 -11.561
3.900 1.981 4.727 -0.201 -3.148 -5.422 -6.303 -7.411 -7.312 -8.293 -8.430 -8.892 -9.421 -10.054 -10.444 -11.070 -11.407 -11.474
4.000 2.064 4.810 -0.118 -3.065 -5.339 -6.220 -7.328 -7.229 -8.210 -8.347 -8.809 -9.338 -9.971 -10.361 -10.987 -11.324 -11.391
4.100 2.144 4.889 -0.039 -2.986 -5.260 -6.141 -7.249 -7.149 -8.131 -8.267 -8.730 -9.259 -9.892 -10.282 -10.907 -11.245 -11.312
4.200 2.220 4.965 0.037 -2.910 -5.184 -6.065 -7.173 -7.073 -8.055 -8.191 -8.654 -9.183 -9.815 -10.206 -10.831 -11.169 -11.236
4.300 2.292 5.038 0.110 -2.837 -5.111 -5.992 -7.100 -7.000 -7.982 -8.118 -8.581 -9.110 -9.743 -10.133 -10.758 -11.096 -11.163
4.400 2.362 5.108 0.180 -2.768 -5.041 -5.922 -7.030 -6.931 -7.912 -8.049 -8.511 -9.040 -9.673 -10.063 -10.689 -11.026 -11.093
4.500 2.429 5.175 0.247 -2.701 -4.974 -5.855 -6.963 -6.864 -7.846 -7.982 -8.444 -8.974 -9.606 -9.996 -10.622 -10.960 -11.027
4.600 2.493 5.238 0.311 -2.637 -4.910 -5.791 -6.899 -6.800 -7.782 -7.918 -8.380 -8.910 -9.542 -9.932 -10.558 -10.896 -10.963
4.700 2.554 5.300 0.372 -2.575 -4.849 -5.730 -6.838 -6.739 -7.720 -7.856 -8.319 -8.848 -9.481 -9.871 -10.497 -10.834 -10.901
4.800 2.613 5.359 0.431 -2.516 -4.790 -5.671 -6.779 -6.680 -7.661 -7.798 -8.260 -8.789 -9.422 -9.812 -10.438 -10.775 -10.842
4.900 2.670 5.416 0.488 -2.460 -4.733 -5.614 -6.722 -6.623 -7.605 -7.741 -8.203 -8.733 -9.365 -9.755 -10.381 -10.718 -10.785
5.000 2.725 5.470 0.542 -2.405 -4.679 -5.560 -6.667 -6.568 -7.550 -7.686 -8.148 -8.678 -9.310 -9.701 -10.326 -10.664 -10.731
5.100 2.778 5.523 0.595 -2.352 -4.626 -5.507 -6.615 -6.515 -7.497 -7.633 -8.096 -8.625 -9.257 -9.648 -10.273 -10.611 -10.678
5.200 2.829 5.574 0.647 -2.301 -4.574 -5.455 -6.563 -6.464 -7.446 -7.582 -8.044 -8.574 -9.206 -9.596 -10.222 -10.560 -10.627
5.300 2.879 5.624 0.696 -2.251 -4.525 -5.406 -6.514 -6.414 -7.396 -7.532 -7.995 -8.524 -9.157 -9.547 -10.172 -10.510 -10.577
5.400 2.927 5.672 0.744 -2.203 -4.477 -5.358 -6.466 -6.366 -7.348 -7.484 -7.947 -8.476 -9.108 -9.499 -10.124 -10.462 -10.529
5.500 2.974 5.719 0.791 -2.156 -4.430 -5.311 -6.419 -6.319 -7.301 -7.437 -7.900 -8.429 -9.061 -9.452 -10.077 -10.415 -10.482
5.600 3.019 5.765 0.837 -2.111 -4.384 -5.265 -6.373 -6.274 -7.255 -7.392 -7.854 -8.383 -9.016 -9.406 -10.032 -10.369 -10.436
5.700 3.064 5.809 0.881 -2.066 -4.340 -5.221 -6.329 -6.229 -7.211 -7.347 -7.810 -8.339 -8.971 -9.362 -9.987 -10.325 -10.392
5.800 3.107 5.853 0.925 -2.023 -4.296 -5.177 -6.285 -6.186 -7.167 -7.304 -7.766 -8.296 -8.928 -9.318 -9.944 -10.281 -10.348
5.900 3.150 5.895 0.967 -1.980 -4.254 -5.135 -6.243 -6.143 -7.125 -7.261 -7.724 -8.253 -8.885 -9.276 -9.901 -10.239 -10.306
6.000 3.191 5.937 1.009 -1.939 -4.212 -5.093 -6.201 -6.102 -7.083 -7.220 -7.682 -8.211 -8.844 -9.234 -9.860 -10.197 -10.264
6.100 3.232 5.977 1.050 -1.898 -4.171 -5.052 -6.160 -6.061 -7.043 -7.179 -7.641 -8.171 -8.803 -9.193 -9.819 -10.157 -10.224
6.200 3.272 6.017 1.089 -1.858 -4.132 -5.013 -6.120 -6.021 -7.003 -7.139 -7.601 -8.131 -8.763 -9.154 -9.779 -10.117 -10.184
6.300 3.311 6.057 1.129 -1.819 -4.092 -4.973 -6.081 -5.982 -6.964 -7.100 -7.562 -8.092 -8.724 -9.114 -9.740 -10.078 -10.145
6.400 3.349 6.095 1.167 -1.780 -4.054 -4.935 -6.043 -5.944 -6.925 -7.061 -7.524 -8.053 -8.686 -9.076 -9.702 -10.039 -10.106
6.500 3.387 6.133 1.205 -1.743 -4.016 -4.897 -6.005 -5.906 -6.888 -7.024 -7.486 -8.016 -8.648 -9.038 -9.664 -10.001 -10.068
6.600 3.424 6.170 1.242 -1.706 -3.979 -4.860 -5.968 -5.869 -6.851 -6.987 -7.449 -7.979 -8.611 -9.001 -9.627 -9.964 -10.031
6.700 3.460 6.206 1.278 -1.669 -3.943 -4.824 -5.932 -5.833 -6.814 -6.950 -7.413 -7.942 -8.575 -8.965 -9.590 -9.928 -9.995
6.800 3.496 6.242 1.314 -1.633 -3.907 -4.788 -5.896 -5.797 -6.778 -6.915 -7.377 -7.906 -8.539 -8.929 -9.555 -9.892 -9.959
6.900 3.531 6.277 1.349 -1.598 -3.872 -4.753 -5.861 -5.762 -6.743 -6.879 -7.342 -7.871 -8.504 -8.894 -9.519 -9.857 -9.924
7.000 3.566 6.312 1.384 -1.564 -3.837 -4.718 -5.826 -5.727 -6.709 -6.845 -7.307 -7.837 -8.469 -8.859 -9.485 -9.822 -9.889
7.100 3.600 6.346 1.418 -1.530 -3.803 -4.684 -5.792 -5.693 -6.674 -6.811 -7.273 -7.802 -8.435 -8.825 -9.451 -9.788 -9.855
7.200 3.634 6.379 1.451 -1.496 -3.770 -4.651 -5.758 -5.659 -6.641 -6.777 -7.239 -7.769 -8.401 -8.792 -9.417 -9.755 -9.822
7.300 3.667 6.412 1.484 -1.463 -3.737 -4.618 -5.725 -5.626 -6.608 -6.744 -7.206 -7.736 -8.368 -8.759 -9.384 -9.722 -9.789
7.400 3.699 6.445 1.517 -1.430 -3.704 -4.585 -5.693 -5.594 -6.575 -6.711 -7.174 -7.703 -8.336 -8.726 -9.352 -9.689 -9.756
7.500 3.732 6.477 1.549 -1.398 -3.672 -4.553 -5.661 -5.561 -6.543 -6.679 -7.142 -7.671 -8.304 -8.694 -9.319 -9.657 -9.724
7.600 3.763 6.509 1.581 -1.367 -3.640 -4.521 -5.629 -5.530 -6.511 -6.648 -7.110 -7.640 -8.272 -8.662 -9.288 -9.625 -9.692
7.700 3.794 6.540 1.612 -1.335 -3.609 -4.490 -5.598 -5.499 -6.480 -6.616 -7.079 -7.608 -8.241 -8.631 -9.257 -9.594 -9.661
7.800 3.825 6.571 1.643 -1.305 -3.578 -4.459 -5.567 -5.468 -6.450 -6.586 -7.048 -7.578 -8.210 -8.600 -9.226 -9.563 -9.630
7.900 3.855 6.601 1.673 -1.274 -3.548 -4.429 -5.537 -5.438 -6.419 -6.555 -7.018 -7.547 -8.180 -8.570 -9.196 -9.533 -9.600
8.000 3.885 6.631 1.703 -1.244 -3.518 -4.399 -5.507 -5.408 -6.389 -6.525 -6.988 -7.517 -8.150 -8.540 -9.166 -9.503 -9.570
8.100 3.915 6.660 1.732 -1.215 -3.489 -4.370 -5.477 -5.378 -6.360 -6.496 -6.958 -7.488 -8.120 -8.511 -9.136 -9.474 -9.541
8.200 3.944 6.690 1.762 -1.186 -3.459 -4.340 -5.448 -5.349 -6.331 -6.467 -6.929 -7.459 -8.091 -8.481 -9.107 -9.444 -9.512
8.300 3.973 6.718 1.790 -1.157 -3.431 -4.312 -5.419 -5.320 -6.302 -6.438 -6.900 -7.430 -8.062 -8.453 -9.078 -9.416 -9.483
8.400 4.001 6.747 1.819 -1.129 -3.402 -4.283 -5.391 -5.292 -6.273 -6.410 -6.872 -7.402 -8.034 -8.424 -9.050 -9.387 -9.454
8.500 4.029 6.775 1.847 -1.101 -3.374 -4.255 -5.363 -5.264 -6.245 -6.382 -6.844 -7.374 -8.006 -8.396 -9.022 -9.359 -9.426
8.600 4.057 6.802 1.874 -1.073 -3.347 -4.228 -5.335 -5.236 -6.218 -6.354 -6.816 -7.346 -7.978 -8.369 -8.994 -9.332 -9.399
8.700 4.084 6.830 1.902 -1.046 -3.319 -4.200 -5.308 -5.209 -6.190 -6.327 -6.789 -7.319 -7.951 -8.341 -8.967 -9.304 -9.371
8.800 4.111 6.857 1.929 -1.019 -3.292 -4.173 -5.281 -5.182 -6.163 -6.300 -6.762 -7.292 -7.924 -8.314 -8.940 -9.277 -9.344
8.900 4.138 6.883 1.955 -0.992 -3.266 -4.147 -5.254 -5.155 -6.137 -6.273 -6.735 -7.265 -7.897 -8.288 -8.913 -9.251 -9.318
9.000 4.164 6.910 1.982 -0.966 -3.239 -4.120 -5.228 -5.129 -6.110 -6.247 -6.709 -7.238 -7.871 -8.261 -8.887 -9.224 -9.291
9.100 4.190 6.936 2.008 -0.939 -3.213 -4.094 -5.202 -5.103 -6.084 -6.221 -6.683 -7.212 -7.845 -8.235 -8.861 -9.198 -9.265
9.200 4.216 6.962 2.034 -0.914 -3.187 -4.068 -5.176 -5.077 -6.059 -6.195 -6.657 -7.187 -7.819 -8.209 -8.835 -9.172 -9.240
9.300 4.241 6.987 2.059 -0.888 -3.162 -4.043 -5.151 -5.052 -6.033 -6.169 -6.632 -7.161 -7.794 -8.184 -8.809 -9.147 -9.214
9.400 4.267 7.012 2.084 -0.863 -3.137 -4.018 -5.126 -5.026 -6.008 -6.144 -6.607 -7.136 -7.768 -8.159 -8.784 -9.122 -9.189
9.500 4.292 7.037 2.109 -0.838 -3.112 -3.993 -5.101 -5.001 -5.983 -6.119 -6.582 -7.111 -7.744 -8.134 -8.759 -9.097 -9.164
9.600 4.316 7.062 2.134 -0.814 -3.087 -3.968 -5.076 -4.977 -5.959 -6.095 -6.557 -7.087 -7.719 -8.109 -8.735 -9.072 -9.139
9.700 4.340 7.086 2.158 -0.789 -3.063 -3.944 -5.052 -4.953 -5.934 -6.070 -6.533 -7.062 -7.695 -8.085 -8.710 -9.048 -9.115
9.800 4.365 7.110 2.182 -0.765 -3.039 -3.920 -5.028 -4.928 -5.910 -6.046 -6.509 -7.038 -7.671 -8.061 -8.686 -9.024 -9.091
9.900 4.388 7.134 2.206 -0.741 -3.015 -3.896 -5.004 -4.905 -5.886 -6.022 -6.485 -7.014 -7.647 -8.037 -8.663 -9.000 -9.067
10.000 4.412 7.157 2.229 -0.718 -2.991 -3.872 -4.980 -4.881 -5.863 -5.999 -6.461 -6.991 -7.623 -8.013 -8.639 -8.977 -9.044
10.100 4.435 7.181 2.253 -0.695 -2.968 -3.849 -4.957 -4.858 -5.839 -5.976 -6.438 -6.968 -7.600 -7.990 -8.616 -8.953 -9.020
10.200 4.458 7.204 2.276 -0.671 -2.945 -3.826 -4.934 -4.835 -5.816 -5.953 -6.415 -6.944 -7.577 -7.967 -8.593 -8.930 -8.997
10.300 4.481 7.227 2.299 -0.649 -2.922 -3.803 -4.911 -4.812 -5.794 -5.930 -6.392 -6.922 -7.554 -7.944 -8.570 -8.907 -8.974
10.400 4.504 7.249 2.321 -0.626 -2.900 -3.781 -4.889 -4.789 -5.771 -5.907 -6.370 -6.899 -7.531 -7.922 -8.547 -8.885 -8.952
10.500 4.526 7.272 2.344 -0.604 -2.877 -3.758 -4.866 -4.767 -5.749 -5.885 -6.347 -6.877 -7.509 -7.899 -8.525 -8.862 -8.930
10.600 4.548 7.294 2.366 -0.582 -2.855 -3.736 -4.844 -4.745 -5.726 -5.863 -6.325 -6.855 -7.487 -7.877 -8.503 -8.840 -8.907
10.700 4.570 7.316 2.388 -0.560 -2.833 -3.714 -4.822 -4.723 -5.705 -5.841 -6.303 -6.833 -7.465 -7.855 -8.481 -8.818 -8.885
10.800 4.592 7.337 2.409 -0.538 -2.812 -3.693 -4.800 -4.701 -5.683 -5.819 -6.281 -6.811 -7.443 -7.834 -8.459 -8.797 -8.864
10.900 4.613 7.359 2.431 -0.516 -2.790 -3.671 -4.779 -4.680 -5.661 -5.798 -6.260 -6.789 -7.422 -7.812 -8.438 -8.775 -8.842
11.000 4.635 7.380 2.452 -0.495 -2.769 -3.650 -4.758 -4.658 -5.640 -5.776 -6.239 -6.768 -7.401 -7.791 -8.416 -8.754 -8.821
11.100 4.656 7.401 2.473 -0.474 -2.748 -3.629 -4.737 -4.637 -5.619 -5.755 -6.218 -6.747 -7.379 -7.770 -8.395 -8.733 -8.800
11.200 4.676 7.422 2.494 -0.453 -2.727 -3.608 -4.716 -4.617 -5.598 -5.734 -6.197 -6.726 -7.359 -7.749 -8.374 -8.712 -8.779
11.300 4.697 7.443 2.515 -0.433 -2.706 -3.587 -4.695 -4.596 -5.577 -5.714 -6.176 -6.706 -7.338 -7.728 -8.354 -8.691 -8.758
11.400 4.718 7.463 2.535 -0.412 -2.686 -3.567 -4.675 -4.575 -5.557 -5.693 -6.156 -6.685 -7.317 -7.708 -8.333 -8.671 -8.738
11.500 4.738 7.483 2.556 -0.392 -2.665 -3.546 -4.654 -4.555 -5.537 -5.673 -6.135 -6.665 -7.297 -7.687 -8.313 -8.651 -8.718
11.600 4.758 7.504 2.576 -0.372 -2.645 -3.526 -4.634 -4.535 -5.517 -5.653 -6.115 -6.645 -7.277 -7.667 -8.293 -8.630 -8.697
11.700 4.778 7.524 2.596 -0.352 -2.625 -3.506 -4.614 -4.515 -5.497 -5.633 -6.095 -6.625 -7.257 -7.647 -8.273 -8.611 -8.678
11.800 4.798 7.543 2.615 -0.332 -2.606 -3.487 -4.595 -4.495 -5.477 -5.613 -6.076 -6.605 -7.237 -7.628 -8.253 -8.591 -8.658
11.900 4.817 7.563 2.635 -0.312 -2.586 -3.467 -4.575 -4.476 -5.457 -5.594 -6.056 -6.585 -7.218 -7.608 -8.234 -8.571 -8.638
12.000 4.837 7.582 2.654 -0.293 -2.567 -3.448 -4.556 -4.456 -5.438 -5.574 -6.037 -6.566 -7.198 -7.589 -8.214 -8.552 -8.619
12.100 4.856 7.601 2.673 -0.274 -2.547 -3.428 -4.536 -4.437 -5.419 -5.555 -6.017 -6.547 -7.179 -7.569 -8.195 -8.533 -8.600
12.200 4.875 7.621 2.693 -0.255 -2.528 -3.409 -4.517 -4.418 -5.400 -5.536 -5.998 -6.528 -7.160 -7.550 -8.176 -8.514 -8.581
12.300 4.894 7.639 2.711 -0.236 -2.510 -3.391 -4.498 -4.399 -5.381 -5.517 -5.979 -6.509 -7.141 -7.532 -8.157 -8.495 -8.562
12.400 4.913 7.658 2.730 -0.217 -2.491 -3.372 -4.480 -4.380 -5.362 -5.498 -5.961 -6.490 -7.123 -7.513 -8.138 -8.476 -8.543
12.500 4.931 7.677 2.749 -0.199 -2.472 -3.353 -4.461 -4.362 -5.344 -5.480 -5.942 -6.472 -7.104 -7.494 -8.120 -8.457 -8.524
12.600 4.950 7.695 2.767 -0.180 -2.454 -3.335 -4.443 -4.343 -5.325 -5.461 -5.924 -6.453 -7.086 -7.476 -8.101 -8.439 -8.506
12.700 4.968 7.713 2.785 -0.162 -2.436 -3.317 -4.424 -4.325 -5.307 -5.443 -5.905 -6.435 -7.067 -7.458 -8.083 -8.421 -8.488
12.800 4.986 7.731 2.804 -0.144 -2.417 -3.298 -4.406 -4.307 -5.289 -5.425 -5.887 -6.417 -7.049 -7.439 -8.065 -8.403 -8.470
12.900 5.004 7.749 2.821 -0.126 -2.400 -3.281 -4.388 -4.289 -5.271 -5.407 -5.869 -6.399 -7.031 -7.422 -8.047 -8.385 -8.452
13.000 5.022 7.767 2.839 -0.108 -2.382 -3.263 -4.371 -4.271 -5.253 -5.389 -5.852 -6.381 -7.013 -7.404 -8.029 -8.367 -8.434
13.100 5.039 7.785 2.857 -0.090 -2.364 -3.245 -4.353 -4.254 -5.235 -5.371 -5.834 -6.363 -6.996 -7.386 -8.012 -8.349 -8.416
13.200 5.057 7.802 2.874 -0.073 -2.347 -3.228 -4.335 -4.236 -5.218 -5.354 -5.816 -6.346 -6.978 -7.369 -7.994 -8.332 -8.399
13.300 5.074 7.820 2.892 -0.056 -2.329 -3.210 -4.318 -4.219 -5.200 -5.337 -5.799 -6.328 -6.961 -7.351 -7.977 -8.314 -8.381
13.400 5.091 7.837 2.909 -0.038 -2.312 -3.193 -4.301 -4.202 -5.183 -5.319 -5.782 -6.311 -6.944 -7.334 -7.959 -8.297 -8.364
13.500 5.109 7.854 2.926 -0.021 -2.295 -3.176 -4.284 -4.184 -5.166 -5.302 -5.765 -6.294 -6.927 -7.317 -7.942 -8.280 -8.347
13.600 5.126 7.871 2.943 -0.004 -2.278 -3.159 -4.267 -4.167 -5.149 -5.285 -5.748 -6.277 -6.910 -7.300 -7.925 -8.263 -8.330
13.700 5.142 7.888 2.960 0.013 -2.261 -3.142 -4.250 -4.151 -5.132 -5.268 -5.731 -6.260 -6.893 -7.283 -7.909 -8.246 -8.313
13.800 5.159 7.905 2.977 0.029 -2.244 -3.125 -4.233 -4.134 -5.116 -5.252 -5.714 -6.244 -6.876 -7.266 -7.892 -8.229 -8.296
13.900 5.176 7.921 2.993 0.046 -2.228 -3.109 -4.217 -4.117 -5.099 -5.235 -5.698 -6.227 -6.859 -7.250 -7.875 -8.213 -8.280
14.000 5.192 7.938 3.010 0.062 -2.211 -3.092 -4.200 -4.101 -5.082 -5.219 -5.681 -6.211 -6.843 -7.233 -7.859 -8.196 -8.263
14.100 5.208 7.954 3.026 0.079 -2.195 -3.076 -4.184 -4.085 -5.066 -5.202 -5.665 -6.194 -6.827 -7.217 -7.842 -8.180 -8.247
14.200 5.225 7.970 3.042 0.095 -2.179 -3.060 -4.168 -4.068 -5.050 -5.186 -5.649 -6.178 -6.810 -7.201 -7.826 -8.164 -8.231
14.300 5.241 7.986 3.058 0.111 -2.163 -3.044 -4.151 -4.052 -5.034 -5.170 -5.632 -6.162 -6.794 -7.185 -7.810 -8.148 -8.215
14.400 5.257 8.002 3.074 0.127 -2.147 -3.028 -4.136 -4.036 -5.018 -5.154 -5.617 -6.146 -6.778 -7.169 -7.794 -8.132 -8.199
14.500 5.273 8.018 3.090 0.143 -2.131 -3.012 -4.120 -4.020 -5.002 -5.138 -5.601 -6.130 -6.762 -7.153 -7.778 -8.116 -8.183
14.600 5.288 8.034 3.106 0.159 -2.115 -2.996 -4.104 -4.005 -4.986 -5.122 -5.585 -6.114 -6.747 -7.137 -7.763 -8.100 -8.167
14.700 5.304 8.050 3.122 0.174 -2.099 -2.980 -4.088 -3.989 -4.971 -5.107 -5.569 -6.099 -6.731 -7.121 -7.747 -8.085 -8.152
14.800 5.319 8.065 3.137 0.190 -2.084 -2.965 -4.073 -3.974 -4.955 -5.091 -5.554 -6.083 -6.716 -7.106 -7.731 -8.069 -8.136
14.900 5.335 8.080 3.152 0.205 -2.069 -2.950 -4.057 -3.958 -4.940 -5.076 -5.538 -6.068 -6.700 -7.091 -7.716 -8.054 -8.121
15.000 5.350 8.096 3.168 0.220 -2.053 -2.934 -4.042 -3.943 -4.924 -5.061 -5.523 -6.053 -6.685 -7.075 -7.701 -8.038 -8.105
