# day W2 M2 W1 u B g V c r w o i z y J H K
0.000 -11.150 -10.944 -10.739 -9.878 -9.509 -9.331 -9.018 -9.143 -8.760 -8.946 -8.619 -8.337 -8.021 -7.778 -7.285 -6.649 -6.061
0.100 -15.605 -15.595 -15.513 -15.165 -14.952 -14.841 -14.642 -14.717 -14.466 -14.573 -14.366 -14.163 -13.923 -13.732 -13.333 -12.788 -12.266
0.200 -15.142 -15.311 -15.373 -15.453 -15.367 -15.307 -15.189 -15.230 -15.069 -15.127 -14.997 -14.844 -14.653 -14.493 -14.153 -13.662 -13.180
0.300 -14.328 -14.653 -14.882 -15.363 -15.404 -15.395 -15.356 -15.367 -15.290 -15.307 -15.246 -15.139 -14.992 -14.862 -14.574 -14.132 -13.683
0.400 -13.377 -13.823 -14.234 -15.086 -15.257 -15.301 -15.340 -15.324 -15.330 -15.312 -15.316 -15.255 -15.153 -15.052 -14.817 -14.422 -14.007
0.500 -12.329 -12.860 -13.467 -14.667 -14.975 -15.076 -15.197 -15.154 -15.246 -15.198 -15.264 -15.252 -15.197 -15.128 -14.948 -14.603 -14.222
0.600 -11.207 -11.779 -12.599 -14.130 -14.583 -14.745 -14.951 -14.884 -15.065 -14.992 -15.119 -15.157 -15.155 -15.120 -15.001 -14.710 -14.366
0.700 -10.017 -10.578 -11.629 -13.473 -14.083 -14.310 -14.607 -14.519 -14.791 -14.702 -14.888 -14.980 -15.036 -15.040 -14.988 -14.757 -14.454
0.800 -8.826 -9.322 -10.594 -12.711 -13.484 -13.781 -14.174 -14.067 -14.434 -14.338 -14.579 -14.729 -14.850 -14.896 -14.921 -14.756 -14.498
0.900 -7.752 -8.167 -9.577 -11.876 -12.807 -13.175 -13.663 -13.543 -14.004 -13.912 -14.202 -14.412 -14.603 -14.697 -14.805 -14.714 -14.505
1.000 -6.892 -7.285 -8.692 -11.037 -12.093 -12.524 -13.099 -12.972 -13.520 -13.445 -13.775 -14.042 -14.307 -14.451 -14.651 -14.640 -14.485
1.100 -6.226 -6.653 -7.998 -10.280 -11.395 -11.869 -12.514 -12.388 -13.008 -12.959 -13.320 -13.641 -13.980 -14.176 -14.469 -14.537 -14.434
1.200 -5.669 -6.123 -7.454 -9.673 -10.774 -11.267 -11.954 -11.833 -12.506 -12.490 -12.871 -13.238 -13.646 -13.891 -14.271 -14.412 -14.354
1.300 -5.150 -5.603 -6.982 -9.203 -10.258 -10.744 -11.442 -11.329 -12.028 -12.045 -12.435 -12.836 -13.305 -13.595 -14.060 -14.272 -14.261
1.400 -4.636 -5.056 -6.531 -8.816 -9.844 -10.315 -11.003 -10.895 -11.599 -11.639 -12.032 -12.454 -12.969 -13.298 -13.838 -14.120 -14.157
1.500 -4.125 -4.474 -6.088 -8.483 -9.566 -10.051 -10.751 -10.642 -11.354 -11.397 -11.793 -12.220 -12.745 -13.082 -13.642 -13.944 -13.995
1.600 -3.604 -3.851 -5.631 -8.143 -9.313 -9.829 -10.561 -10.449 -11.180 -11.222 -11.624 -12.054 -12.579 -12.914 -13.470 -13.768 -13.817
1.700 -3.075 -3.190 -5.156 -7.778 -9.045 -9.595 -10.362 -10.247 -11.001 -11.045 -11.453 -11.889 -12.416 -12.751 -13.304 -13.600 -13.647
1.800 -2.541 -2.492 -4.667 -7.390 -8.761 -9.349 -10.154 -10.037 -10.817 -10.865 -11.280 -11.723 -12.256 -12.592 -13.145 -13.439 -13.484
1.900 -2.011 -1.758 -4.172 -6.984 -8.466 -9.093 -9.938 -9.821 -10.628 -10.682 -11.104 -11.557 -12.096 -12.435 -12.989 -13.283 -13.327
2.000 -1.498 -0.999 -3.682 -6.568 -8.165 -8.832 -9.719 -9.602 -10.436 -10.497 -10.927 -11.390 -11.938 -12.281 -12.839 -13.133 -13.177
2.100 -1.007 -0.219 -3.206 -6.147 -7.863 -8.570 -9.497 -9.381 -10.242 -10.313 -10.749 -11.222 -11.781 -12.129 -12.691 -12.987 -13.031
2.200 -0.550 0.570 -2.754 -5.731 -7.565 -8.310 -9.276 -9.162 -10.048 -10.129 -10.572 -11.055 -11.625 -11.978 -12.548 -12.846 -12.892
2.300 -0.133 1.349 -2.337 -5.331 -7.278 -8.057 -9.058 -8.947 -9.856 -9.948 -10.396 -10.889 -11.471 -11.830 -12.408 -12.711 -12.758
2.400 0.236 2.084 -1.964 -4.960 -7.006 -7.816 -8.849 -8.740 -9.670 -9.772 -10.224 -10.727 -11.320 -11.686 -12.272 -12.580 -12.630
2.500 0.557 2.743 -1.637 -4.624 -6.754 -7.590 -8.648 -8.542 -9.490 -9.602 -10.058 -10.568 -11.173 -11.545 -12.141 -12.455 -12.508
2.600 0.834 3.289 -1.355 -4.328 -6.524 -7.380 -8.459 -8.356 -9.317 -9.438 -9.897 -10.415 -11.029 -11.408 -12.013 -12.335 -12.391
2.700 1.069 3.707 -1.116 -4.075 -6.317 -7.187 -8.283 -8.181 -9.154 -9.283 -9.744 -10.268 -10.891 -11.276 -11.891 -12.220 -12.281
2.800 1.270 4.009 -0.912 -3.861 -6.132 -7.012 -8.119 -8.019 -9.000 -9.136 -9.598 -10.127 -10.759 -11.149 -11.773 -12.110 -12.176
2.900 1.386 4.131 -0.797 -3.744 -6.018 -6.899 -8.007 -7.907 -8.889 -9.025 -9.488 -10.017 -10.650 -11.040 -11.665 -12.003 -12.070
3.000 1.487 4.232 -0.696 -3.643 -5.917 -6.798 -7.905 -7.806 -8.788 -8.924 -9.386 -9.916 -10.548 -10.939 -11.564 -11.902 -11.969
3.100 1.582 4.328 -0.600 -3.547 -5.821 -6.702 -7.810 -7.711 -8.692 -8.828 -9.291 -9.820 -10.453 -10.843 -11.468 -11.806 -11.873
3.200 1.673 4.419 -0.509 -3.457 -5.730 -6.611 -7.719 -7.620 -8.602 -8.738 -9.200 -9.730 -10.362 -10.752 -11.378 -11.716 -11.783
3.300 1.759 4.504 -0.424 -3.371 -5.645 -6.526 -7.634 -7.534 -8.516 -8.652 -9.115 -9.644 -10.276 -10.667 -11.292 -11.630 -11.697
3.400 1.840 4.586 -0.342 -3.290 -5.563 -6.444 -7.552 -7.453 -8.435 -8.571 -9.033 -9.563 -10.195 -10.585 -11.211 -11.549 -11.616
3.500 1.917 4.662 -0.266 -3.213 -5.487 -6.368 -7.475 -7.376 -8.358 -8.494 -8.956 -9.486 -10.118 -10.509 -11.134 -11.472 -11.539
3.600 1.990 4.736 -0.192 -3.140 -5.413 -6.294 -7.402 -7.303 -8.284 -8.421 -8.883 -9.412 -10.045 -10.435 -11.061 -11.398 -11.465
3.700 2.060 4.806 -0.122 -3.069 -5.343 -6.224 -7.332 -7.233 -8.214 -8.350 -8.813 -9.342 -9.975 -10.365 -10.991 -11.328 -11.395
3.800 2.127 4.873 -0.055 -3.002 -5.276 -6.157 -7.265 -7.165 -8.147 -8.283 -8.746 -9.275 -9.908 -10.298 -10.923 -11.261 -11.328
3.900 2.192 4.938 0.010 -2.938 -5.211 -6.092 -7.200 -7.101 -8.083 -8.219 -8.681 -9.211 -9.843 -10.233 -10.859 -11.197 -11.264
4.000 2.254 5.000 0.072 -2.876 -5.149 -6.030 -7.138 -7.039 -8.020 -8.157 -8.619 -9.148 -9.781 -10.171 -10.797 -11.134 -11.201
4.100 2.314 5.060 0.132 -2.816 -5.089 -5.970 -7.078 -6.979 -7.961 -8.097 -8.559 -9.089 -9.721 -10.111 -10.737 -11.074 -11.142
4.200 2.372 5.118 0.190 -2.758 -5.031 -5.912 -7.020 -6.921 -7.903 -8.039 -8.501 -9.031 -9.663 -10.053 -10.679 -11.017 -11.084
4.300 2.428 5.174 0.246 -2.702 -4.975 -5.856 -6.964 -6.865 -7.846 -7.983 -8.445 -8.975 -9.607 -9.997 -10.623 -10.960 -11.027
4.400 2.483 5.228 0.300 -2.647 -4.921 -5.802 -6.910 -6.810 -7.792 -7.928 -8.391 -8.920 -9.552 -9.943 -10.568 -10.906 -10.973
4.500 2.536 5.281 0.353 -2.594 -4.868 -5.749 -6.857 -6.757 -7.739 -7.875 -8.338 -8.867 -9.499 -9.890 -10.515 -10.853 -10.920
4.600 2.587 5.333 0.405 -2.542 -4.816 -5.697 -6.805 -6.706 -7.687 -7.823 -8.286 -8.815 -9.448 -9.838 -10.464 -10.801 -10.868
4.700 2.638 5.383 0.455 -2.492 -4.765 -5.646 -6.754 -6.655 -7.637 -7.773 -8.235 -8.765 -9.397 -9.787 -10.413 -10.751 -10.818
4.800 2.687 5.432 0.505 -2.443 -4.716 -5.597 -6.705 -6.606 -7.588 -7.724 -8.186 -8.716 -9.348 -9.738 -10.364 -10.702 -10.769
4.900 2.735 5.480 0.553 -2.395 -4.668 -5.549 -6.657 -6.558 -7.540 -7.676 -8.138 -8.668 -9.300 -9.690 -10.316 -10.654 -10.721
5.000 2.782 5.527 0.599 -2.348 -4.622 -5.503 -6.610 -6.511 -7.493 -7.629 -8.091 -8.621 -9.253 -9.644 -10.269 -10.607 -10.674
5.100 2.828 5.573 0.645 -2.302 -4.576 -5.457 -6.564 -6.465 -7.447 -7.583 -8.045 -8.575 -9.207 -9.598 -10.223 -10.561 -10.628
5.200 2.873 5.618 0.690 -2.257 -4.531 -5.412 -6.519 -6.420 -7.402 -7.538 -8.000 -8.530 -9.162 -9.553 -10.178 -10.516 -10.583
5.300 2.917 5.662 0.734 -2.213 -4.487 -5.368 -6.475 -6.376 -7.358 -7.494 -7.956 -8.486 -9.118 -9.509 -10.134 -10.472 -10.539
5.400 2.960 5.706 0.778 -2.170 -4.443 -5.324 -6.432 -6.333 -7.315 -7.451 -7.913 -8.443 -9.075 -9.465 -10.091 -10.429 -10.496
5.500 3.002 5.748 0.820 -2.127 -4.401 -5.282 -6.390 -6.291 -7.272 -7.408 -7.871 -8.400 -9.033 -9.423 -10.049 -10.386 -10.453
5.600 3.044 5.789 0.862 -2.086 -4.359 -5.240 -6.348 -6.249 -7.231 -7.367 -7.829 -8.359 -8.991 -9.381 -10.007 -10.345 -10.412
5.700 3.085 5.830 0.902 -2.045 -4.319 -5.200 -6.308 -6.208 -7.190 -7.326 -7.789 -8.318 -8.950 -9.341 -9.966 -10.304 -10.371
5.800 3.125 5.870 0.942 -2.005 -4.279 -5.160 -6.268 -6.168 -7.150 -7.286 -7.748 -8.278 -8.910 -9.301 -9.926 -10.264 -10.331
5.900 3.164 5.910 0.982 -1.966 -4.239 -5.120 -6.228 -6.129 -7.111 -7.247 -7.709 -8.239 -8.871 -9.261 -9.887 -10.224 -10.291
6.000 3.203 5.948 1.020 -1.927 -4.201 -5.082 -6.189 -6.090 -7.072 -7.208 -7.670 -8.200 -8.832 -9.223 -9.848 -10.186 -10.253
6.100 3.241 5.986 1.058 -1.889 -4.163 -5.044 -6.151 -6.052 -7.034 -7.170 -7.632 -8.162 -8.794 -9.185 -9.810 -10.148 -10.215
6.200 3.278 6.024 1.096 -1.852 -4.125 -5.006 -6.114 -6.015 -6.996 -7.133 -7.595 -8.125 -8.757 -9.147 -9.773 -10.110 -10.177
6.300 3.315 6.061 1.133 -1.815 -4.088 -4.969 -6.077 -5.978 -6.960 -7.096 -7.558 -8.088 -8.720 -9.110 -9.736 -10.074 -10.141
6.400 3.351 6.097 1.169 -1.779 -4.052 -4.933 -6.041 -5.942 -6.923 -7.060 -7.522 -8.052 -8.684 -9.074 -9.700 -10.037 -10.104
6.500 3.387 6.132 1.204 -1.743 -4.017 -4.898 -6.005 -5.906 -6.888 -7.024 -7.486 -8.016 -8.648 -9.039 -9.664 -10.002 -10.069
6.600 3.422 6.167 1.239 -1.708 -3.982 -4.863 -5.970 -5.871 -6.853 -6.989 -7.451 -7.981 -8.613 -9.004 -9.629 -9.967 -10.034
6.700 3.456 6.202 1.274 -1.673 -3.947 -4.828 -5.936 -5.837 -6.818 -6.954 -7.417 -7.946 -8.579 -8.969 -9.595 -9.932 -9.999
6.800 3.490 6.236 1.308 -1.639 -3.913 -4.794 -5.902 -5.803 -6.784 -6.920 -7.383 -7.912 -8.545 -8.935 -9.561 -9.898 -9.965
6.900 3.524 6.269 1.342 -1.606 -3.879 -4.760 -5.868 -5.769 -6.751 -6.887 -7.349 -7.879 -8.511 -8.901 -9.527 -9.865 -9.932
7.000 3.557 6.303 1.375 -1.573 -3.846 -4.727 -5.835 -5.736 -6.718 -6.854 -7.316 -7.846 -8.478 -8.868 -9.494 -9.832 -9.899
7.100 3.590 6.335 1.407 -1.540 -3.814 -4.695 -5.803 -5.703 -6.685 -6.821 -7.284 -7.813 -8.446 -8.836 -9.461 -9.799 -9.866
7.200 3.622 6.367 1.439 -1.508 -3.782 -4.663 -5.771 -5.671 -6.653 -6.789 -7.252 -7.781 -8.413 -8.804 -9.429 -9.767 -9.834
7.300 3.653 6.399 1.471 -1.477 -3.750 -4.631 -5.739 -5.640 -6.621 -6.758 -7.220 -7.749 -8.382 -8.772 -9.398 -9.735 -9.802
7.400 3.684 6.430 1.502 -1.445 -3.719 -4.600 -5.708 -5.609 -6.590 -6.726 -7.189 -7.718 -8.351 -8.741 -9.366 -9.704 -9.771
7.500 3.715 6.461 1.533 -1.415 -3.688 -4.569 -5.677 -5.578 -6.559 -6.696 -7.158 -7.687 -8.320 -8.710 -9.336 -9.673 -9.740
7.600 3.746 6.491 1.563 -1.384 -3.658 -4.539 -5.647 -5.547 -6.529 -6.665 -7.128 -7.657 -8.289 -8.680 -9.305 -9.643 -9.710
7.700 3.776 6.521 1.593 -1.354 -3.628 -4.509 -5.617 -5.517 -6.499 -6.635 -7.098 -7.627 -8.259 -8.650 -9.275 -9.613 -9.680
7.800 3.805 6.551 1.623 -1.325 -3.598 -4.479 -5.587 -5.488 -6.469 -6.606 -7.068 -7.598 -8.230 -8.620 -9.246 -9.583 -9.650
7.900 3.834 6.580 1.652 -1.295 -3.569 -4.450 -5.558 -5.459 -6.440 -6.576 -7.039 -7.568 -8.201 -8.591 -9.217 -9.554 -9.621
8.000 3.863 6.609 1.681 -1.267 -3.540 -4.421 -5.529 -5.430 -6.411 -6.548 -7.010 -7.539 -8.172 -8.562 -9.188 -9.525 -9.592
8.100 3.892 6.637 1.709 -1.238 -3.512 -4.393 -5.501 -5.401 -6.383 -6.519 -6.982 -7.511 -8.143 -8.534 -9.159 -9.497 -9.564
8.200 3.920 6.665 1.737 -1.210 -3.484 -4.365 -5.472 -5.373 -6.355 -6.491 -6.953 -7.483 -8.115 -8.506 -9.131 -9.469 -9.536
8.300 3.948 6.693 1.765 -1.182 -3.456 -4.337 -5.445 -5.345 -6.327 -6.463 -6.926 -7.455 -8.088 -8.478 -9.103 -9.441 -9.508
8.400 3.975 6.721 1.793 -1.155 -3.428 -4.309 -5.417 -5.318 -6.300 -6.436 -6.898 -7.428 -8.060 -8.450 -9.076 -9.414 -9.481
8.500 4.002 6.748 1.820 -1.128 -3.401 -4.282 -5.390 -5.291 -6.273 -6.409 -6.871 -7.401 -8.033 -8.423 -9.049 -9.386 -9.453
8.600 4.029 6.774 1.846 -1.101 -3.375 -4.256 -5.363 -5.264 -6.246 -6.382 -6.844 -7.374 -8.006 -8.397 -9.022 -9.360 -9.427
8.700 4.055 6.801 1.873 -1.074 -3.348 -4.229 -5.337 -5.238 -6.219 -6.356 -6.818 -7.347 -7.980 -8.370 -8.996 -9.333 -9.400
8.800 4.081 6.827 1.899 -1.048 -3.322 -4.203 -5.311 -5.212 -6.193 -6.329 -6.792 -7.321 -7.954 -8.344 -8.969 -9.307 -9.374
8.900 4.107 6.853 1.925 -1.022 -3.296 -4.177 -5.285 -5.186 -6.167 -6.304 -6.766 -7.295 -7.928 -8.318 -8.944 -9.281 -9.348
9.000 4.133 6.878 1.950 -0.997 -3.271 -4.152 -5.259 -5.160 -6.142 -6.278 -6.740 -7.270 -7.902 -8.293 -8.918 -9.256 -9.323
9.100 4.158 6.904 1.976 -0.972 -3.245 -4.126 -5.234 -5.135 -6.116 -6.253 -6.715 -7.245 -7.877 -8.267 -8.893 -9.230 -9.297
9.200 4.183 6.929 2.001 -0.947 -3.220 -4.101 -5.209 -5.110 -6.092 -6.228 -6.690 -7.220 -7.852 -8.242 -8.868 -9.205 -9.272
9.300 4.208 6.953 2.025 -0.922 -3.196 -4.077 -5.184 -5.085 -6.067 -6.203 -6.665 -7.195 -7.827 -8.218 -8.843 -9.181 -9.248
9.400 4.232 6.978 2.050 -0.897 -3.171 -4.052 -5.160 -5.061 -6.042 -6.179 -6.641 -7.170 -7.803 -8.193 -8.819 -9.156 -9.223
9.500 4.256 7.002 2.074 -0.873 -3.147 -4.028 -5.136 -5.037 -6.018 -6.154 -6.617 -7.146 -7.779 -8.169 -8.794 -9.132 -9.199
9.600 4.280 7.026 2.098 -0.849 -3.123 -4.004 -5.112 -5.013 -5.994 -6.130 -6.593 -7.122 -7.755 -8.145 -8.771 -9.108 -9.175
9.700 4.304 7.050 2.122 -0.826 -3.099 -3.980 -5.088 -4.989 -5.971 -6.107 -6.569 -7.099 -7.731 -8.121 -8.747 -9.084 -9.152
9.800 4.327 7.073 2.145 -0.802 -3.076 -3.957 -5.065 -4.966 -5.947 -6.083 -6.546 -7.075 -7.708 -8.098 -8.724 -9.061 -9.128
9.900 4.351 7.096 2.168 -0.779 -3.053 -3.934 -5.042 -4.942 -5.924 -6.060 -6.523 -7.052 -7.684 -8.075 -8.700 -9.038 -9.105
10.000 4.374 7.119 2.191 -0.756 -3.030 -3.911 -5.019 -4.919 -5.901 -6.037 -6.500 -7.029 -7.662 -8.052 -8.677 -9.015 -9.082
10.100 4.396 7.142 2.214 -0.734 -3.007 -3.888 -4.996 -4.897 -5.878 -6.015 -6.477 -7.006 -7.639 -8.029 -8.655 -8.992 -9.059
10.200 4.419 7.164 2.236 -0.711 -2.985 -3.866 -4.974 -4.874 -5.856 -5.992 -6.455 -6.984 -7.616 -8.007 -8.632 -8.970 -9.037
10.300 4.441 7.187 2.259 -0.689 -2.962 -3.843 -4.951 -4.852 -5.834 -5.970 -6.432 -6.962 -7.594 -7.984 -8.610 -8.948 -9.015
10.400 4.463 7.209 2.281 -0.667 -2.940 -3.821 -4.929 -4.830 -5.812 -5.948 -6.410 -6.940 -7.572 -7.962 -8.588 -8.926 -8.993
10.500 4.485 7.230 2.302 -0.645 -2.919 -3.800 -4.907 -4.808 -5.790 -5.926 -6.388 -6.918 -7.550 -7.941 -8.566 -8.904 -8.971
10.600 4.506 7.252 2.324 -0.623 -2.897 -3.778 -4.886 -4.787 -5.768 -5.904 -6.367 -6.896 -7.529 -7.919 -8.545 -8.882 -8.949
10.700 4.528 7.273 2.345 -0.602 -2.876 -3.757 -4.864 -4.765 -5.747 -5.883 -6.345 -6.875 -7.507 -7.898 -8.523 -8.861 -8.928
10.800 4.549 7.295 2.367 -0.581 -2.854 -3.735 -4.843 -4.744 -5.726 -5.862 -6.324 -6.854 -7.486 -7.876 -8.502 -8.840 -8.907
10.900 4.570 7.315 2.388 -0.560 -2.833 -3.714 -4.822 -4.723 -5.705 -5.841 -6.303 -6.833 -7.465 -7.855 -8.481 -8.819 -8.886
11.000 4.591 7.336 2.408 -0.539 -2.813 -3.694 -4.802 -4.702 -5.684 -5.820 -6.283 -6.812 -7.444 -7.835 -8.460 -8.798 -8.865
11.100 4.611 7.357 2.429 -0.518 -2.792 -3.673 -4.781 -4.682 -5.663 -5.800 -6.262 -6.791 -7.424 -7.814 -8.440 -8.777 -8.844
11.200 4.632 7.377 2.449 -0.498 -2.772 -3.653 -4.761 -4.661 -5.643 -5.779 -6.242 -6.771 -7.403 -7.794 -8.419 -8.757 -8.824
11.300 4.652 7.397 2.470 -0.478 -2.751 -3.632 -4.740 -4.641 -5.623 -5.759 -6.221 -6.751 -7.383 -7.773 -8.399 -8.737 -8.804
11.400 4.672 7.417 2.490 -0.458 -2.731 -3.612 -4.720 -4.621 -5.603 -5.739 -6.201 -6.731 -7.363 -7.753 -8.379 -8.717 -8.784
11.500 4.692 7.437 2.509 -0.438 -2.712 -3.593 -4.700 -4.601 -5.583 -5.719 -6.181 -6.711 -7.343 -7.734 -8.359 -8.697 -8.764
11.600 4.711 7.457 2.529 -0.418 -2.692 -3.573 -4.681 -4.582 -5.563 -5.699 -6.162 -6.691 -7.324 -7.714 -8.339 -8.677 -8.744
11.700 4.731 7.477 2.549 -0.399 -2.672 -3.553 -4.661 -4.562 -5.544 -5.680 -6.142 -6.672 -7.304 -7.694 -8.320 -8.658 -8.725
11.800 4.750 7.496 2.568 -0.379 -2.653 -3.534 -4.642 -4.543 -5.524 -5.661 -6.123 -6.652 -7.285 -7.675 -8.301 -8.638 -8.705
11.900 4.769 7.515 2.587 -0.360 -2.634 -3.515 -4.623 -4.524 -5.505 -5.641 -6.104 -6.633 -7.266 -7.656 -8.282 -8.619 -8.686
12.000 4.788 7.534 2.606 -0.341 -2.615 -3.496 -4.604 -4.505 -5.486 -5.622 -6.085 -6.614 -7.247 -7.637 -8.263 -8.600 -8.667
12.100 4.807 7.553 2.625 -0.323 -2.596 -3.477 -4.585 -4.486 -5.467 -5.604 -6.066 -6.595 -7.228 -7.618 -8.244 -8.581 -8.648
12.200 4.826 7.571 2.644 -0.304 -2.577 -3.458 -4.566 -4.467 -5.449 -5.585 -6.047 -6.577 -7.209 -7.599 -8.225 -8.563 -8.630
12.300 4.844 7.590 2.662 -0.285 -2.559 -3.440 -4.548 -4.449 -5.430 -5.566 -6.029 -6.558 -7.191 -7.581 -8.207 -8.544 -8.611
12.400 4.863 7.608 2.680 -0.267 -2.541 -3.422 -4.529 -4.430 -5.412 -5.548 -6.010 -6.540 -7.172 -7.563 -8.188 -8.526 -8.593
12.500 4.881 7.627 2.699 -0.249 -2.522 -3.403 -4.511 -4.412 -5.394 -5.530 -5.992 -6.522 -7.154 -7.544 -8.170 -8.508 -8.575
12.600 4.899 7.645 2.717 -0.231 -2.504 -3.385 -4.493 -4.394 -5.376 -5.512 -5.974 -6.504 -7.136 -7.526 -8.152 -8.489 -8.557
12.700 4.917 7.662 2.735 -0.213 -2.486 -3.367 -4.475 -4.376 -5.358 -5.494 -5.956 -6.486 -7.118 -7.508 -8.134 -8.472 -8.539
12.800 4.935 7.680 2.752 -0.195 -2.469 -3.350 -4.458 -4.358 -5.340 -5.476 -5.939 -6.468 -7.100 -7.491 -8.116 -8.454 -8.521
12.900 4.952 7.698 2.770 -0.177 -2.451 -3.332 -4.440 -4.341 -5.322 -5.459 -5.921 -6.450 -7.083 -7.473 -8.099 -8.436 -8.503
13.000 4.970 7.715 2.787 -0.160 -2.434 -3.315 -4.422 -4.323 -5.305 -5.441 -5.903 -6.433 -7.065 -7.456 -8.081 -8.419 -8.486
13.100 4.987 7.733 2.805 -0.143 -2.416 -3.297 -4.405 -4.306 -5.288 -5.424 -5.886 -6.416 -7.048 -7.438 -8.064 -8.401 -8.468
13.200 5.004 7.750 2.822 -0.125 -2.399 -3.280 -4.388 -4.289 -5.270 -5.407 -5.869 -6.398 -7.031 -7.421 -8.047 -8.384 -8.451
13.300 5.021 7.767 2.839 -0.108 -2.382 -3.263 -4.371 -4.272 -5.253 -5.389 -5.852 -6.381 -7.014 -7.404 -8.030 -8.367 -8.434
13.400 5.038 7.784 2.856 -0.091 -2.365 -3.246 -4.354 -4.255 -5.236 -5.373 -5.835 -6.364 -6.997 -7.387 -8.013 -8.350 -8.417
13.500 5.055 7.801 2.873 -0.075 -2.348 -3.229 -4.337 -4.238 -5.220 -5.356 -5.818 -6.348 -6.980 -7.370 -7.996 -8.333 -8.400
13.600 5.072 7.817 2.889 -0.058 -2.332 -3.213 -4.320 -4.221 -5.203 -5.339 -5.801 -6.331 -6.963 -7.354 -7.979 -8.317 -8.384
13.700 5.088 7.834 2.906 -0.041 -2.315 -3.196 -4.304 -4.205 -5.186 -5.323 -5.785 -6.314 -6.947 -7.337 -7.963 -8.300 -8.367
13.800 5.105 7.850 2.922 -0.025 -2.299 -3.180 -4.288 -4.188 -5.170 -5.306 -5.769 -6.298 -6.930 -7.321 -7.946 -8.284 -8.351
13.900 5.121 7.867 2.939 -0.009 -2.282 -3.163 -4.271 -4.172 -5.154 -5.290 -5.752 -6.282 -6.914 -7.304 -7.930 -8.267 -8.334
14.000 5.137 7.883 2.955 0.007 -2.266 -3.147 -4.255 -4.156 -5.137 -5.274 -5.736 -6.265 -6.898 -7.288 -7.914 -8.251 -8.318
14.100 5.153 7.899 2.971 0.024 -2.250 -3.131 -4.239 -4.140 -5.121 -5.258 -5.720 -6.249 -6.882 -7.272 -7.898 -8.235 -8.302
14.200 5.169 7.915 2.987 0.039 -2.234 -3.115 -4.223 -4.124 -5.105 -5.242 -5.704 -6.233 -6.866 -7.256 -7.882 -8.219 -8.286
14.300 5.185 7.931 3.003 0.055 -2.218 -3.099 -4.207 -4.108 -5.090 -5.226 -5.688 -6.218 -6.850 -7.240 -7.866 -8.203 -8.270
14.400 5.201 7.946 3.018 0.071 -2.203 -3.084 -4.191 -4.092 -5.074 -5.210 -5.672 -6.202 -6.834 -7.225 -7.850 -8.188 -8.255
14.500 5.216 7.962 3.034 0.087 -2.187 -3.068 -4.176 -4.077 -5.058 -5.194 -5.657 -6.186 -6.819 -7.209 -7.835 -8.172 -8.239
14.600 5.232 7.977 3.049 0.102 -2.172 -3.053 -4.160 -4.061 -5.043 -5.179 -5.641 -6.171 -6.803 -7.194 -7.819 -8.157 -8.224
14.700 5.247 7.993 3.065 0.117 -2.156 -3.037 -4.145 -4.046 -5.027 -5.164 -5.626 -6.155 -6.788 -7.178 -7.804 -8.141 -8.208
14.800 5.262 8.008 3.080 0.133 -2.141 -3.022 -4.130 -4.031 -5.012 -5.148 -5.611 -6.140 -6.773 -7.163 -7.788 -8.126 -8.193
14.900 5.278 8.023 3.095 0.148 -2.126 -3.007 -4.115 -4.015 -4.997 -5.133 -5.596 -6.125 -6.757 -7.148 -7.773 -8.111 -8.178
15.000 5.293 8.038 3.110 0.163 -2.111 -2.992 -4.100 -4.000 -4.982 -5.118 -5.581 -6.110 -6.742 -7.133 -7.758 -8.096 -8.163
