# day W2 M2 W1 u B g V c r w o i z y J H K
0.000 -10.899 -10.695 -10.491 -9.634 -9.267 -9.089 -8.777 -8.901 -8.520 -8.705 -8.379 -8.098 -7.783 -7.540 -7.048 -6.412 -5.825
0.100 -15.132 -15.186 -15.146 -14.922 -14.736 -14.633 -14.448 -14.517 -14.280 -14.378 -14.184 -13.987 -13.753 -13.566 -13.175 -12.638 -12.123
0.200 -14.624 -14.863 -14.987 -15.211 -15.158 -15.110 -15.008 -15.043 -14.897 -14.947 -14.830 -14.683 -14.496 -14.340 -14.007 -13.524 -13.048
0.300 -13.977 -14.327 -14.589 -15.143 -15.207 -15.206 -15.178 -15.185 -15.119 -15.131 -15.079 -14.976 -14.832 -14.705 -14.423 -13.988 -13.547
0.400 -13.222 -13.654 -14.050 -14.888 -15.062 -15.109 -15.151 -15.134 -15.144 -15.125 -15.132 -15.073 -14.973 -14.875 -14.646 -14.260 -13.855
0.500 -12.265 -12.771 -13.326 -14.459 -14.754 -14.852 -14.971 -14.929 -15.021 -14.974 -15.040 -15.029 -14.979 -14.913 -14.743 -14.412 -14.046
0.600 -11.130 -11.684 -12.430 -13.873 -14.305 -14.461 -14.664 -14.599 -14.778 -14.708 -14.835 -14.877 -14.882 -14.854 -14.752 -14.483 -14.159
0.700 -9.858 -10.414 -11.369 -13.120 -13.709 -13.932 -14.229 -14.142 -14.418 -14.332 -14.521 -14.621 -14.692 -14.707 -14.685 -14.488 -14.214
0.800 -8.606 -9.117 -10.237 -12.235 -12.988 -13.283 -13.681 -13.575 -13.953 -13.863 -14.110 -14.275 -14.420 -14.487 -14.556 -14.441 -14.224
0.900 -7.527 -8.004 -9.182 -11.297 -12.190 -12.554 -13.049 -12.931 -13.408 -13.327 -13.625 -13.856 -14.083 -14.206 -14.379 -14.355 -14.198
1.000 -6.627 -7.111 -8.300 -10.424 -11.400 -11.817 -12.392 -12.271 -12.833 -12.776 -13.113 -13.406 -13.717 -13.899 -14.176 -14.240 -14.139
1.100 -5.800 -6.286 -7.538 -9.679 -10.684 -11.131 -11.762 -11.643 -12.269 -12.244 -12.608 -12.954 -13.343 -13.581 -13.959 -14.110 -14.065
1.200 -4.983 -5.434 -6.818 -9.048 -10.087 -10.558 -11.232 -11.118 -11.793 -11.799 -12.182 -12.569 -13.022 -13.304 -13.760 -13.971 -13.963
1.300 -4.152 -4.520 -6.089 -8.455 -9.562 -10.063 -10.780 -10.668 -11.387 -11.420 -11.818 -12.238 -12.742 -13.059 -13.577 -13.840 -13.863
1.400 -3.314 -3.545 -5.344 -7.866 -9.080 -9.622 -10.389 -10.278 -11.041 -11.096 -11.507 -11.953 -12.496 -12.842 -13.410 -13.717 -13.769
1.500 -2.516 -2.517 -4.624 -7.310 -8.702 -9.311 -10.150 -10.038 -10.848 -10.915 -11.339 -11.800 -12.358 -12.709 -13.283 -13.591 -13.644
1.600 -1.776 -1.451 -3.937 -6.756 -8.340 -9.016 -9.924 -9.811 -10.667 -10.746 -11.181 -11.659 -12.231 -12.589 -13.170 -13.481 -13.535
1.700 -1.135 -0.379 -3.324 -6.237 -8.010 -8.747 -9.715 -9.605 -10.498 -10.590 -11.034 -11.526 -12.112 -12.476 -13.066 -13.380 -13.435
1.800 -0.617 0.662 -2.815 -5.778 -7.723 -8.510 -9.527 -9.419 -10.342 -10.447 -10.897 -11.401 -11.999 -12.370 -12.967 -13.285 -13.342
1.900 -0.230 1.593 -2.425 -5.402 -7.483 -8.309 -9.361 -9.256 -10.201 -10.316 -10.771 -11.284 -11.893 -12.269 -12.873 -13.196 -13.254
2.000 0.050 2.325 -2.141 -5.112 -7.286 -8.137 -9.215 -9.111 -10.073 -10.195 -10.654 -11.173 -11.791 -12.171 -12.782 -13.109 -13.169
2.100 0.253 2.812 -1.933 -4.894 -7.124 -7.991 -9.084 -8.982 -9.954 -10.083 -10.543 -11.067 -11.691 -12.076 -12.692 -13.023 -13.085
2.200 0.408 3.102 -1.776 -4.728 -6.988 -7.864 -8.966 -8.866 -9.844 -9.977 -10.439 -10.966 -11.595 -11.983 -12.604 -12.938 -13.003
2.300 0.534 3.279 -1.648 -4.596 -6.869 -7.750 -8.857 -8.758 -9.740 -9.876 -10.338 -10.868 -11.500 -11.890 -12.516 -12.853 -12.920
2.400 0.622 3.367 -1.561 -4.508 -6.782 -7.663 -8.770 -8.671 -9.653 -9.789 -10.251 -10.781 -11.413 -11.804 -12.429 -12.767 -12.834
2.500 0.709 3.454 -1.474 -4.421 -6.695 -7.576 -8.684 -8.584 -9.566 -9.702 -10.165 -10.694 -11.327 -11.717 -12.342 -12.680 -12.747
2.600 0.796 3.541 -1.387 -4.334 -6.607 -7.488 -8.596 -8.497 -9.479 -9.615 -10.077 -10.607 -11.239 -11.629 -12.255 -12.593 -12.660
2.700 0.884 3.629 -1.299 -4.246 -6.520 -7.401 -8.509 -8.409 -9.391 -9.527 -9.990 -10.519 -11.151 -11.542 -12.167 -12.505 -12.572
2.800 0.972 3.717 -1.211 -4.158 -6.432 -7.313 -8.421 -8.321 -9.303 -9.439 -9.902 -10.431 -11.063 -11.454 -12.079 -12.417 -12.484
2.900 1.061 3.807 -1.121 -4.069 -6.342 -7.223 -8.331 -8.232 -9.213 -9.350 -9.812 -10.341 -10.974 -11.364 -11.990 -12.327 -12.394
3.000 1.151 3.897 -1.031 -3.979 -6.252 -7.133 -8.241 -8.142 -9.124 -9.260 -9.722 -10.252 -10.884 -11.274 -11.900 -12.237 -12.304
3.100 1.241 3.986 -0.941 -3.889 -6.162 -7.043 -8.151 -8.052 -9.034 -9.170 -9.632 -10.162 -10.794 -11.184 -11.810 -12.148 -12.215
3.200 1.331 4.076 -0.852 -3.799 -6.073 -6.954 -8.062 -7.962 -8.944 -9.080 -9.543 -10.072 -10.705 -11.095 -11.720 -12.058 -12.125
3.300 1.420 4.166 -0.762 -3.710 -5.983 -6.864 -7.972 -7.873 -8.854 -8.991 -9.453 -9.983 -10.615 -11.005 -11.631 -11.968 -12.035
3.400 1.509 4.255 -0.673 -3.621 -5.894 -6.775 -7.883 -7.784 -8.766 -8.902 -9.364 -9.894 -10.526 -10.916 -11.542 -11.879 -11.946
3.500 1.597 4.343 -0.585 -3.533 -5.806 -6.687 -7.795 -7.696 -8.677 -8.814 -9.276 -9.805 -10.438 -10.828 -11.454 -11.791 -11.858
3.600 1.684 4.430 -0.498 -3.445 -5.719 -6.600 -7.708 -7.609 -8.590 -8.726 -9.189 -9.718 -10.351 -10.741 -11.367 -11.704 -11.771
3.700 1.770 4.515 -0.413 -3.360 -5.634 -6.515 -7.623 -7.523 -8.505 -8.641 -9.104 -9.633 -10.265 -10.656 -11.281 -11.619 -11.686
3.800 1.853 4.599 -0.329 -3.276 -5.550 -6.431 -7.539 -7.440 -8.421 -8.557 -9.020 -9.549 -10.182 -10.572 -11.198 -11.535 -11.602
3.900 1.935 4.681 -0.247 -3.195 -5.468 -6.349 -7.457 -7.358 -8.339 -8.476 -8.938 -9.468 -10.100 -10.490 -11.116 -11.453 -11.520
4.000 2.015 4.760 -0.168 -3.115 -5.389 -6.270 -7.377 -7.278 -8.260 -8.396 -8.858 -9.388 -10.020 -10.411 -11.036 -11.374 -11.441
4.100 2.092 4.838 -0.090 -3.038 -5.311 -6.192 -7.300 -7.201 -8.183 -8.319 -8.781 -9.311 -9.943 -10.333 -10.959 -11.296 -11.364
4.200 2.167 4.913 -0.015 -2.963 -5.236 -6.117 -7.225 -7.126 -8.108 -8.244 -8.706 -9.236 -9.868 -10.258 -10.884 -11.221 -11.288
4.300 2.240 4.985 0.057 -2.890 -5.164 -6.045 -7.153 -7.053 -8.035 -8.171 -8.634 -9.163 -9.795 -10.186 -10.811 -11.149 -11.216
4.400 2.310 5.055 0.127 -2.820 -5.094 -5.975 -7.083 -6.983 -7.965 -8.101 -8.564 -9.093 -9.725 -10.116 -10.741 -11.079 -11.146
4.500 2.377 5.123 0.195 -2.753 -5.026 -5.907 -7.015 -6.916 -7.897 -8.034 -8.496 -9.026 -9.658 -10.048 -10.674 -11.011 -11.078
4.600 2.442 5.188 0.260 -2.688 -4.961 -5.842 -6.950 -6.851 -7.832 -7.969 -8.431 -8.960 -9.593 -9.983 -10.609 -10.946 -11.013
4.700 2.505 5.251 0.323 -2.625 -4.898 -5.779 -6.887 -6.788 -7.770 -7.906 -8.368 -8.898 -9.530 -9.920 -10.546 -10.883 -10.950
4.800 2.565 5.311 0.383 -2.564 -4.838 -5.719 -6.827 -6.728 -7.709 -7.845 -8.308 -8.837 -9.470 -9.860 -10.486 -10.823 -10.890
4.900 2.624 5.369 0.441 -2.506 -4.780 -5.661 -6.769 -6.669 -7.651 -7.787 -8.250 -8.779 -9.411 -9.802 -10.427 -10.765 -10.832
5.000 2.680 5.426 0.498 -2.450 -4.723 -5.604 -6.712 -6.613 -7.595 -7.731 -8.193 -8.723 -9.355 -9.745 -10.371 -10.709 -10.776
5.100 2.734 5.480 0.552 -2.395 -4.669 -5.550 -6.658 -6.559 -7.540 -7.676 -8.139 -8.668 -9.301 -9.691 -10.317 -10.654 -10.721
5.200 2.787 5.533 0.605 -2.343 -4.616 -5.497 -6.605 -6.506 -7.488 -7.624 -8.086 -8.616 -9.248 -9.638 -10.264 -10.602 -10.669
5.300 2.838 5.583 0.655 -2.292 -4.566 -5.447 -6.554 -6.455 -7.437 -7.573 -8.035 -8.565 -9.197 -9.588 -10.213 -10.551 -10.618
5.400 2.887 5.633 0.705 -2.243 -4.516 -5.397 -6.505 -6.406 -7.387 -7.524 -7.986 -8.516 -9.148 -9.538 -10.164 -10.501 -10.568
5.500 2.935 5.681 0.753 -2.195 -4.468 -5.349 -6.457 -6.358 -7.340 -7.476 -7.938 -8.468 -9.100 -9.490 -10.116 -10.453 -10.520
5.600 2.982 5.727 0.799 -2.148 -4.422 -5.303 -6.411 -6.311 -7.293 -7.429 -7.892 -8.421 -9.053 -9.444 -10.069 -10.407 -10.474
5.700 3.027 5.773 0.845 -2.103 -4.376 -5.257 -6.365 -6.266 -7.248 -7.384 -7.846 -8.376 -9.008 -9.398 -10.024 -10.361 -10.428
5.800 3.071 5.817 0.889 -2.058 -4.332 -5.213 -6.321 -6.222 -7.203 -7.339 -7.802 -8.331 -8.964 -9.354 -9.980 -10.317 -10.384
5.900 3.115 5.860 0.932 -2.015 -4.289 -5.170 -6.278 -6.178 -7.160 -7.296 -7.759 -8.288 -8.920 -9.311 -9.936 -10.274 -10.341
6.000 3.157 5.902 0.974 -1.973 -4.246 -5.127 -6.235 -6.136 -7.118 -7.254 -7.716 -8.246 -8.878 -9.268 -9.894 -10.232 -10.299
6.100 3.198 5.944 1.016 -1.932 -4.205 -5.086 -6.194 -6.095 -7.076 -7.213 -7.675 -8.204 -8.837 -9.227 -9.853 -10.190 -10.257
6.200 3.239 5.984 1.056 -1.891 -4.165 -5.046 -6.153 -6.054 -7.036 -7.172 -7.634 -8.164 -8.796 -9.187 -9.812 -10.150 -10.217
6.300 3.278 6.024 1.096 -1.851 -4.125 -5.006 -6.114 -6.015 -6.996 -7.132 -7.595 -8.124 -8.757 -9.147 -9.772 -10.110 -10.177
6.400 3.317 6.063 1.135 -1.812 -4.086 -4.967 -6.075 -5.976 -6.957 -7.093 -7.556 -8.085 -8.718 -9.108 -9.733 -10.071 -10.138
6.500 3.356 6.101 1.173 -1.774 -4.048 -4.929 -6.037 -5.937 -6.919 -7.055 -7.518 -8.047 -8.679 -9.070 -9.695 -10.033 -10.100
6.600 3.393 6.139 1.211 -1.736 -4.010 -4.891 -5.999 -5.900 -6.881 -7.017 -7.480 -8.009 -8.642 -9.032 -9.658 -9.995 -10.062
6.700 3.430 6.176 1.248 -1.699 -3.973 -4.854 -5.962 -5.863 -6.844 -6.981 -7.443 -7.972 -8.605 -8.995 -9.621 -9.958 -10.025
6.800 3.467 6.212 1.284 -1.663 -3.937 -4.818 -5.926 -5.826 -6.808 -6.944 -7.407 -7.936 -8.568 -8.959 -9.584 -9.922 -9.989
6.900 3.502 6.248 1.320 -1.627 -3.901 -4.782 -5.890 -5.791 -6.772 -6.908 -7.371 -7.900 -8.533 -8.923 -9.548 -9.886 -9.953
7.000 3.538 6.283 1.355 -1.592 -3.866 -4.747 -5.855 -5.755 -6.737 -6.873 -7.336 -7.865 -8.497 -8.888 -9.513 -9.851 -9.918
7.100 3.572 6.318 1.390 -1.557 -3.831 -4.712 -5.820 -5.721 -6.702 -6.838 -7.301 -7.830 -8.463 -8.853 -9.479 -9.816 -9.883
7.200 3.607 6.352 1.424 -1.523 -3.797 -4.678 -5.786 -5.686 -6.668 -6.804 -7.267 -7.796 -8.428 -8.819 -9.444 -9.782 -9.849
7.300 3.640 6.386 1.458 -1.489 -3.763 -4.644 -5.752 -5.653 -6.634 -6.771 -7.233 -7.762 -8.395 -8.785 -9.411 -9.748 -9.815
7.400 3.674 6.419 1.491 -1.456 -3.730 -4.611 -5.719 -5.619 -6.601 -6.737 -7.200 -7.729 -8.362 -8.752 -9.377 -9.715 -9.782
7.500 3.706 6.452 1.524 -1.423 -3.697 -4.578 -5.686 -5.587 -6.568 -6.705 -7.167 -7.696 -8.329 -8.719 -9.345 -9.682 -9.749
7.600 3.739 6.484 1.556 -1.391 -3.665 -4.546 -5.654 -5.554 -6.536 -6.672 -7.135 -7.664 -8.297 -8.687 -9.312 -9.650 -9.717
7.700 3.770 6.516 1.588 -1.359 -3.633 -4.514 -5.622 -5.523 -6.504 -6.640 -7.103 -7.632 -8.265 -8.655 -9.280 -9.618 -9.685
7.800 3.802 6.547 1.619 -1.328 -3.602 -4.483 -5.590 -5.491 -6.473 -6.609 -7.071 -7.601 -8.233 -8.624 -9.249 -9.587 -9.654
7.900 3.833 6.578 1.651 -1.297 -3.570 -4.451 -5.559 -5.460 -6.442 -6.578 -7.040 -7.570 -8.202 -8.592 -9.218 -9.556 -9.623
8.000 3.864 6.609 1.681 -1.266 -3.540 -4.421 -5.529 -5.429 -6.411 -6.547 -7.010 -7.539 -8.172 -8.562 -9.187 -9.525 -9.592
8.100 3.894 6.639 1.711 -1.236 -3.510 -4.391 -5.498 -5.399 -6.381 -6.517 -6.979 -7.509 -8.141 -8.532 -9.157 -9.495 -9.562
8.200 3.924 6.669 1.741 -1.206 -3.480 -4.361 -5.469 -5.369 -6.351 -6.487 -6.950 -7.479 -8.111 -8.502 -9.127 -9.465 -9.532
8.300 3.953 6.699 1.771 -1.177 -3.450 -4.331 -5.439 -5.340 -6.322 -6.458 -6.920 -7.450 -8.082 -8.472 -9.098 -9.435 -9.502
8.400 3.982 6.728 1.800 -1.148 -3.421 -4.302 -5.410 -5.311 -6.292 -6.429 -6.891 -7.420 -8.053 -8.443 -9.069 -9.406 -9.473
8.500 4.011 6.757 1.829 -1.119 -3.392 -4.273 -5.381 -5.282 -6.264 -6.400 -6.862 -7.392 -8.024 -8.414 -9.040 -9.377 -9.445
8.600 4.039 6.785 1.857 -1.090 -3.364 -4.245 -5.353 -5.254 -6.235 -6.371 -6.834 -7.363 -7.996 -8.386 -9.011 -9.349 -9.416
8.700 4.068 6.813 1.885 -1.062 -3.336 -4.217 -5.325 -5.225 -6.207 -6.343 -6.806 -7.335 -7.968 -8.358 -8.983 -9.321 -9.388
8.800 4.095 6.841 1.913 -1.034 -3.308 -4.189 -5.297 -5.198 -6.179 -6.316 -6.778 -7.307 -7.940 -8.330 -8.956 -9.293 -9.360
8.900 4.123 6.868 1.940 -1.007 -3.281 -4.162 -5.269 -5.170 -6.152 -6.288 -6.750 -7.280 -7.912 -8.303 -8.928 -9.266 -9.333
9.000 4.150 6.895 1.968 -0.980 -3.253 -4.134 -5.242 -5.143 -6.125 -6.261 -6.723 -7.253 -7.885 -8.275 -8.901 -9.239 -9.306
9.100 4.177 6.922 1.994 -0.953 -3.227 -4.108 -5.215 -5.116 -6.098 -6.234 -6.696 -7.226 -7.858 -8.249 -8.874 -9.212 -9.279
9.200 4.203 6.949 2.021 -0.926 -3.200 -4.081 -5.189 -5.090 -6.071 -6.208 -6.670 -7.199 -7.832 -8.222 -8.848 -9.185 -9.252
9.300 4.230 6.975 2.047 -0.900 -3.174 -4.055 -5.163 -5.063 -6.045 -6.181 -6.644 -7.173 -7.806 -8.196 -8.821 -9.159 -9.226
9.400 4.255 7.001 2.073 -0.874 -3.148 -4.029 -5.137 -5.038 -6.019 -6.155 -6.618 -7.147 -7.780 -8.170 -8.795 -9.133 -9.200
9.500 4.281 7.027 2.099 -0.849 -3.122 -4.003 -5.111 -5.012 -5.993 -6.130 -6.592 -7.122 -7.754 -8.144 -8.770 -9.107 -9.174
9.600 4.307 7.052 2.124 -0.823 -3.097 -3.978 -5.086 -4.986 -5.968 -6.104 -6.567 -7.096 -7.729 -8.119 -8.744 -9.082 -9.149
9.700 4.332 7.077 2.149 -0.798 -3.072 -3.953 -5.061 -4.961 -5.943 -6.079 -6.542 -7.071 -7.703 -8.094 -8.719 -9.057 -9.124
9.800 4.357 7.102 2.174 -0.773 -3.047 -3.928 -5.036 -4.936 -5.918 -6.054 -6.517 -7.046 -7.679 -8.069 -8.694 -9.032 -9.099
9.900 4.381 7.127 2.199 -0.749 -3.022 -3.903 -5.011 -4.912 -5.893 -6.030 -6.492 -7.022 -7.654 -8.044 -8.670 -9.007 -9.074
10.000 4.406 7.151 2.223 -0.724 -2.998 -3.879 -4.987 -4.887 -5.869 -6.005 -6.468 -6.997 -7.630 -8.020 -8.645 -8.983 -9.050
10.100 4.430 7.175 2.247 -0.700 -2.974 -3.855 -4.963 -4.863 -5.845 -5.981 -6.444 -6.973 -7.605 -7.996 -8.621 -8.959 -9.026
10.200 4.454 7.199 2.271 -0.676 -2.950 -3.831 -4.939 -4.839 -5.821 -5.957 -6.420 -6.949 -7.582 -7.972 -8.597 -8.935 -9.002
10.300 4.477 7.223 2.295 -0.653 -2.926 -3.807 -4.915 -4.816 -5.797 -5.934 -6.396 -6.926 -7.558 -7.948 -8.574 -8.911 -8.978
10.400 4.501 7.246 2.318 -0.629 -2.903 -3.784 -4.892 -4.792 -5.774 -5.910 -6.373 -6.902 -7.535 -7.925 -8.550 -8.888 -8.955
10.500 4.524 7.269 2.341 -0.606 -2.880 -3.761 -4.868 -4.769 -5.751 -5.887 -6.349 -6.879 -7.511 -7.902 -8.527 -8.865 -8.932
10.600 4.547 7.292 2.364 -0.583 -2.857 -3.738 -4.846 -4.746 -5.728 -5.864 -6.327 -6.856 -7.488 -7.879 -8.504 -8.842 -8.909
10.700 4.569 7.315 2.387 -0.560 -2.834 -3.715 -4.823 -4.724 -5.705 -5.841 -6.304 -6.833 -7.466 -7.856 -8.481 -8.819 -8.886
10.800 4.592 7.338 2.410 -0.538 -2.811 -3.692 -4.800 -4.701 -5.683 -5.819 -6.281 -6.811 -7.443 -7.833 -8.459 -8.797 -8.864
10.900 4.614 7.360 2.432 -0.515 -2.789 -3.670 -4.778 -4.679 -5.660 -5.797 -6.259 -6.788 -7.421 -7.811 -8.437 -8.774 -8.841
11.000 4.636 7.382 2.454 -0.493 -2.767 -3.648 -4.756 -4.657 -5.638 -5.774 -6.237 -6.766 -7.399 -7.789 -8.415 -8.752 -8.819
11.100 4.658 7.404 2.476 -0.471 -2.745 -3.626 -4.734 -4.635 -5.616 -5.753 -6.215 -6.744 -7.377 -7.767 -8.393 -8.730 -8.797
11.200 4.680 7.426 2.498 -0.450 -2.723 -3.604 -4.712 -4.613 -5.595 -5.731 -6.193 -6.723 -7.355 -7.745 -8.371 -8.709 -8.776
11.300 4.701 7.447 2.519 -0.428 -2.702 -3.583 -4.691 -4.592 -5.573 -5.709 -6.172 -6.701 -7.334 -7.724 -8.349 -8.687 -8.754
11.400 4.723 7.468 2.540 -0.407 -2.681 -3.562 -4.669 -4.570 -5.552 -5.688 -6.150 -6.680 -7.312 -7.703 -8.328 -8.666 -8.733
11.500 4.744 7.489 2.561 -0.386 -2.660 -3.541 -4.648 -4.549 -5.531 -5.667 -6.129 -6.659 -7.291 -7.682 -8.307 -8.645 -8.712
11.600 4.765 7.510 2.582 -0.365 -2.639 -3.520 -4.627 -4.528 -5.510 -5.646 -6.108 -6.638 -7.270 -7.661 -8.286 -8.624 -8.691
11.700 4.786 7.531 2.603 -0.344 -2.618 -3.499 -4.607 -4.507 -5.489 -5.625 -6.088 -6.617 -7.250 -7.640 -8.265 -8.603 -8.670
11.800 4.806 7.552 2.624 -0.324 -2.597 -3.478 -4.586 -4.487 -5.469 -5.605 -6.067 -6.597 -7.229 -7.619 -8.245 -8.582 -8.649
11.900 4.826 7.572 2.644 -0.303 -2.577 -3.458 -4.566 -4.466 -5.448 -5.584 -6.047 -6.576 -7.209 -7.599 -8.224 -8.562 -8.629
12.000 4.847 7.592 2.664 -0.283 -2.557 -3.438 -4.546 -4.446 -5.428 -5.564 -6.027 -6.556 -7.188 -7.579 -8.204 -8.542 -8.609
12.100 4.867 7.612 2.684 -0.263 -2.537 -3.418 -4.525 -4.426 -5.408 -5.544 -6.006 -6.536 -7.168 -7.559 -8.184 -8.522 -8.589
12.200 4.887 7.632 2.704 -0.243 -2.517 -3.398 -4.506 -4.406 -5.388 -5.524 -5.987 -6.516 -7.148 -7.539 -8.164 -8.502 -8.569
12.300 4.906 7.652 2.724 -0.223 -2.497 -3.378 -4.486 -4.387 -5.368 -5.504 -5.967 -6.496 -7.129 -7.519 -8.145 -8.482 -8.549
12.400 4.926 7.671 2.743 -0.204 -2.477 -3.358 -4.466 -4.367 -5.349 -5.485 -5.947 -6.477 -7.109 -7.499 -8.125 -8.463 -8.530
12.500 4.945 7.691 2.763 -0.184 -2.458 -3.339 -4.447 -4.348 -5.329 -5.466 -5.928 -6.457 -7.090 -7.480 -8.106 -8.443 -8.510
12.600 4.964 7.710 2.782 -0.165 -2.439 -3.320 -4.428 -4.328 -5.310 -5.446 -5.909 -6.438 -7.071 -7.461 -8.086 -8.424 -8.491
12.700 4.984 7.729 2.801 -0.146 -2.420 -3.301 -4.409 -4.309 -5.291 -5.427 -5.890 -6.419 -7.052 -7.442 -8.067 -8.405 -8.472
12.800 5.002 7.748 2.820 -0.127 -2.401 -3.282 -4.390 -4.290 -5.272 -5.408 -5.871 -6.400 -7.033 -7.423 -8.048 -8.386 -8.453
12.900 5.021 7.767 2.839 -0.108 -2.382 -3.263 -4.371 -4.272 -5.253 -5.390 -5.852 -6.381 -7.014 -7.404 -8.030 -8.367 -8.434
13.000 5.040 7.785 2.857 -0.090 -2.364 -3.245 -4.352 -4.253 -5.235 -5.371 -5.833 -6.363 -6.995 -7.386 -8.011 -8.349 -8.416
13.100 5.058 7.804 2.876 -0.071 -2.345 -3.226 -4.334 -4.235 -5.216 -5.352 -5.815 -6.344 -6.977 -7.367 -7.993 -8.330 -8.397
13.200 5.077 7.822 2.894 -0.053 -2.327 -3.208 -4.316 -4.216 -5.198 -5.334 -5.797 -6.326 -6.958 -7.349 -7.974 -8.312 -8.379
13.300 5.095 7.840 2.912 -0.035 -2.309 -3.190 -4.297 -4.198 -5.180 -5.316 -5.778 -6.308 -6.940 -7.331 -7.956 -8.294 -8.361
13.400 5.113 7.858 2.931 -0.017 -2.290 -3.171 -4.279 -4.180 -5.162 -5.298 -5.760 -6.290 -6.922 -7.312 -7.938 -8.276 -8.343
13.500 5.131 7.876 2.948 0.001 -2.273 -3.154 -4.261 -4.162 -5.144 -5.280 -5.742 -6.272 -6.904 -7.295 -7.920 -8.258 -8.325
13.600 5.149 7.894 2.966 0.019 -2.255 -3.136 -4.244 -4.144 -5.126 -5.262 -5.725 -6.254 -6.886 -7.277 -7.902 -8.240 -8.307
13.700 5.166 7.912 2.984 0.037 -2.237 -3.118 -4.226 -4.127 -5.108 -5.245 -5.707 -6.236 -6.869 -7.259 -7.885 -8.222 -8.289
13.800 5.184 7.929 3.001 0.054 -2.220 -3.101 -4.208 -4.109 -5.091 -5.227 -5.689 -6.219 -6.851 -7.242 -7.867 -8.205 -8.272
13.900 5.201 7.947 3.019 0.071 -2.202 -3.083 -4.191 -4.092 -5.073 -5.210 -5.672 -6.202 -6.834 -7.224 -7.850 -8.187 -8.254
14.000 5.218 7.964 3.036 0.089 -2.185 -3.066 -4.174 -4.075 -5.056 -5.192 -5.655 -6.184 -6.817 -7.207 -7.833 -8.170 -8.237
14.100 5.236 7.981 3.053 0.106 -2.168 -3.049 -4.157 -4.057 -5.039 -5.175 -5.638 -6.167 -6.800 -7.190 -7.815 -8.153 -8.220
14.200 5.253 7.998 3.070 0.123 -2.151 -3.032 -4.140 -4.040 -5.022 -5.158 -5.621 -6.150 -6.783 -7.173 -7.798 -8.136 -8.203
14.300 5.269 8.015 3.087 0.140 -2.134 -3.015 -4.123 -4.024 -5.005 -5.141 -5.604 -6.133 -6.766 -7.156 -7.781 -8.119 -8.186
14.400 5.286 8.032 3.104 0.156 -2.117 -2.998 -4.106 -4.007 -4.988 -5.125 -5.587 -6.116 -6.749 -7.139 -7.765 -8.102 -8.169
14.500 5.303 8.048 3.120 0.173 -2.101 -2.982 -4.089 -3.990 -4.972 -5.108 -5.570 -6.100 -6.732 -7.123 -7.748 -8.086 -8.153
14.600 5.319 8.065 3.137 0.190 -2.084 -2.965 -4.073 -3.974 -4.955 -5.091 -5.554 -6.083 -6.716 -7.106 -7.732 -8.069 -8.136
14.700 5.336 8.081 3.153 0.206 -2.068 -2.949 -4.056 -3.957 -4.939 -5.075 -5.537 -6.067 -6.699 -7.090 -7.715 -8.053 -8.120
14.800 5.352 8.098 3.170 0.222 -2.051 -2.932 -4.040 -3.941 -4.923 -5.059 -5.521 -6.051 -6.683 -7.073 -7.699 -8.036 -8.103
14.900 5.368 8.114 3.186 0.239 -2.035 -2.916 -4.024 -3.925 -4.906 -5.043 -5.505 -6.034 -6.667 -7.057 -7.683 -8.020 -8.087
15.000 5.384 8.130 3.202 0.255 -2.019 -2.900 -4.008 -3.909 -4.890 -5.026 -5.489 -6.018 -6.651 -7.041 -7.667 -8.004 -8.071
