# day W2 M2 W1 u B g V c r w o i z y J H K
0.000 -11.176 -10.971 -10.766 -9.907 -9.539 -9.360 -9.048 -9.173 -8.791 -8.976 -8.650 -8.368 -8.053 -7.809 -7.317 -6.681 -6.093
0.100 -15.421 -15.420 -15.347 -15.034 -14.839 -14.736 -14.553 -14.621 -14.389 -14.486 -14.295 -14.104 -13.875 -13.691 -13.307 -12.774 -12.262
0.200 -14.749 -14.943 -15.031 -15.195 -15.146 -15.103 -15.016 -15.046 -14.919 -14.961 -14.860 -14.729 -14.559 -14.414 -14.099 -13.631 -13.164
0.300 -13.705 -14.068 -14.354 -14.977 -15.082 -15.102 -15.108 -15.104 -15.078 -15.075 -15.055 -14.979 -14.864 -14.755 -14.504 -14.093 -13.664
0.400 -12.516 -13.004 -13.515 -14.568 -14.831 -14.917 -15.019 -14.983 -15.057 -15.016 -15.071 -15.051 -14.991 -14.918 -14.731 -14.376 -13.985
0.500 -11.230 -11.789 -12.548 -14.001 -14.432 -14.588 -14.789 -14.724 -14.901 -14.831 -14.956 -14.995 -14.995 -14.961 -14.841 -14.546 -14.196
0.600 -9.862 -10.425 -11.459 -13.287 -13.899 -14.130 -14.436 -14.346 -14.629 -14.540 -14.732 -14.833 -14.899 -14.908 -14.865 -14.635 -14.329
0.700 -8.453 -8.938 -10.277 -12.446 -13.251 -13.563 -13.978 -13.868 -14.259 -14.164 -14.418 -14.584 -14.723 -14.781 -14.821 -14.664 -14.406
0.800 -7.083 -7.407 -9.060 -11.509 -12.514 -12.912 -13.439 -13.314 -13.813 -13.725 -14.033 -14.265 -14.483 -14.594 -14.727 -14.648 -14.442
0.900 -5.846 -5.989 -7.894 -10.528 -11.727 -12.208 -12.845 -12.714 -13.314 -13.249 -13.601 -13.899 -14.198 -14.364 -14.595 -14.600 -14.448
1.000 -4.801 -4.846 -6.859 -9.561 -10.928 -11.487 -12.225 -12.093 -12.788 -12.756 -13.144 -13.503 -13.885 -14.107 -14.438 -14.529 -14.433
1.100 -3.925 -3.956 -5.980 -8.668 -10.147 -10.770 -11.596 -11.471 -12.246 -12.259 -12.672 -13.087 -13.551 -13.829 -14.261 -14.439 -14.402
1.200 -3.153 -3.169 -5.224 -7.890 -9.418 -10.082 -10.976 -10.861 -11.702 -11.764 -12.195 -12.658 -13.201 -13.535 -14.068 -14.334 -14.356
1.300 -2.481 -2.379 -4.591 -7.302 -8.885 -9.581 -10.520 -10.413 -11.295 -11.392 -11.834 -12.327 -12.919 -13.288 -13.884 -14.204 -14.261
1.400 -1.942 -1.561 -4.095 -6.905 -8.613 -9.344 -10.316 -10.209 -11.110 -11.213 -11.659 -12.158 -12.757 -13.130 -13.733 -14.057 -14.117
1.500 -1.455 -0.705 -3.634 -6.524 -8.364 -9.131 -10.134 -10.027 -10.946 -11.053 -11.503 -12.007 -12.611 -12.985 -13.589 -13.914 -13.974
1.600 -1.029 0.159 -3.221 -6.161 -8.125 -8.924 -9.955 -9.849 -10.784 -10.896 -11.349 -11.859 -12.467 -12.844 -13.450 -13.776 -13.836
1.700 -0.675 0.978 -2.869 -5.833 -7.901 -8.726 -9.781 -9.676 -10.625 -10.743 -11.199 -11.713 -12.326 -12.705 -13.315 -13.641 -13.702
1.800 -0.385 1.696 -2.576 -5.545 -7.693 -8.539 -9.613 -9.509 -10.469 -10.591 -11.050 -11.568 -12.186 -12.568 -13.180 -13.508 -13.570
1.900 -0.146 2.256 -2.334 -5.299 -7.503 -8.363 -9.450 -9.348 -10.316 -10.443 -10.903 -11.425 -12.048 -12.432 -13.047 -13.377 -13.440
2.000 0.056 2.655 -2.129 -5.087 -7.327 -8.198 -9.294 -9.194 -10.168 -10.298 -10.759 -11.284 -11.910 -12.297 -12.915 -13.247 -13.311
2.100 0.233 2.931 -1.950 -4.902 -7.163 -8.040 -9.143 -9.043 -10.021 -10.154 -10.616 -11.144 -11.773 -12.161 -12.783 -13.117 -13.182
2.200 0.395 3.135 -1.788 -4.736 -7.008 -7.888 -8.995 -8.896 -9.877 -10.013 -10.475 -11.004 -11.636 -12.026 -12.651 -12.988 -13.055
2.300 0.530 3.276 -1.652 -4.600 -6.873 -7.754 -8.862 -8.763 -9.744 -9.881 -10.343 -10.872 -11.505 -11.895 -12.521 -12.858 -12.925
2.400 0.659 3.405 -1.523 -4.471 -6.744 -7.625 -8.733 -8.634 -9.615 -9.752 -10.214 -10.743 -11.376 -11.766 -12.392 -12.729 -12.796
2.500 0.788 3.533 -1.395 -4.342 -6.616 -7.497 -8.605 -8.505 -9.487 -9.623 -10.086 -10.615 -11.247 -11.638 -12.263 -12.601 -12.668
2.600 0.915 3.661 -1.267 -4.214 -6.488 -7.369 -8.477 -8.378 -9.359 -9.495 -9.958 -10.487 -11.120 -11.510 -12.136 -12.473 -12.540
2.700 1.042 3.787 -1.141 -4.088 -6.362 -7.243 -8.351 -8.251 -9.233 -9.369 -9.832 -10.361 -10.994 -11.384 -12.009 -12.347 -12.414
2.800 1.166 3.912 -1.016 -3.964 -6.237 -7.118 -8.226 -8.127 -9.109 -9.245 -9.707 -10.237 -10.869 -11.259 -11.885 -12.222 -12.289
2.900 1.288 4.034 -0.894 -3.841 -6.115 -6.996 -8.104 -8.005 -8.986 -9.122 -9.585 -10.114 -10.747 -11.137 -11.762 -12.100 -12.167
3.000 1.409 4.154 -0.774 -3.721 -5.995 -6.876 -7.984 -7.884 -8.866 -9.002 -9.465 -9.994 -10.627 -11.017 -11.642 -11.980 -12.047
3.100 1.526 4.271 -0.656 -3.604 -5.877 -6.758 -7.866 -7.767 -8.749 -8.885 -9.347 -9.877 -10.509 -10.899 -11.525 -11.863 -11.930
3.200 1.640 4.385 -0.543 -3.490 -5.764 -6.645 -7.752 -7.653 -8.635 -8.771 -9.233 -9.763 -10.395 -10.786 -11.411 -11.749 -11.816
3.300 1.750 4.496 -0.432 -3.379 -5.653 -6.534 -7.642 -7.543 -8.524 -8.660 -9.123 -9.652 -10.285 -10.675 -11.301 -11.638 -11.705
3.400 1.857 4.602 -0.325 -3.273 -5.546 -6.427 -7.535 -7.436 -8.418 -8.554 -9.016 -9.546 -10.178 -10.568 -11.194 -11.532 -11.599
3.500 1.959 4.705 -0.223 -3.170 -5.444 -6.325 -7.433 -7.334 -8.315 -8.451 -8.914 -9.443 -10.076 -10.466 -11.091 -11.429 -11.496
3.600 2.058 4.803 -0.124 -3.072 -5.345 -6.226 -7.334 -7.235 -8.217 -8.353 -8.815 -9.345 -9.977 -10.367 -10.993 -11.331 -11.398
3.700 2.152 4.898 -0.030 -2.978 -5.251 -6.132 -7.240 -7.141 -8.122 -8.259 -8.721 -9.251 -9.883 -10.273 -10.899 -11.236 -11.303
3.800 2.242 4.988 0.060 -2.888 -5.161 -6.042 -7.150 -7.051 -8.033 -8.169 -8.631 -9.161 -9.793 -10.183 -10.809 -11.146 -11.213
3.900 2.328 5.073 0.146 -2.802 -5.075 -5.956 -7.064 -6.965 -7.947 -8.083 -8.545 -9.075 -9.707 -10.097 -10.723 -11.061 -11.128
4.000 2.410 5.155 0.227 -2.720 -4.994 -5.875 -6.982 -6.883 -7.865 -8.001 -8.463 -8.993 -9.625 -10.016 -10.641 -10.979 -11.046
4.100 2.488 5.233 0.305 -2.642 -4.916 -5.797 -6.905 -6.805 -7.787 -7.923 -8.386 -8.915 -9.547 -9.938 -10.563 -10.901 -10.968
4.200 2.562 5.308 0.380 -2.568 -4.841 -5.722 -6.830 -6.731 -7.713 -7.849 -8.311 -8.841 -9.473 -9.863 -10.489 -10.826 -10.894
4.300 2.633 5.379 0.451 -2.497 -4.770 -5.651 -6.759 -6.660 -7.642 -7.778 -8.240 -8.770 -9.402 -9.792 -10.418 -10.755 -10.823
4.400 2.701 5.446 0.518 -2.429 -4.702 -5.583 -6.691 -6.592 -7.574 -7.710 -8.172 -8.702 -9.334 -9.724 -10.350 -10.688 -10.755
4.500 2.766 5.511 0.583 -2.364 -4.638 -5.519 -6.626 -6.527 -7.509 -7.645 -8.107 -8.637 -9.269 -9.660 -10.285 -10.623 -10.690
4.600 2.828 5.574 0.646 -2.302 -4.575 -5.456 -6.564 -6.465 -7.446 -7.583 -8.045 -8.575 -9.207 -9.597 -10.223 -10.560 -10.627
4.700 2.888 5.634 0.706 -2.242 -4.515 -5.396 -6.504 -6.405 -7.386 -7.523 -7.985 -8.514 -9.147 -9.537 -10.163 -10.500 -10.567
4.800 2.946 5.691 0.763 -2.184 -4.458 -5.339 -6.446 -6.347 -7.329 -7.465 -7.927 -8.457 -9.089 -9.480 -10.105 -10.443 -10.510
4.900 3.002 5.747 0.819 -2.128 -4.402 -5.283 -6.391 -6.291 -7.273 -7.409 -7.872 -8.401 -9.034 -9.424 -10.049 -10.387 -10.454
5.000 3.055 5.801 0.873 -2.074 -4.348 -5.229 -6.337 -6.238 -7.219 -7.355 -7.818 -8.347 -8.980 -9.370 -9.995 -10.333 -10.400
5.100 3.108 5.853 0.925 -2.022 -4.296 -5.177 -6.285 -6.185 -7.167 -7.303 -7.766 -8.295 -8.927 -9.318 -9.943 -10.281 -10.348
5.200 3.158 5.904 0.976 -1.971 -4.245 -5.126 -6.234 -6.134 -7.116 -7.252 -7.715 -8.244 -8.877 -9.267 -9.892 -10.230 -10.297
5.300 3.208 5.953 1.025 -1.922 -4.195 -5.076 -6.184 -6.085 -7.067 -7.203 -7.665 -8.195 -8.827 -9.218 -9.843 -10.181 -10.248
5.400 3.256 6.002 1.074 -1.874 -4.147 -5.028 -6.136 -6.037 -7.019 -7.155 -7.617 -8.147 -8.779 -9.169 -9.795 -10.133 -10.200
5.500 3.303 6.048 1.121 -1.827 -4.100 -4.981 -6.089 -5.990 -6.972 -7.108 -7.570 -8.100 -8.732 -9.122 -9.748 -10.086 -10.153
5.600 3.349 6.094 1.166 -1.781 -4.055 -4.936 -6.043 -5.944 -6.926 -7.062 -7.524 -8.054 -8.686 -9.077 -9.702 -10.040 -10.107
5.700 3.394 6.139 1.211 -1.736 -4.010 -4.891 -5.999 -5.899 -6.881 -7.017 -7.480 -8.009 -8.642 -9.032 -9.657 -9.995 -10.062
5.800 3.437 6.183 1.255 -1.692 -3.966 -4.847 -5.955 -5.856 -6.837 -6.973 -7.436 -7.965 -8.598 -8.988 -9.614 -9.951 -10.018
5.900 3.480 6.226 1.298 -1.649 -3.923 -4.804 -5.912 -5.813 -6.794 -6.930 -7.393 -7.922 -8.555 -8.945 -9.571 -9.908 -9.975
6.000 3.522 6.268 1.340 -1.607 -3.881 -4.762 -5.870 -5.771 -6.752 -6.888 -7.351 -7.880 -8.513 -8.903 -9.529 -9.866 -9.933
6.100 3.564 6.309 1.381 -1.566 -3.840 -4.721 -5.829 -5.729 -6.711 -6.847 -7.310 -7.839 -8.471 -8.862 -9.487 -9.825 -9.892
6.200 3.604 6.350 1.422 -1.526 -3.799 -4.680 -5.788 -5.689 -6.670 -6.807 -7.269 -7.798 -8.431 -8.821 -9.447 -9.784 -9.851
6.300 3.644 6.390 1.462 -1.486 -3.759 -4.640 -5.748 -5.649 -6.631 -6.767 -7.229 -7.759 -8.391 -8.781 -9.407 -9.744 -9.812
6.400 3.683 6.429 1.501 -1.447 -3.720 -4.601 -5.709 -5.610 -6.592 -6.728 -7.190 -7.720 -8.352 -8.742 -9.368 -9.705 -9.772
6.500 3.722 6.467 1.539 -1.408 -3.682 -4.563 -5.671 -5.571 -6.553 -6.689 -7.152 -7.681 -8.314 -8.704 -9.329 -9.667 -9.734
6.600 3.759 6.505 1.577 -1.370 -3.644 -4.525 -5.633 -5.534 -6.515 -6.652 -7.114 -7.643 -8.276 -8.666 -9.292 -9.629 -9.696
6.700 3.796 6.542 1.614 -1.333 -3.607 -4.488 -5.596 -5.497 -6.478 -6.614 -7.077 -7.606 -8.239 -8.629 -9.254 -9.592 -9.659
6.800 3.833 6.579 1.651 -1.297 -3.570 -4.451 -5.559 -5.460 -6.442 -6.578 -7.040 -7.570 -8.202 -8.592 -9.218 -9.556 -9.623
6.900 3.869 6.615 1.687 -1.261 -3.534 -4.415 -5.523 -5.424 -6.406 -6.542 -7.004 -7.534 -8.166 -8.556 -9.182 -9.520 -9.587
7.000 3.904 6.650 1.722 -1.225 -3.499 -4.380 -5.488 -5.389 -6.370 -6.506 -6.969 -7.498 -8.131 -8.521 -9.147 -9.484 -9.551
7.100 3.939 6.685 1.757 -1.190 -3.464 -4.345 -5.453 -5.354 -6.335 -6.472 -6.934 -7.463 -8.096 -8.486 -9.112 -9.449 -9.516
7.200 3.974 6.719 1.791 -1.156 -3.430 -4.311 -5.419 -5.319 -6.301 -6.437 -6.900 -7.429 -8.061 -8.452 -9.077 -9.415 -9.482
7.300 4.007 6.753 1.825 -1.122 -3.396 -4.277 -5.385 -5.286 -6.267 -6.403 -6.866 -7.395 -8.028 -8.418 -9.043 -9.381 -9.448
7.400 4.041 6.786 1.858 -1.089 -3.363 -4.244 -5.351 -5.252 -6.234 -6.370 -6.832 -7.362 -7.994 -8.385 -9.010 -9.348 -9.415
7.500 4.074 6.819 1.891 -1.056 -3.330 -4.211 -5.319 -5.219 -6.201 -6.337 -6.800 -7.329 -7.961 -8.352 -8.977 -9.315 -9.382
7.600 4.106 6.852 1.924 -1.024 -3.297 -4.178 -5.286 -5.187 -6.168 -6.305 -6.767 -7.297 -7.929 -8.319 -8.945 -9.282 -9.349
7.700 4.138 6.884 1.956 -0.992 -3.265 -4.146 -5.254 -5.155 -6.136 -6.273 -6.735 -7.265 -7.897 -8.287 -8.913 -9.250 -9.317
7.800 4.170 6.915 1.987 -0.960 -3.234 -4.115 -5.223 -5.123 -6.105 -6.241 -6.704 -7.233 -7.865 -8.256 -8.881 -9.219 -9.286
7.900 4.201 6.946 2.018 -0.929 -3.203 -4.084 -5.191 -5.092 -6.074 -6.210 -6.672 -7.202 -7.834 -8.225 -8.850 -9.188 -9.255
8.000 4.232 6.977 2.049 -0.898 -3.172 -4.053 -5.161 -5.061 -6.043 -6.179 -6.642 -7.171 -7.804 -8.194 -8.819 -9.157 -9.224
8.100 4.262 7.007 2.079 -0.868 -3.142 -4.023 -5.130 -5.031 -6.013 -6.149 -6.611 -7.141 -7.773 -8.164 -8.789 -9.127 -9.194
8.200 4.292 7.037 2.109 -0.838 -3.112 -3.993 -5.100 -5.001 -5.983 -6.119 -6.581 -7.111 -7.743 -8.134 -8.759 -9.097 -9.164
8.300 4.321 7.067 2.139 -0.808 -3.082 -3.963 -5.071 -4.972 -5.953 -6.089 -6.552 -7.081 -7.714 -8.104 -8.730 -9.067 -9.134
8.400 4.351 7.096 2.168 -0.779 -3.053 -3.934 -5.042 -4.942 -5.924 -6.060 -6.523 -7.052 -7.685 -8.075 -8.700 -9.038 -9.105
8.500 4.379 7.125 2.197 -0.750 -3.024 -3.905 -5.013 -4.914 -5.895 -6.031 -6.494 -7.023 -7.656 -8.046 -8.672 -9.009 -9.076
8.600 4.408 7.153 2.225 -0.722 -2.996 -3.877 -4.984 -4.885 -5.867 -6.003 -6.465 -6.995 -7.627 -8.018 -8.643 -8.981 -9.048
8.700 4.436 7.182 2.254 -0.694 -2.967 -3.848 -4.956 -4.857 -5.839 -5.975 -6.437 -6.967 -7.599 -7.989 -8.615 -8.953 -9.020
8.800 4.464 7.209 2.281 -0.666 -2.940 -3.821 -4.929 -4.829 -5.811 -5.947 -6.410 -6.939 -7.571 -7.962 -8.587 -8.925 -8.992
8.900 4.491 7.237 2.309 -0.639 -2.912 -3.793 -4.901 -4.802 -5.783 -5.920 -6.382 -6.912 -7.544 -7.934 -8.560 -8.897 -8.964
9.000 4.518 7.264 2.336 -0.611 -2.885 -3.766 -4.874 -4.775 -5.756 -5.892 -6.355 -6.884 -7.517 -7.907 -8.533 -8.870 -8.937
9.100 4.545 7.291 2.363 -0.585 -2.858 -3.739 -4.847 -4.748 -5.729 -5.866 -6.328 -6.858 -7.490 -7.880 -8.506 -8.843 -8.910
9.200 4.572 7.317 2.389 -0.558 -2.832 -3.713 -4.821 -4.721 -5.703 -5.839 -6.302 -6.831 -7.463 -7.854 -8.479 -8.817 -8.884
9.300 4.598 7.343 2.416 -0.532 -2.805 -3.686 -4.794 -4.695 -5.677 -5.813 -6.275 -6.805 -7.437 -7.827 -8.453 -8.791 -8.858
9.400 4.624 7.369 2.441 -0.506 -2.780 -3.661 -4.768 -4.669 -5.651 -5.787 -6.249 -6.779 -7.411 -7.802 -8.427 -8.765 -8.832
9.500 4.650 7.395 2.467 -0.480 -2.754 -3.635 -4.743 -4.643 -5.625 -5.761 -6.224 -6.753 -7.386 -7.776 -8.401 -8.739 -8.806
9.600 4.675 7.420 2.493 -0.455 -2.728 -3.609 -4.717 -4.618 -5.600 -5.736 -6.198 -6.728 -7.360 -7.750 -8.376 -8.714 -8.781
9.700 4.700 7.446 2.518 -0.430 -2.703 -3.584 -4.692 -4.593 -5.575 -5.711 -6.173 -6.703 -7.335 -7.725 -8.351 -8.689 -8.756
9.800 4.725 7.470 2.542 -0.405 -2.679 -3.560 -4.667 -4.568 -5.550 -5.686 -6.148 -6.678 -7.310 -7.701 -8.326 -8.664 -8.731
9.900 4.749 7.495 2.567 -0.380 -2.654 -3.535 -4.643 -4.544 -5.525 -5.661 -6.124 -6.653 -7.286 -7.676 -8.302 -8.639 -8.706
10.000 4.774 7.519 2.591 -0.356 -2.630 -3.511 -4.619 -4.519 -5.501 -5.637 -6.100 -6.629 -7.261 -7.652 -8.277 -8.615 -8.682
10.100 4.798 7.543 2.615 -0.332 -2.606 -3.487 -4.594 -4.495 -5.477 -5.613 -6.075 -6.605 -7.237 -7.628 -8.253 -8.591 -8.658
10.200 4.822 7.567 2.639 -0.308 -2.582 -3.463 -4.571 -4.471 -5.453 -5.589 -6.052 -6.581 -7.214 -7.604 -8.229 -8.567 -8.634
10.300 4.845 7.591 2.663 -0.285 -2.558 -3.439 -4.547 -4.448 -5.429 -5.566 -6.028 -6.558 -7.190 -7.580 -8.206 -8.543 -8.610
10.400 4.868 7.614 2.686 -0.261 -2.535 -3.416 -4.524 -4.424 -5.406 -5.542 -6.005 -6.534 -7.167 -7.557 -8.182 -8.520 -8.587
10.500 4.892 7.637 2.709 -0.238 -2.512 -3.393 -4.501 -4.401 -5.383 -5.519 -5.982 -6.511 -7.143 -7.534 -8.159 -8.497 -8.564
10.600 4.914 7.660 2.732 -0.215 -2.489 -3.370 -4.478 -4.378 -5.360 -5.496 -5.959 -6.488 -7.121 -7.511 -8.136 -8.474 -8.541
10.700 4.937 7.683 2.755 -0.193 -2.466 -3.347 -4.455 -4.356 -5.337 -5.474 -5.936 -6.466 -7.098 -7.488 -8.114 -8.451 -8.518
10.800 4.960 7.705 2.777 -0.170 -2.444 -3.325 -4.433 -4.333 -5.315 -5.451 -5.914 -6.443 -7.075 -7.466 -8.091 -8.429 -8.496
10.900 4.982 7.727 2.799 -0.148 -2.422 -3.303 -4.410 -4.311 -5.293 -5.429 -5.891 -6.421 -7.053 -7.444 -8.069 -8.407 -8.474
11.000 5.004 7.749 2.821 -0.126 -2.400 -3.281 -4.388 -4.289 -5.271 -5.407 -5.869 -6.399 -7.031 -7.422 -8.047 -8.385 -8.452
11.100 5.026 7.771 2.843 -0.104 -2.378 -3.259 -4.367 -4.267 -5.249 -5.385 -5.848 -6.377 -7.009 -7.400 -8.025 -8.363 -8.430
11.200 5.047 7.793 2.865 -0.083 -2.356 -3.237 -4.345 -4.246 -5.227 -5.364 -5.826 -6.355 -6.988 -7.378 -8.004 -8.341 -8.408
11.300 5.069 7.814 2.886 -0.061 -2.335 -3.216 -4.324 -4.224 -5.206 -5.342 -5.805 -6.334 -6.966 -7.357 -7.982 -8.320 -8.387
11.400 5.090 7.835 2.907 -0.040 -2.314 -3.195 -4.302 -4.203 -5.185 -5.321 -5.783 -6.313 -6.945 -7.336 -7.961 -8.299 -8.366
11.500 5.111 7.856 2.928 -0.019 -2.293 -3.174 -4.281 -4.182 -5.164 -5.300 -5.762 -6.292 -6.924 -7.315 -7.940 -8.278 -8.345
11.600 5.132 7.877 2.949 0.002 -2.272 -3.153 -4.261 -4.161 -5.143 -5.279 -5.742 -6.271 -6.903 -7.294 -7.919 -8.257 -8.324
11.700 5.152 7.898 2.970 0.023 -2.251 -3.132 -4.240 -4.141 -5.122 -5.259 -5.721 -6.250 -6.883 -7.273 -7.899 -8.236 -8.303
11.800 5.173 7.918 2.990 0.043 -2.231 -3.112 -4.219 -4.120 -5.102 -5.238 -5.700 -6.230 -6.862 -7.253 -7.878 -8.216 -8.283
11.900 5.193 7.939 3.011 0.063 -2.210 -3.091 -4.199 -4.100 -5.082 -5.218 -5.680 -6.210 -6.842 -7.232 -7.858 -8.195 -8.263
12.000 5.213 7.959 3.031 0.083 -2.190 -3.071 -4.179 -4.080 -5.062 -5.198 -5.660 -6.190 -6.822 -7.212 -7.838 -8.175 -8.242
12.100 5.233 7.979 3.051 0.103 -2.170 -3.051 -4.159 -4.060 -5.042 -5.178 -5.640 -6.170 -6.802 -7.192 -7.818 -8.155 -8.222
12.200 5.253 7.998 3.070 0.123 -2.151 -3.032 -4.139 -4.040 -5.022 -5.158 -5.620 -6.150 -6.782 -7.173 -7.798 -8.136 -8.203
12.300 5.272 8.018 3.090 0.143 -2.131 -3.012 -4.120 -4.021 -5.002 -5.138 -5.601 -6.130 -6.763 -7.153 -7.779 -8.116 -8.183
12.400 5.292 8.037 3.109 0.162 -2.112 -2.993 -4.100 -4.001 -4.983 -5.119 -5.581 -6.111 -6.743 -7.134 -7.759 -8.097 -8.164
12.500 5.311 8.057 3.129 0.181 -2.092 -2.973 -4.081 -3.982 -4.964 -5.100 -5.562 -6.092 -6.724 -7.114 -7.740 -8.077 -8.144
12.600 5.330 8.076 3.148 0.200 -2.073 -2.954 -4.062 -3.963 -4.944 -5.081 -5.543 -6.073 -6.705 -7.095 -7.721 -8.058 -8.125
12.700 5.349 8.095 3.167 0.219 -2.054 -2.935 -4.043 -3.944 -4.925 -5.062 -5.524 -6.054 -6.686 -7.076 -7.702 -8.039 -8.106
12.800 5.368 8.113 3.186 0.238 -2.035 -2.916 -4.024 -3.925 -4.907 -5.043 -5.505 -6.035 -6.667 -7.057 -7.683 -8.021 -8.088
12.900 5.387 8.132 3.204 0.257 -2.017 -2.898 -4.006 -3.906 -4.888 -5.024 -5.487 -6.016 -6.649 -7.039 -7.664 -8.002 -8.069
13.000 5.405 8.151 3.223 0.275 -1.998 -2.879 -3.987 -3.888 -4.870 -5.006 -5.468 -5.998 -6.630 -7.020 -7.646 -7.983 -8.050
13.100 5.423 8.169 3.241 0.294 -1.980 -2.861 -3.969 -3.870 -4.851 -4.987 -5.450 -5.979 -6.612 -7.002 -7.628 -7.965 -8.032
13.200 5.442 8.187 3.259 0.312 -1.962 -2.843 -3.951 -3.851 -4.833 -4.969 -5.432 -5.961 -6.594 -6.984 -7.609 -7.947 -8.014
13.300 5.460 8.205 3.277 0.330 -1.944 -2.825 -3.933 -3.833 -4.815 -4.951 -5.414 -5.943 -6.575 -6.966 -7.591 -7.929 -7.996
13.400 5.478 8.223 3.295 0.348 -1.926 -2.807 -3.915 -3.815 -4.797 -4.933 -5.396 -5.925 -6.558 -6.948 -7.573 -7.911 -7.978
13.500 5.495 8.241 3.313 0.366 -1.908 -2.789 -3.897 -3.798 -4.779 -4.916 -5.378 -5.907 -6.540 -6.930 -7.556 -7.893 -7.960
13.600 5.513 8.259 3.331 0.383 -1.890 -2.771 -3.879 -3.780 -4.762 -4.898 -5.360 -5.890 -6.522 -6.912 -7.538 -7.876 -7.943
13.700 5.530 8.276 3.348 0.401 -1.873 -2.754 -3.862 -3.763 -4.744 -4.880 -5.343 -5.872 -6.505 -6.895 -7.521 -7.858 -7.925
13.800 5.548 8.293 3.365 0.418 -1.856 -2.737 -3.844 -3.745 -4.727 -4.863 -5.325 -5.855 -6.487 -6.878 -7.503 -7.841 -7.908
13.900 5.565 8.311 3.383 0.435 -1.838 -2.719 -3.827 -3.728 -4.710 -4.846 -5.308 -5.838 -6.470 -6.860 -7.486 -7.823 -7.890
14.000 5.582 8.328 3.400 0.452 -1.821 -2.702 -3.810 -3.711 -4.692 -4.829 -5.291 -5.821 -6.453 -6.843 -7.469 -7.806 -7.873
14.100 5.599 8.345 3.417 0.469 -1.804 -2.685 -3.793 -3.694 -4.676 -4.812 -5.274 -5.804 -6.436 -6.826 -7.452 -7.789 -7.856
14.200 5.616 8.362 3.434 0.486 -1.787 -2.668 -3.776 -3.677 -4.659 -4.795 -5.257 -5.787 -6.419 -6.809 -7.435 -7.773 -7.840
14.300 5.633 8.378 3.450 0.503 -1.771 -2.652 -3.760 -3.660 -4.642 -4.778 -5.241 -5.770 -6.402 -6.793 -7.418 -7.756 -7.823
14.400 5.649 8.395 3.467 0.520 -1.754 -2.635 -3.743 -3.644 -4.625 -4.761 -5.224 -5.753 -6.386 -6.776 -7.402 -7.739 -7.806
14.500 5.666 8.411 3.483 0.536 -1.738 -2.619 -3.726 -3.627 -4.609 -4.745 -5.207 -5.737 -6.369 -6.760 -7.385 -7.723 -7.790
14.600 5.682 8.428 3.500 0.552 -1.721 -2.602 -3.710 -3.611 -4.592 -4.729 -5.191 -5.720 -6.353 -6.743 -7.369 -7.706 -7.773
14.700 5.698 8.444 3.516 0.569 -1.705 -2.586 -3.694 -3.595 -4.576 -4.712 -5.175 -5.704 -6.337 -6.727 -7.352 -7.690 -7.757
14.800 5.715 8.460 3.532 0.585 -1.689 -2.570 -3.678 -3.578 -4.560 -4.696 -5.159 -5.688 -6.320 -6.711 -7.336 -7.674 -7.741
14.900 5.731 8.476 3.548 0.601 -1.673 -2.554 -3.662 -3.562 -4.544 -4.680 -5.143 -5.672 -6.304 -6.695 -7.320 -7.658 -7.725
15.000 5.747 8.492 3.564 0.617 -1.657 -2.538 -3.646 -3.546 -4.528 -4.664 -5.127 -5.656 -6.289 -6.679 -7.304 -7.642 -7.709
