# day W2 M2 W1 u B g V c r w o i z y J H K
0.000 -11.011 -10.806 -10.603 -9.745 -9.377 -9.199 -8.887 -9.012 -8.631 -8.815 -8.490 -8.208 -7.893 -7.650 -7.158 -6.523 -5.936
0.100 -15.225 -15.283 -15.244 -15.024 -14.837 -14.733 -14.545 -14.615 -14.374 -14.474 -14.276 -14.076 -13.839 -13.650 -13.256 -12.717 -12.202
0.200 -14.489 -14.751 -14.900 -15.183 -15.147 -15.105 -15.013 -15.044 -14.907 -14.951 -14.841 -14.698 -14.514 -14.359 -14.028 -13.549 -13.078
0.300 -13.223 -13.648 -14.020 -14.793 -14.930 -14.958 -14.972 -14.964 -14.940 -14.933 -14.914 -14.833 -14.709 -14.593 -14.332 -13.918 -13.492
0.400 -11.626 -12.142 -12.766 -14.021 -14.361 -14.475 -14.614 -14.565 -14.674 -14.619 -14.697 -14.691 -14.642 -14.576 -14.402 -14.066 -13.696
0.500 -10.354 -10.820 -11.529 -13.052 -13.583 -13.784 -14.050 -13.969 -14.211 -14.128 -14.295 -14.371 -14.409 -14.402 -14.332 -14.090 -13.784
0.600 -9.805 -10.235 -10.806 -12.205 -12.815 -13.071 -13.426 -13.330 -13.674 -13.589 -13.818 -13.967 -14.094 -14.148 -14.191 -14.051 -13.815
0.700 -9.556 -10.008 -10.506 -11.686 -12.228 -12.484 -12.866 -12.772 -13.164 -13.097 -13.355 -13.558 -13.762 -13.873 -14.025 -13.983 -13.814
0.800 -9.358 -9.841 -10.349 -11.444 -11.870 -12.083 -12.426 -12.347 -12.729 -12.689 -12.945 -13.177 -13.442 -13.603 -13.853 -13.901 -13.791
0.900 -9.151 -9.659 -10.211 -11.335 -11.690 -11.855 -12.130 -12.068 -12.395 -12.379 -12.609 -12.842 -13.142 -13.340 -13.676 -13.809 -13.756
1.000 -8.925 -9.455 -10.061 -11.263 -11.606 -11.747 -11.973 -11.919 -12.188 -12.181 -12.380 -12.592 -12.897 -13.113 -13.507 -13.703 -13.696
1.100 -8.678 -9.226 -9.892 -11.189 -11.553 -11.693 -11.902 -11.849 -12.086 -12.073 -12.254 -12.439 -12.725 -12.942 -13.360 -13.593 -13.616
1.200 -8.407 -8.968 -9.699 -11.096 -11.501 -11.655 -11.879 -11.820 -12.064 -12.041 -12.223 -12.398 -12.663 -12.864 -13.260 -13.483 -13.503
1.300 -8.115 -8.686 -9.484 -10.982 -11.431 -11.603 -11.848 -11.782 -12.041 -12.009 -12.199 -12.371 -12.624 -12.814 -13.189 -13.397 -13.409
1.400 -7.803 -8.379 -9.248 -10.847 -11.343 -11.533 -11.802 -11.730 -12.009 -11.970 -12.170 -12.346 -12.592 -12.775 -13.136 -13.332 -13.338
1.500 -7.467 -8.043 -8.988 -10.689 -11.235 -11.446 -11.742 -11.662 -11.966 -11.921 -12.134 -12.317 -12.565 -12.745 -13.096 -13.284 -13.285
1.600 -7.114 -7.683 -8.708 -10.513 -11.110 -11.343 -11.668 -11.582 -11.913 -11.863 -12.092 -12.285 -12.538 -12.719 -13.067 -13.249 -13.246
1.700 -6.739 -7.295 -8.406 -10.315 -10.968 -11.223 -11.580 -11.488 -11.849 -11.795 -12.040 -12.246 -12.510 -12.694 -13.042 -13.222 -13.217
1.800 -6.345 -6.880 -8.083 -10.096 -10.807 -11.088 -11.478 -11.380 -11.773 -11.718 -11.979 -12.202 -12.479 -12.669 -13.022 -13.202 -13.195
1.900 -5.935 -6.439 -7.741 -9.858 -10.631 -10.938 -11.364 -11.260 -11.687 -11.633 -11.911 -12.151 -12.444 -12.642 -13.003 -13.185 -13.178
2.000 -5.510 -5.972 -7.379 -9.601 -10.439 -10.774 -11.237 -11.129 -11.591 -11.538 -11.834 -12.093 -12.404 -12.612 -12.983 -13.169 -13.163
2.100 -5.067 -5.474 -6.998 -9.322 -10.230 -10.595 -11.098 -10.985 -11.485 -11.436 -11.749 -12.028 -12.360 -12.578 -12.963 -13.154 -13.149
2.200 -4.614 -4.952 -6.600 -9.025 -10.007 -10.404 -10.949 -10.831 -11.370 -11.327 -11.656 -11.956 -12.310 -12.541 -12.940 -13.137 -13.135
2.300 -4.150 -4.403 -6.188 -8.710 -9.770 -10.201 -10.789 -10.669 -11.248 -11.211 -11.558 -11.879 -12.256 -12.499 -12.913 -13.119 -13.119
2.400 -3.681 -3.829 -5.763 -8.377 -9.521 -9.987 -10.622 -10.499 -11.118 -11.091 -11.453 -11.796 -12.197 -12.452 -12.884 -13.098 -13.101
2.500 -3.206 -3.228 -5.327 -8.028 -9.261 -9.765 -10.447 -10.322 -10.983 -10.967 -11.344 -11.708 -12.133 -12.402 -12.851 -13.074 -13.081
2.600 -2.732 -2.604 -4.884 -7.665 -8.993 -9.537 -10.267 -10.141 -10.843 -10.840 -11.231 -11.617 -12.066 -12.348 -12.815 -13.048 -13.059
2.700 -2.264 -1.959 -4.441 -7.292 -8.720 -9.305 -10.084 -9.959 -10.701 -10.712 -11.116 -11.522 -11.995 -12.291 -12.775 -13.018 -13.034
2.800 -1.808 -1.295 -4.002 -6.912 -8.446 -9.073 -9.901 -9.777 -10.558 -10.584 -10.999 -11.425 -11.921 -12.230 -12.732 -12.985 -13.005
2.900 -1.370 -0.616 -3.574 -6.529 -8.174 -8.843 -9.720 -9.598 -10.415 -10.456 -10.882 -11.327 -11.845 -12.166 -12.685 -12.948 -12.973
3.000 -0.957 0.073 -3.165 -6.152 -7.910 -8.620 -9.542 -9.423 -10.274 -10.332 -10.766 -11.228 -11.767 -12.100 -12.635 -12.909 -12.939
3.100 -0.577 0.758 -2.785 -5.789 -7.658 -8.407 -9.372 -9.256 -10.138 -10.210 -10.652 -11.129 -11.687 -12.031 -12.583 -12.866 -12.901
3.200 -0.237 1.423 -2.441 -5.448 -7.423 -8.207 -9.210 -9.097 -10.006 -10.093 -10.540 -11.031 -11.606 -11.960 -12.527 -12.820 -12.861
3.300 0.060 2.045 -2.139 -5.138 -7.207 -8.022 -9.057 -8.948 -9.879 -9.979 -10.432 -10.933 -11.524 -11.888 -12.469 -12.772 -12.818
3.400 0.312 2.590 -1.881 -4.867 -7.014 -7.853 -8.915 -8.809 -9.759 -9.871 -10.327 -10.838 -11.442 -11.814 -12.408 -12.720 -12.771
3.500 0.523 3.033 -1.665 -4.636 -6.843 -7.701 -8.784 -8.681 -9.644 -9.766 -10.226 -10.744 -11.360 -11.739 -12.345 -12.666 -12.723
3.600 0.698 3.363 -1.487 -4.444 -6.693 -7.565 -8.663 -8.562 -9.537 -9.667 -10.128 -10.653 -11.278 -11.663 -12.280 -12.610 -12.672
3.700 0.837 3.583 -1.345 -4.293 -6.566 -7.447 -8.555 -8.456 -9.437 -9.574 -10.036 -10.566 -11.198 -11.588 -12.214 -12.551 -12.618
3.800 0.900 3.646 -1.282 -4.230 -6.503 -7.384 -8.492 -8.393 -9.375 -9.511 -9.973 -10.503 -11.135 -11.525 -12.151 -12.489 -12.556
3.900 0.964 3.709 -1.218 -4.166 -6.439 -7.320 -8.428 -8.329 -9.311 -9.447 -9.909 -10.439 -11.071 -11.461 -12.087 -12.425 -12.492
4.000 1.029 3.774 -1.154 -4.101 -6.375 -7.256 -8.363 -8.264 -9.246 -9.382 -9.844 -10.374 -11.006 -11.397 -12.022 -12.360 -12.427
4.100 1.095 3.840 -1.088 -4.035 -6.309 -7.190 -8.298 -8.198 -9.180 -9.316 -9.779 -10.308 -10.941 -11.331 -11.956 -12.294 -12.361
4.200 1.161 3.906 -1.022 -3.969 -6.243 -7.124 -8.232 -8.132 -9.114 -9.250 -9.713 -10.242 -10.874 -11.265 -11.890 -12.228 -12.295
4.300 1.227 3.973 -0.955 -3.902 -6.176 -7.057 -8.165 -8.066 -9.047 -9.183 -9.646 -10.175 -10.808 -11.198 -11.824 -12.161 -12.228
4.400 1.295 4.040 -0.888 -3.835 -6.109 -6.990 -8.097 -7.998 -8.980 -9.116 -9.578 -10.108 -10.740 -11.131 -11.756 -12.094 -12.161
4.500 1.362 4.108 -0.820 -3.767 -6.041 -6.922 -8.030 -7.931 -8.912 -9.049 -9.511 -10.040 -10.673 -11.063 -11.689 -12.026 -12.093
4.600 1.430 4.176 -0.752 -3.700 -5.973 -6.854 -7.962 -7.863 -8.845 -8.981 -9.443 -9.973 -10.605 -10.995 -11.621 -11.958 -12.025
4.700 1.498 4.243 -0.685 -3.632 -5.906 -6.787 -7.894 -7.795 -8.777 -8.913 -9.375 -9.905 -10.537 -10.928 -11.553 -11.891 -11.958
4.800 1.566 4.311 -0.617 -3.564 -5.838 -6.719 -7.827 -7.727 -8.709 -8.845 -9.308 -9.837 -10.469 -10.860 -11.485 -11.823 -11.890
4.900 1.633 4.379 -0.549 -3.497 -5.770 -6.651 -7.759 -7.660 -8.641 -8.778 -9.240 -9.770 -10.402 -10.792 -11.418 -11.755 -11.822
5.000 1.700 4.446 -0.482 -3.430 -5.703 -6.584 -7.692 -7.593 -8.575 -8.711 -9.173 -9.703 -10.335 -10.725 -11.351 -11.689 -11.756
5.100 1.766 4.512 -0.416 -3.363 -5.637 -6.518 -7.626 -7.527 -8.508 -8.645 -9.107 -9.636 -10.269 -10.659 -11.285 -11.622 -11.689
5.200 1.832 4.577 -0.351 -3.298 -5.572 -6.453 -7.560 -7.461 -8.443 -8.579 -9.041 -9.571 -10.203 -10.594 -11.219 -11.557 -11.624
5.300 1.897 4.642 -0.286 -3.233 -5.507 -6.388 -7.496 -7.396 -8.378 -8.514 -8.976 -9.506 -10.138 -10.529 -11.154 -11.492 -11.559
5.400 1.961 4.706 -0.222 -3.169 -5.443 -6.324 -7.432 -7.332 -8.314 -8.450 -8.913 -9.442 -10.074 -10.465 -11.090 -11.428 -11.495
5.500 2.023 4.769 -0.159 -3.106 -5.380 -6.261 -7.369 -7.270 -8.251 -8.387 -8.850 -9.379 -10.012 -10.402 -11.028 -11.365 -11.432
5.600 2.085 4.830 -0.097 -3.045 -5.318 -6.199 -7.307 -7.208 -8.190 -8.326 -8.788 -9.318 -9.950 -10.340 -10.966 -11.304 -11.371
5.700 2.145 4.891 -0.037 -2.985 -5.258 -6.139 -7.247 -7.148 -8.129 -8.266 -8.728 -9.257 -9.890 -10.280 -10.906 -11.243 -11.310
5.800 2.204 4.950 0.022 -2.926 -5.199 -6.080 -7.188 -7.089 -8.070 -8.207 -8.669 -9.198 -9.831 -10.221 -10.847 -11.184 -11.251
5.900 2.262 5.007 0.079 -2.868 -5.142 -6.023 -7.131 -7.031 -8.013 -8.149 -8.612 -9.141 -9.773 -10.164 -10.789 -11.127 -11.194
6.000 2.318 5.063 0.135 -2.812 -5.086 -5.967 -7.075 -6.975 -7.957 -8.093 -8.556 -9.085 -9.717 -10.108 -10.733 -11.071 -11.138
6.100 2.372 5.118 0.190 -2.757 -5.031 -5.912 -7.020 -6.921 -7.902 -8.039 -8.501 -9.030 -9.663 -10.053 -10.679 -11.016 -11.083
6.200 2.425 5.171 0.243 -2.704 -4.978 -5.859 -6.967 -6.868 -7.849 -7.985 -8.448 -8.977 -9.610 -10.000 -10.626 -10.963 -11.030
6.300 2.477 5.223 0.295 -2.653 -4.926 -5.807 -6.915 -6.816 -7.798 -7.934 -8.396 -8.926 -9.558 -9.948 -10.574 -10.912 -10.979
6.400 2.527 5.273 0.345 -2.603 -4.876 -5.757 -6.865 -6.766 -7.748 -7.884 -8.346 -8.876 -9.508 -9.898 -10.524 -10.861 -10.928
6.500 2.576 5.321 0.393 -2.554 -4.828 -5.709 -6.817 -6.717 -7.699 -7.835 -8.298 -8.827 -9.459 -9.850 -10.475 -10.813 -10.880
6.600 2.623 5.368 0.441 -2.507 -4.780 -5.661 -6.769 -6.670 -7.652 -7.788 -8.250 -8.780 -9.412 -9.802 -10.428 -10.766 -10.833
6.700 2.669 5.414 0.486 -2.461 -4.735 -5.616 -6.724 -6.624 -7.606 -7.742 -8.205 -8.734 -9.366 -9.757 -10.382 -10.720 -10.787
6.800 2.713 5.459 0.531 -2.417 -4.690 -5.571 -6.679 -6.580 -7.562 -7.698 -8.160 -8.690 -9.322 -9.712 -10.338 -10.675 -10.742
6.900 2.756 5.502 0.574 -2.374 -4.647 -5.528 -6.636 -6.537 -7.518 -7.655 -8.117 -8.646 -9.279 -9.669 -10.295 -10.632 -10.699
7.000 2.798 5.544 0.616 -2.332 -4.605 -5.486 -6.594 -6.495 -7.477 -7.613 -8.075 -8.605 -9.237 -9.627 -10.253 -10.590 -10.657
7.100 2.839 5.584 0.656 -2.291 -4.565 -5.446 -6.553 -6.454 -7.436 -7.572 -8.034 -8.564 -9.196 -9.587 -10.212 -10.550 -10.617
7.200 2.878 5.624 0.696 -2.251 -4.525 -5.406 -6.514 -6.415 -7.396 -7.532 -7.995 -8.524 -9.157 -9.547 -10.173 -10.510 -10.577
7.300 2.917 5.662 0.734 -2.213 -4.487 -5.368 -6.475 -6.376 -7.358 -7.494 -7.956 -8.486 -9.118 -9.509 -10.134 -10.472 -10.539
7.400 2.954 5.700 0.772 -2.175 -4.449 -5.330 -6.438 -6.339 -7.320 -7.457 -7.919 -8.448 -9.081 -9.471 -10.097 -10.434 -10.501
7.500 2.991 5.736 0.808 -2.139 -4.413 -5.294 -6.401 -6.302 -7.284 -7.420 -7.882 -8.412 -9.044 -9.435 -10.060 -10.398 -10.465
7.600 3.026 5.772 0.844 -2.103 -4.377 -5.258 -6.366 -6.267 -7.248 -7.384 -7.847 -8.376 -9.009 -9.399 -10.025 -10.362 -10.429
7.700 3.061 5.807 0.879 -2.069 -4.342 -5.223 -6.331 -6.232 -7.213 -7.350 -7.812 -8.341 -8.974 -9.364 -9.990 -10.327 -10.394
7.800 3.095 5.841 0.913 -2.035 -4.308 -5.189 -6.297 -6.198 -7.179 -7.316 -7.778 -8.308 -8.940 -9.330 -9.956 -10.293 -10.360
7.900 3.128 5.874 0.946 -2.001 -4.275 -5.156 -6.264 -6.165 -7.146 -7.282 -7.745 -8.274 -8.907 -9.297 -9.923 -10.260 -10.327
8.000 3.161 5.907 0.979 -1.969 -4.242 -5.123 -6.231 -6.132 -7.114 -7.250 -7.712 -8.242 -8.874 -9.264 -9.890 -10.228 -10.295
8.100 3.193 5.938 1.010 -1.937 -4.211 -5.092 -6.199 -6.100 -7.082 -7.218 -7.680 -8.210 -8.842 -9.233 -9.858 -10.196 -10.263
8.200 3.224 5.970 1.042 -1.906 -4.179 -5.060 -6.168 -6.069 -7.051 -7.187 -7.649 -8.179 -8.811 -9.201 -9.827 -10.164 -10.231
8.300 3.255 6.000 1.072 -1.875 -4.149 -5.030 -6.137 -6.038 -7.020 -7.156 -7.618 -8.148 -8.780 -9.171 -9.796 -10.134 -10.201
8.400 3.285 6.030 1.103 -1.845 -4.118 -4.999 -6.107 -6.008 -6.990 -7.126 -7.588 -8.118 -8.750 -9.140 -9.766 -10.104 -10.171
8.500 3.315 6.060 1.132 -1.815 -4.089 -4.970 -6.078 -5.978 -6.960 -7.096 -7.559 -8.088 -8.721 -9.111 -9.736 -10.074 -10.141
8.600 3.344 6.089 1.161 -1.786 -4.060 -4.941 -6.049 -5.949 -6.931 -7.067 -7.530 -8.059 -8.691 -9.082 -9.707 -10.045 -10.112
8.700 3.372 6.118 1.190 -1.757 -4.031 -4.912 -6.020 -5.921 -6.902 -7.039 -7.501 -8.030 -8.663 -9.053 -9.679 -10.016 -10.083
8.800 3.400 6.146 1.218 -1.729 -4.003 -4.884 -5.992 -5.893 -6.874 -7.010 -7.473 -8.002 -8.635 -9.025 -9.650 -9.988 -10.055
8.900 3.428 6.174 1.246 -1.701 -3.975 -4.856 -5.964 -5.865 -6.846 -6.983 -7.445 -7.974 -8.607 -8.997 -9.623 -9.960 -10.027
9.000 3.456 6.201 1.273 -1.674 -3.948 -4.829 -5.937 -5.837 -6.819 -6.955 -7.418 -7.947 -8.579 -8.970 -9.595 -9.933 -10.000
9.100 3.483 6.228 1.300 -1.647 -3.921 -4.802 -5.910 -5.810 -6.792 -6.928 -7.391 -7.920 -8.552 -8.943 -9.568 -9.906 -9.973
9.200 3.509 6.255 1.327 -1.620 -3.894 -4.775 -5.883 -5.784 -6.765 -6.902 -7.364 -7.893 -8.526 -8.916 -9.542 -9.879 -9.946
9.300 3.536 6.281 1.353 -1.594 -3.868 -4.749 -5.857 -5.757 -6.739 -6.875 -7.338 -7.867 -8.500 -8.890 -9.515 -9.853 -9.920
9.400 3.561 6.307 1.379 -1.568 -3.842 -4.723 -5.831 -5.732 -6.713 -6.849 -7.312 -7.841 -8.474 -8.864 -9.489 -9.827 -9.894
9.500 3.587 6.333 1.405 -1.543 -3.816 -4.697 -5.805 -5.706 -6.688 -6.824 -7.286 -7.816 -8.448 -8.838 -9.464 -9.801 -9.868
9.600 3.612 6.358 1.430 -1.517 -3.791 -4.672 -5.780 -5.681 -6.662 -6.799 -7.261 -7.790 -8.423 -8.813 -9.439 -9.776 -9.843
9.700 3.637 6.383 1.455 -1.492 -3.766 -4.647 -5.755 -5.656 -6.637 -6.774 -7.236 -7.765 -8.398 -8.788 -9.414 -9.751 -9.818
9.800 3.662 6.408 1.480 -1.468 -3.741 -4.622 -5.730 -5.631 -6.613 -6.749 -7.211 -7.741 -8.373 -8.763 -9.389 -9.727 -9.794
9.900 3.686 6.432 1.504 -1.443 -3.717 -4.598 -5.706 -5.607 -6.588 -6.724 -7.187 -7.716 -8.349 -8.739 -9.365 -9.702 -9.769
10.000 3.710 6.456 1.528 -1.419 -3.693 -4.574 -5.682 -5.583 -6.564 -6.700 -7.163 -7.692 -8.325 -8.715 -9.341 -9.678 -9.745
10.100 3.734 6.480 1.552 -1.395 -3.669 -4.550 -5.658 -5.559 -6.540 -6.677 -7.139 -7.668 -8.301 -8.691 -9.317 -9.654 -9.721
10.200 3.758 6.503 1.575 -1.372 -3.646 -4.527 -5.634 -5.535 -6.517 -6.653 -7.115 -7.645 -8.277 -8.668 -9.293 -9.631 -9.698
10.300 3.781 6.527 1.599 -1.349 -3.622 -4.503 -5.611 -5.512 -6.494 -6.630 -7.092 -7.622 -8.254 -8.644 -9.270 -9.607 -9.674
10.400 3.804 6.550 1.622 -1.326 -3.599 -4.480 -5.588 -5.489 -6.470 -6.607 -7.069 -7.599 -8.231 -8.621 -9.247 -9.584 -9.651
10.500 3.827 6.573 1.645 -1.303 -3.576 -4.457 -5.565 -5.466 -6.448 -6.584 -7.046 -7.576 -8.208 -8.598 -9.224 -9.562 -9.629
10.600 3.849 6.595 1.667 -1.280 -3.554 -4.435 -5.543 -5.443 -6.425 -6.561 -7.024 -7.553 -8.186 -8.576 -9.201 -9.539 -9.606
10.700 3.872 6.617 1.689 -1.258 -3.532 -4.413 -5.520 -5.421 -6.403 -6.539 -7.001 -7.531 -8.163 -8.554 -9.179 -9.517 -9.584
10.800 3.894 6.639 1.712 -1.236 -3.509 -4.390 -5.498 -5.399 -6.381 -6.517 -6.979 -7.509 -8.141 -8.531 -9.157 -9.495 -9.562
10.900 3.916 6.661 1.733 -1.214 -3.488 -4.369 -5.476 -5.377 -6.359 -6.495 -6.957 -7.487 -8.119 -8.510 -9.135 -9.473 -9.540
11.000 3.937 6.683 1.755 -1.192 -3.466 -4.347 -5.455 -5.356 -6.337 -6.473 -6.936 -7.465 -8.098 -8.488 -9.114 -9.451 -9.518
11.100 3.959 6.704 1.776 -1.171 -3.445 -4.326 -5.433 -5.334 -6.316 -6.452 -6.914 -7.444 -8.076 -8.467 -9.092 -9.430 -9.497
11.200 3.980 6.726 1.798 -1.150 -3.423 -4.304 -5.412 -5.313 -6.295 -6.431 -6.893 -7.423 -8.055 -8.445 -9.071 -9.408 -9.475
11.300 4.001 6.747 1.819 -1.129 -3.402 -4.283 -5.391 -5.292 -6.274 -6.410 -6.872 -7.402 -8.034 -8.424 -9.050 -9.387 -9.454
11.400 4.022 6.767 1.839 -1.108 -3.382 -4.263 -5.370 -5.271 -6.253 -6.389 -6.851 -7.381 -8.013 -8.404 -9.029 -9.367 -9.434
11.500 4.042 6.788 1.860 -1.087 -3.361 -4.242 -5.350 -5.251 -6.232 -6.368 -6.831 -7.360 -7.993 -8.383 -9.008 -9.346 -9.413
11.600 4.063 6.808 1.880 -1.067 -3.341 -4.222 -5.329 -5.230 -6.212 -6.348 -6.810 -7.340 -7.972 -8.363 -8.988 -9.326 -9.393
11.700 4.083 6.829 1.901 -1.047 -3.320 -4.201 -5.309 -5.210 -6.192 -6.328 -6.790 -7.320 -7.952 -8.342 -8.968 -9.305 -9.372
11.800 4.103 6.849 1.921 -1.027 -3.300 -4.181 -5.289 -5.190 -6.172 -6.308 -6.770 -7.300 -7.932 -8.322 -8.948 -9.285 -9.352
11.900 4.123 6.869 1.941 -1.007 -3.280 -4.161 -5.269 -5.170 -6.152 -6.288 -6.750 -7.280 -7.912 -8.302 -8.928 -9.266 -9.333
12.000 4.143 6.888 1.960 -0.987 -3.261 -4.142 -5.250 -5.150 -6.132 -6.268 -6.731 -7.260 -7.892 -8.283 -8.908 -9.246 -9.313
12.100 4.162 6.908 1.980 -0.968 -3.241 -4.122 -5.230 -5.131 -6.113 -6.249 -6.711 -7.241 -7.873 -8.263 -8.889 -9.226 -9.293
12.200 4.181 6.927 1.999 -0.948 -3.222 -4.103 -5.211 -5.112 -6.093 -6.229 -6.692 -7.221 -7.854 -8.244 -8.870 -9.207 -9.274
12.300 4.200 6.946 2.018 -0.929 -3.203 -4.084 -5.192 -5.092 -6.074 -6.210 -6.673 -7.202 -7.835 -8.225 -8.850 -9.188 -9.255
12.400 4.219 6.965 2.037 -0.910 -3.184 -4.065 -5.173 -5.074 -6.055 -6.191 -6.654 -7.183 -7.816 -8.206 -8.831 -9.169 -9.236
12.500 4.238 6.984 2.056 -0.891 -3.165 -4.046 -5.154 -5.055 -6.036 -6.173 -6.635 -7.164 -7.797 -8.187 -8.813 -9.150 -9.217
12.600 4.257 7.002 2.075 -0.873 -3.146 -4.027 -5.135 -5.036 -6.018 -6.154 -6.616 -7.146 -7.778 -8.168 -8.794 -9.132 -9.199
12.700 4.275 7.021 2.093 -0.854 -3.128 -4.009 -5.117 -5.018 -5.999 -6.135 -6.598 -7.127 -7.760 -8.150 -8.776 -9.113 -9.180
12.800 4.294 7.039 2.111 -0.836 -3.110 -3.991 -5.099 -4.999 -5.981 -6.117 -6.580 -7.109 -7.741 -8.132 -8.757 -9.095 -9.162
12.900 4.312 7.057 2.129 -0.818 -3.092 -3.973 -5.080 -4.981 -5.963 -6.099 -6.561 -7.091 -7.723 -8.114 -8.739 -9.077 -9.144
13.000 4.330 7.075 2.147 -0.800 -3.074 -3.955 -5.062 -4.963 -5.945 -6.081 -6.543 -7.073 -7.705 -8.096 -8.721 -9.059 -9.126
13.100 4.348 7.093 2.165 -0.782 -3.056 -3.937 -5.045 -4.945 -5.927 -6.063 -6.526 -7.055 -7.687 -8.078 -8.703 -9.041 -9.108
13.200 4.365 7.111 2.183 -0.764 -3.038 -3.919 -5.027 -4.928 -5.909 -6.045 -6.508 -7.037 -7.670 -8.060 -8.686 -9.023 -9.090
13.300 4.383 7.129 2.201 -0.747 -3.020 -3.901 -5.009 -4.910 -5.892 -6.028 -6.490 -7.020 -7.652 -8.042 -8.668 -9.006 -9.073
13.400 4.400 7.146 2.218 -0.729 -3.003 -3.884 -4.992 -4.893 -5.874 -6.010 -6.473 -7.002 -7.635 -8.025 -8.651 -8.988 -9.055
13.500 4.418 7.163 2.235 -0.712 -2.986 -3.867 -4.975 -4.875 -5.857 -5.993 -6.456 -6.985 -7.617 -8.008 -8.633 -8.971 -9.038
13.600 4.435 7.180 2.252 -0.695 -2.969 -3.850 -4.957 -4.858 -5.840 -5.976 -6.438 -6.968 -7.600 -7.991 -8.616 -8.954 -9.021
13.700 4.452 7.197 2.269 -0.678 -2.952 -3.833 -4.940 -4.841 -5.823 -5.959 -6.421 -6.951 -7.583 -7.974 -8.599 -8.937 -9.004
13.800 4.469 7.214 2.286 -0.661 -2.935 -3.816 -4.924 -4.824 -5.806 -5.942 -6.405 -6.934 -7.566 -7.957 -8.582 -8.920 -8.987
13.900 4.485 7.231 2.303 -0.644 -2.918 -3.799 -4.907 -4.808 -5.789 -5.925 -6.388 -6.917 -7.550 -7.940 -8.566 -8.903 -8.970
14.000 4.502 7.248 2.320 -0.628 -2.901 -3.782 -4.890 -4.791 -5.773 -5.909 -6.371 -6.901 -7.533 -7.923 -8.549 -8.887 -8.954
14.100 4.518 7.264 2.336 -0.611 -2.885 -3.766 -4.874 -4.775 -5.756 -5.892 -6.355 -6.884 -7.517 -7.907 -8.532 -8.870 -8.937
14.200 4.535 7.280 2.352 -0.595 -2.869 -3.750 -4.857 -4.758 -5.740 -5.876 -6.338 -6.868 -7.500 -7.891 -8.516 -8.854 -8.921
14.300 4.551 7.297 2.369 -0.579 -2.852 -3.733 -4.841 -4.742 -5.724 -5.860 -6.322 -6.852 -7.484 -7.874 -8.500 -8.837 -8.905
14.400 4.567 7.313 2.385 -0.563 -2.836 -3.717 -4.825 -4.726 -5.707 -5.844 -6.306 -6.836 -7.468 -7.858 -8.484 -8.821 -8.888
14.500 4.583 7.329 2.401 -0.547 -2.820 -3.701 -4.809 -4.710 -5.692 -5.828 -6.290 -6.820 -7.452 -7.842 -8.468 -8.805 -8.872
14.600 4.599 7.345 2.417 -0.531 -2.804 -3.685 -4.793 -4.694 -5.676 -5.812 -6.274 -6.804 -7.436 -7.826 -8.452 -8.790 -8.857
14.700 4.615 7.360 2.432 -0.515 -2.789 -3.670 -4.778 -4.678 -5.660 -5.796 -6.259 -6.788 -7.420 -7.811 -8.436 -8.774 -8.841
14.800 4.630 7.376 2.448 -0.499 -2.773 -3.654 -4.762 -4.663 -5.644 -5.780 -6.243 -6.772 -7.405 -7.795 -8.421 -8.758 -8.825
14.900 4.646 7.391 2.463 -0.484 -2.758 -3.639 -4.746 -4.647 -5.629 -5.765 -6.227 -6.757 -7.389 -7.780 -8.405 -8.743 -8.810
15.000 4.661 7.407 2.479 -0.469 -2.742 -3.623 -4.731 -4.632 -5.613 -5.750 -6.212 -6.741 -7.374 -7.764 -8.390 -8.727 -8.794
