# day W2 M2 W1 u B g V c r w o i z y J H K
0.000 -10.988 -10.784 -10.582 -9.728 -9.362 -9.184 -8.873 -8.997 -8.616 -8.801 -8.476 -8.195 -7.880 -7.638 -7.146 -6.511 -5.924
0.100 -14.857 -14.942 -14.931 -14.805 -14.656 -14.571 -14.414 -14.471 -14.266 -14.347 -14.180 -14.002 -13.786 -13.610 -13.238 -12.717 -12.212
0.200 -13.926 -14.240 -14.451 -14.887 -14.911 -14.895 -14.846 -14.861 -14.773 -14.796 -14.726 -14.614 -14.460 -14.325 -14.028 -13.575 -13.118
0.300 -12.820 -13.276 -13.704 -14.591 -14.778 -14.830 -14.881 -14.861 -14.880 -14.858 -14.872 -14.819 -14.725 -14.630 -14.402 -14.012 -13.598
0.400 -11.614 -12.150 -12.796 -14.073 -14.425 -14.546 -14.698 -14.647 -14.773 -14.716 -14.807 -14.816 -14.785 -14.732 -14.578 -14.254 -13.885
0.500 -10.257 -10.818 -11.699 -13.346 -13.877 -14.075 -14.337 -14.258 -14.497 -14.416 -14.581 -14.658 -14.699 -14.693 -14.623 -14.373 -14.054
0.600 -8.925 -9.438 -10.494 -12.431 -13.154 -13.437 -13.817 -13.714 -14.074 -13.982 -14.219 -14.370 -14.494 -14.544 -14.572 -14.406 -14.143
0.700 -8.033 -8.516 -9.510 -11.475 -12.341 -12.700 -13.191 -13.074 -13.548 -13.465 -13.761 -13.987 -14.203 -14.314 -14.451 -14.378 -14.177
0.800 -7.582 -8.105 -8.969 -10.732 -11.595 -11.987 -12.545 -12.428 -12.982 -12.928 -13.262 -13.554 -13.860 -14.034 -14.285 -14.311 -14.176
0.900 -7.288 -7.843 -8.691 -10.331 -11.072 -11.435 -11.986 -11.881 -12.458 -12.439 -12.785 -13.121 -13.504 -13.736 -14.096 -14.221 -14.151
1.000 -7.023 -7.592 -8.485 -10.137 -10.780 -11.089 -11.581 -11.489 -12.034 -12.042 -12.377 -12.730 -13.165 -13.443 -13.901 -14.118 -14.112
1.100 -6.756 -7.328 -8.285 -10.010 -10.631 -10.912 -11.355 -11.269 -11.771 -11.787 -12.105 -12.452 -12.905 -13.207 -13.723 -13.998 -14.035
1.200 -6.475 -7.041 -8.074 -9.892 -10.543 -10.827 -11.264 -11.176 -11.664 -11.672 -11.984 -12.319 -12.762 -13.062 -13.583 -13.869 -13.914
1.300 -6.183 -6.737 -7.848 -9.761 -10.457 -10.756 -11.205 -11.112 -11.602 -11.601 -11.914 -12.241 -12.670 -12.960 -13.467 -13.744 -13.785
1.400 -5.877 -6.412 -7.607 -9.613 -10.356 -10.671 -11.136 -11.039 -11.537 -11.529 -11.844 -12.166 -12.584 -12.866 -13.360 -13.629 -13.666
1.500 -5.556 -6.064 -7.346 -9.445 -10.239 -10.573 -11.057 -10.955 -11.465 -11.450 -11.770 -12.090 -12.500 -12.775 -13.257 -13.518 -13.551
1.600 -5.223 -5.697 -7.072 -9.262 -10.108 -10.462 -10.968 -10.862 -11.386 -11.367 -11.692 -12.013 -12.417 -12.687 -13.158 -13.411 -13.440
1.700 -4.876 -5.307 -6.780 -9.060 -9.962 -10.336 -10.866 -10.756 -11.298 -11.276 -11.608 -11.932 -12.333 -12.599 -13.061 -13.307 -13.331
1.800 -4.517 -4.894 -6.471 -8.840 -9.800 -10.198 -10.754 -10.640 -11.201 -11.177 -11.517 -11.845 -12.246 -12.509 -12.965 -13.203 -13.223
1.900 -4.147 -4.459 -6.149 -8.604 -9.625 -10.046 -10.630 -10.513 -11.095 -11.071 -11.419 -11.753 -12.156 -12.418 -12.868 -13.101 -13.117
2.000 -3.768 -4.002 -5.813 -8.351 -9.436 -9.882 -10.495 -10.375 -10.981 -10.957 -11.314 -11.656 -12.063 -12.325 -12.772 -13.000 -13.012
2.100 -3.377 -3.519 -5.461 -8.079 -9.232 -9.704 -10.348 -10.226 -10.856 -10.834 -11.201 -11.552 -11.965 -12.229 -12.674 -12.898 -12.907
2.200 -2.980 -3.015 -5.098 -7.791 -9.015 -9.515 -10.191 -10.066 -10.722 -10.704 -11.080 -11.442 -11.863 -12.130 -12.575 -12.797 -12.803
2.300 -2.578 -2.489 -4.724 -7.488 -8.785 -9.314 -10.023 -9.897 -10.579 -10.567 -10.952 -11.325 -11.756 -12.027 -12.476 -12.696 -12.700
2.400 -2.172 -1.941 -4.342 -7.169 -8.543 -9.102 -9.846 -9.719 -10.429 -10.423 -10.817 -11.202 -11.646 -11.922 -12.376 -12.596 -12.599
2.500 -1.764 -1.370 -3.952 -6.835 -8.290 -8.880 -9.660 -9.532 -10.270 -10.272 -10.675 -11.074 -11.531 -11.814 -12.275 -12.497 -12.500
2.600 -1.357 -0.779 -3.557 -6.488 -8.027 -8.649 -9.465 -9.338 -10.104 -10.116 -10.527 -10.939 -11.411 -11.703 -12.173 -12.399 -12.403
2.700 -0.953 -0.172 -3.162 -6.132 -7.757 -8.411 -9.264 -9.138 -9.932 -9.955 -10.374 -10.800 -11.289 -11.589 -12.070 -12.302 -12.308
2.800 -0.557 0.450 -2.769 -5.767 -7.481 -8.168 -9.057 -8.933 -9.755 -9.790 -10.217 -10.657 -11.163 -11.472 -11.967 -12.207 -12.216
2.900 -0.169 1.082 -2.382 -5.397 -7.202 -7.921 -8.847 -8.725 -9.574 -9.623 -10.056 -10.511 -11.034 -11.354 -11.864 -12.113 -12.127
3.000 0.206 1.720 -2.004 -5.026 -6.921 -7.672 -8.634 -8.515 -9.390 -9.453 -9.893 -10.362 -10.903 -11.234 -11.761 -12.021 -12.040
3.100 0.564 2.352 -1.641 -4.660 -6.644 -7.425 -8.421 -8.306 -9.206 -9.283 -9.729 -10.211 -10.771 -11.114 -11.658 -11.931 -11.957
3.200 0.902 2.964 -1.297 -4.305 -6.373 -7.183 -8.211 -8.099 -9.022 -9.114 -9.565 -10.060 -10.638 -10.993 -11.556 -11.842 -11.877
3.300 1.217 3.538 -0.976 -3.967 -6.111 -6.947 -8.004 -7.897 -8.841 -8.947 -9.403 -9.909 -10.506 -10.871 -11.454 -11.756 -11.799
3.400 1.506 4.051 -0.681 -3.652 -5.863 -6.722 -7.804 -7.701 -8.663 -8.784 -9.243 -9.761 -10.374 -10.751 -11.353 -11.671 -11.724
3.500 1.768 4.486 -0.415 -3.366 -5.631 -6.508 -7.612 -7.512 -8.491 -8.625 -9.087 -9.614 -10.244 -10.632 -11.254 -11.588 -11.653
3.600 1.886 4.632 -0.296 -3.244 -5.517 -6.398 -7.506 -7.407 -8.388 -8.525 -8.987 -9.516 -10.149 -10.539 -11.165 -11.502 -11.569
3.700 1.969 4.715 -0.213 -3.160 -5.434 -6.315 -7.423 -7.324 -8.305 -8.441 -8.904 -9.433 -10.066 -10.456 -11.081 -11.419 -11.486
3.800 2.049 4.795 -0.133 -3.080 -5.354 -6.235 -7.343 -7.244 -8.225 -8.362 -8.824 -9.353 -9.986 -10.376 -11.002 -11.339 -11.406
3.900 2.126 4.871 -0.057 -3.004 -5.278 -6.159 -7.266 -7.167 -8.149 -8.285 -8.747 -9.277 -9.909 -10.300 -10.925 -11.263 -11.330
4.000 2.199 4.945 0.017 -2.931 -5.204 -6.085 -7.193 -7.094 -8.075 -8.212 -8.674 -9.203 -9.836 -10.226 -10.852 -11.189 -11.256
4.100 2.269 5.015 0.087 -2.860 -5.134 -6.015 -7.123 -7.024 -8.005 -8.141 -8.604 -9.133 -9.766 -10.156 -10.782 -11.119 -11.186
4.200 2.337 5.082 0.154 -2.793 -5.067 -5.948 -7.056 -6.956 -7.938 -8.074 -8.537 -9.066 -9.698 -10.089 -10.714 -11.052 -11.119
4.300 2.401 5.147 0.219 -2.728 -5.002 -5.883 -6.991 -6.892 -7.873 -8.009 -8.472 -9.001 -9.634 -10.024 -10.650 -10.987 -11.054
4.400 2.464 5.209 0.281 -2.666 -4.940 -5.821 -6.929 -6.829 -7.811 -7.947 -8.410 -8.939 -9.572 -9.962 -10.587 -10.925 -10.992
4.500 2.523 5.269 0.341 -2.606 -4.880 -5.761 -6.869 -6.770 -7.751 -7.887 -8.350 -8.879 -9.512 -9.902 -10.528 -10.865 -10.932
4.600 2.581 5.327 0.399 -2.549 -4.822 -5.703 -6.811 -6.712 -7.694 -7.830 -8.292 -8.822 -9.454 -9.844 -10.470 -10.807 -10.874
4.700 2.637 5.382 0.454 -2.493 -4.767 -5.648 -6.755 -6.656 -7.638 -7.774 -8.236 -8.766 -9.398 -9.789 -10.414 -10.752 -10.819
4.800 2.691 5.436 0.508 -2.439 -4.713 -5.594 -6.702 -6.602 -7.584 -7.720 -8.183 -8.712 -9.345 -9.735 -10.360 -10.698 -10.765
4.900 2.743 5.488 0.560 -2.387 -4.661 -5.542 -6.650 -6.550 -7.532 -7.668 -8.131 -8.660 -9.293 -9.683 -10.308 -10.646 -10.713
5.000 2.793 5.539 0.611 -2.337 -4.610 -5.491 -6.599 -6.500 -7.482 -7.618 -8.080 -8.610 -9.242 -9.632 -10.258 -10.595 -10.662
5.100 2.842 5.588 0.660 -2.288 -4.561 -5.442 -6.550 -6.451 -7.433 -7.569 -8.031 -8.561 -9.193 -9.583 -10.209 -10.546 -10.613
5.200 2.890 5.635 0.707 -2.240 -4.514 -5.395 -6.502 -6.403 -7.385 -7.521 -7.983 -8.513 -9.145 -9.536 -10.161 -10.499 -10.566
5.300 2.936 5.682 0.754 -2.194 -4.467 -5.348 -6.456 -6.357 -7.338 -7.475 -7.937 -8.467 -9.099 -9.489 -10.115 -10.452 -10.519
5.400 2.981 5.727 0.799 -2.148 -4.422 -5.303 -6.411 -6.312 -7.293 -7.429 -7.892 -8.421 -9.054 -9.444 -10.070 -10.407 -10.474
5.500 3.025 5.771 0.843 -2.104 -4.378 -5.259 -6.367 -6.267 -7.249 -7.385 -7.848 -8.377 -9.010 -9.400 -10.025 -10.363 -10.430
5.600 3.069 5.814 0.886 -2.061 -4.335 -5.216 -6.324 -6.224 -7.206 -7.342 -7.805 -8.334 -8.967 -9.357 -9.982 -10.320 -10.387
5.700 3.111 5.856 0.928 -2.019 -4.293 -5.174 -6.282 -6.182 -7.164 -7.300 -7.763 -8.292 -8.924 -9.315 -9.940 -10.278 -10.345
5.800 3.152 5.897 0.969 -1.978 -4.252 -5.133 -6.240 -6.141 -7.123 -7.259 -7.721 -8.251 -8.883 -9.274 -9.899 -10.237 -10.304
5.900 3.192 5.938 1.010 -1.938 -4.211 -5.092 -6.200 -6.101 -7.082 -7.219 -7.681 -8.211 -8.843 -9.233 -9.859 -10.196 -10.263
6.000 3.232 5.977 1.049 -1.898 -4.172 -5.053 -6.161 -6.061 -7.043 -7.179 -7.642 -8.171 -8.803 -9.194 -9.819 -10.157 -10.224
6.100 3.270 6.016 1.088 -1.859 -4.133 -5.014 -6.122 -6.023 -7.004 -7.140 -7.603 -8.132 -8.765 -9.155 -9.781 -10.118 -10.185
6.200 3.308 6.054 1.126 -1.821 -4.095 -4.976 -6.084 -5.985 -6.966 -7.103 -7.565 -8.094 -8.727 -9.117 -9.743 -10.080 -10.147
6.300 3.346 6.091 1.163 -1.784 -4.058 -4.939 -6.047 -5.947 -6.929 -7.065 -7.528 -8.057 -8.690 -9.080 -9.705 -10.043 -10.110
6.400 3.382 6.128 1.200 -1.748 -4.021 -4.902 -6.010 -5.911 -6.893 -7.029 -7.491 -8.021 -8.653 -9.043 -9.669 -10.006 -10.073
6.500 3.418 6.164 1.236 -1.712 -3.985 -4.866 -5.974 -5.875 -6.857 -6.993 -7.455 -7.985 -8.617 -9.007 -9.633 -9.971 -10.038
6.600 3.453 6.199 1.271 -1.677 -3.950 -4.831 -5.939 -5.840 -6.821 -6.958 -7.420 -7.949 -8.582 -8.972 -9.598 -9.935 -10.002
6.700 3.488 6.233 1.305 -1.642 -3.916 -4.797 -5.904 -5.805 -6.787 -6.923 -7.385 -7.915 -8.547 -8.938 -9.563 -9.901 -9.968
6.800 3.522 6.267 1.340 -1.608 -3.881 -4.762 -5.870 -5.771 -6.753 -6.889 -7.351 -7.881 -8.513 -8.903 -9.529 -9.867 -9.934
6.900 3.555 6.301 1.373 -1.574 -3.848 -4.729 -5.837 -5.738 -6.719 -6.855 -7.318 -7.847 -8.480 -8.870 -9.496 -9.833 -9.900
7.000 3.588 6.334 1.406 -1.541 -3.815 -4.696 -5.804 -5.705 -6.686 -6.823 -7.285 -7.814 -8.447 -8.837 -9.463 -9.800 -9.867
7.100 3.621 6.366 1.438 -1.509 -3.783 -4.664 -5.772 -5.672 -6.654 -6.790 -7.253 -7.782 -8.414 -8.805 -9.430 -9.768 -9.835
7.200 3.653 6.398 1.470 -1.477 -3.751 -4.632 -5.740 -5.640 -6.622 -6.758 -7.221 -7.750 -8.382 -8.773 -9.398 -9.736 -9.803
7.300 3.684 6.430 1.502 -1.446 -3.719 -4.600 -5.708 -5.609 -6.591 -6.727 -7.189 -7.719 -8.351 -8.741 -9.367 -9.704 -9.772
7.400 3.715 6.461 1.533 -1.415 -3.688 -4.569 -5.677 -5.578 -6.560 -6.696 -7.158 -7.688 -8.320 -8.710 -9.336 -9.674 -9.741
7.500 3.745 6.491 1.563 -1.384 -3.658 -4.539 -5.647 -5.548 -6.529 -6.665 -7.128 -7.657 -8.290 -8.680 -9.306 -9.643 -9.710
7.600 3.775 6.521 1.593 -1.354 -3.628 -4.509 -5.617 -5.518 -6.499 -6.635 -7.098 -7.627 -8.260 -8.650 -9.276 -9.613 -9.680
7.700 3.805 6.551 1.623 -1.325 -3.598 -4.479 -5.587 -5.488 -6.470 -6.606 -7.068 -7.598 -8.230 -8.620 -9.246 -9.584 -9.651
7.800 3.834 6.580 1.652 -1.296 -3.569 -4.450 -5.558 -5.459 -6.441 -6.577 -7.039 -7.569 -8.201 -8.591 -9.217 -9.554 -9.621
7.900 3.863 6.608 1.680 -1.267 -3.541 -4.422 -5.529 -5.430 -6.412 -6.548 -7.010 -7.540 -8.172 -8.563 -9.188 -9.526 -9.593
8.000 3.891 6.637 1.709 -1.239 -3.512 -4.393 -5.501 -5.402 -6.383 -6.520 -6.982 -7.512 -8.144 -8.534 -9.160 -9.497 -9.564
8.100 3.919 6.665 1.737 -1.211 -3.484 -4.365 -5.473 -5.374 -6.356 -6.492 -6.954 -7.484 -8.116 -8.506 -9.132 -9.469 -9.536
8.200 3.947 6.692 1.764 -1.183 -3.457 -4.338 -5.446 -5.346 -6.328 -6.464 -6.927 -7.456 -8.088 -8.479 -9.104 -9.442 -9.509
8.300 3.974 6.719 1.791 -1.156 -3.430 -4.311 -5.418 -5.319 -6.301 -6.437 -6.899 -7.429 -8.061 -8.452 -9.077 -9.415 -9.482
8.400 4.001 6.746 1.818 -1.129 -3.403 -4.284 -5.392 -5.292 -6.274 -6.410 -6.873 -7.402 -8.035 -8.425 -9.050 -9.388 -9.455
8.500 4.027 6.773 1.845 -1.103 -3.376 -4.257 -5.365 -5.266 -6.248 -6.384 -6.846 -7.376 -8.008 -8.398 -9.024 -9.361 -9.429
8.600 4.053 6.799 1.871 -1.077 -3.350 -4.231 -5.339 -5.240 -6.222 -6.358 -6.820 -7.350 -7.982 -8.372 -8.998 -9.335 -9.402
8.700 4.079 6.824 1.897 -1.051 -3.324 -4.205 -5.313 -5.214 -6.196 -6.332 -6.794 -7.324 -7.956 -8.346 -8.972 -9.310 -9.377
8.800 4.104 6.850 1.922 -1.025 -3.299 -4.180 -5.288 -5.189 -6.170 -6.306 -6.769 -7.298 -7.931 -8.321 -8.947 -9.284 -9.351
8.900 4.129 6.875 1.947 -1.000 -3.274 -4.155 -5.263 -5.164 -6.145 -6.281 -6.744 -7.273 -7.906 -8.296 -8.921 -9.259 -9.326
9.000 4.154 6.900 1.972 -0.975 -3.249 -4.130 -5.238 -5.139 -6.120 -6.257 -6.719 -7.248 -7.881 -8.271 -8.897 -9.234 -9.301
9.100 4.179 6.924 1.996 -0.951 -3.225 -4.106 -5.213 -5.114 -6.096 -6.232 -6.694 -7.224 -7.856 -8.247 -8.872 -9.210 -9.277
9.200 4.203 6.949 2.021 -0.927 -3.200 -4.081 -5.189 -5.090 -6.072 -6.208 -6.670 -7.200 -7.832 -8.222 -8.848 -9.186 -9.253
9.300 4.227 6.972 2.045 -0.903 -3.176 -4.057 -5.165 -5.066 -6.048 -6.184 -6.646 -7.176 -7.808 -8.198 -8.824 -9.162 -9.229
9.400 4.251 6.996 2.068 -0.879 -3.153 -4.034 -5.142 -5.042 -6.024 -6.160 -6.623 -7.152 -7.785 -8.175 -8.800 -9.138 -9.205
9.500 4.274 7.019 2.091 -0.856 -3.130 -4.011 -5.118 -5.019 -6.001 -6.137 -6.599 -7.129 -7.761 -8.152 -8.777 -9.115 -9.182
9.600 4.297 7.043 2.115 -0.833 -3.106 -3.987 -5.095 -4.996 -5.978 -6.114 -6.576 -7.106 -7.738 -8.128 -8.754 -9.092 -9.159
9.700 4.320 7.065 2.137 -0.810 -3.084 -3.965 -5.073 -4.973 -5.955 -6.091 -6.553 -7.083 -7.715 -8.106 -8.731 -9.069 -9.136
9.800 4.342 7.088 2.160 -0.787 -3.061 -3.942 -5.050 -4.951 -5.932 -6.069 -6.531 -7.060 -7.693 -8.083 -8.709 -9.046 -9.113
9.900 4.365 7.110 2.182 -0.765 -3.039 -3.920 -5.028 -4.928 -5.910 -6.046 -6.509 -7.038 -7.671 -8.061 -8.686 -9.024 -9.091
10.000 4.387 7.132 2.204 -0.743 -3.017 -3.898 -5.006 -4.906 -5.888 -6.024 -6.487 -7.016 -7.648 -8.039 -8.664 -9.002 -9.069
10.100 4.408 7.154 2.226 -0.721 -2.995 -3.876 -4.984 -4.885 -5.866 -6.002 -6.465 -6.994 -7.627 -8.017 -8.643 -8.980 -9.047
10.200 4.430 7.176 2.248 -0.700 -2.973 -3.854 -4.962 -4.863 -5.845 -5.981 -6.443 -6.973 -7.605 -7.995 -8.621 -8.959 -9.026
10.300 4.451 7.197 2.269 -0.678 -2.952 -3.833 -4.941 -4.842 -5.823 -5.960 -6.422 -6.951 -7.584 -7.974 -8.600 -8.937 -9.004
10.400 4.472 7.218 2.290 -0.657 -2.931 -3.812 -4.920 -4.821 -5.802 -5.938 -6.401 -6.930 -7.563 -7.953 -8.579 -8.916 -8.983
10.500 4.493 7.239 2.311 -0.637 -2.910 -3.791 -4.899 -4.800 -5.781 -5.918 -6.380 -6.909 -7.542 -7.932 -8.558 -8.895 -8.962
10.600 4.514 7.259 2.332 -0.616 -2.889 -3.770 -4.878 -4.779 -5.761 -5.897 -6.359 -6.889 -7.521 -7.911 -8.537 -8.875 -8.942
10.700 4.534 7.280 2.352 -0.595 -2.869 -3.750 -4.858 -4.759 -5.740 -5.876 -6.339 -6.868 -7.501 -7.891 -8.517 -8.854 -8.921
10.800 4.555 7.300 2.372 -0.575 -2.849 -3.730 -4.838 -4.738 -5.720 -5.856 -6.319 -6.848 -7.481 -7.871 -8.496 -8.834 -8.901
10.900 4.575 7.320 2.392 -0.555 -2.829 -3.710 -4.818 -4.718 -5.700 -5.836 -6.299 -6.828 -7.461 -7.851 -8.476 -8.814 -8.881
11.000 4.594 7.340 2.412 -0.535 -2.809 -3.690 -4.798 -4.699 -5.680 -5.816 -6.279 -6.808 -7.441 -7.831 -8.457 -8.794 -8.861
11.100 4.614 7.360 2.432 -0.516 -2.789 -3.670 -4.778 -4.679 -5.661 -5.797 -6.259 -6.789 -7.421 -7.811 -8.437 -8.775 -8.842
11.200 4.633 7.379 2.451 -0.496 -2.770 -3.651 -4.759 -4.660 -5.641 -5.777 -6.240 -6.769 -7.402 -7.792 -8.418 -8.755 -8.822
11.300 4.653 7.398 2.470 -0.477 -2.751 -3.632 -4.740 -4.640 -5.622 -5.758 -6.221 -6.750 -7.383 -7.773 -8.398 -8.736 -8.803
11.400 4.672 7.417 2.489 -0.458 -2.732 -3.613 -4.721 -4.621 -5.603 -5.739 -6.202 -6.731 -7.363 -7.754 -8.379 -8.717 -8.784
11.500 4.690 7.436 2.508 -0.439 -2.713 -3.594 -4.702 -4.603 -5.584 -5.720 -6.183 -6.712 -7.345 -7.735 -8.361 -8.698 -8.765
11.600 4.709 7.455 2.527 -0.421 -2.694 -3.575 -4.683 -4.584 -5.566 -5.702 -6.164 -6.694 -7.326 -7.716 -8.342 -8.679 -8.746
11.700 4.728 7.473 2.545 -0.402 -2.676 -3.557 -4.665 -4.565 -5.547 -5.683 -6.146 -6.675 -7.308 -7.698 -8.323 -8.661 -8.728
11.800 4.746 7.491 2.563 -0.384 -2.658 -3.539 -4.646 -4.547 -5.529 -5.665 -6.127 -6.657 -7.289 -7.680 -8.305 -8.643 -8.710
11.900 4.764 7.510 2.582 -0.366 -2.639 -3.520 -4.628 -4.529 -5.511 -5.647 -6.109 -6.639 -7.271 -7.661 -8.287 -8.625 -8.692
12.000 4.782 7.528 2.600 -0.348 -2.621 -3.502 -4.610 -4.511 -5.493 -5.629 -6.091 -6.621 -7.253 -7.643 -8.269 -8.607 -8.674
12.100 4.800 7.545 2.617 -0.330 -2.604 -3.485 -4.593 -4.493 -5.475 -5.611 -6.074 -6.603 -7.235 -7.626 -8.251 -8.589 -8.656
12.200 4.817 7.563 2.635 -0.312 -2.586 -3.467 -4.575 -4.476 -5.457 -5.593 -6.056 -6.585 -7.218 -7.608 -8.234 -8.571 -8.638
12.300 4.835 7.580 2.652 -0.295 -2.569 -3.450 -4.557 -4.458 -5.440 -5.576 -6.038 -6.568 -7.200 -7.591 -8.216 -8.554 -8.621
12.400 4.852 7.598 2.670 -0.278 -2.551 -3.432 -4.540 -4.441 -5.422 -5.559 -6.021 -6.551 -7.183 -7.573 -8.199 -8.536 -8.603
12.500 4.869 7.615 2.687 -0.260 -2.534 -3.415 -4.523 -4.424 -5.405 -5.542 -6.004 -6.533 -7.166 -7.556 -8.182 -8.519 -8.586
12.600 4.886 7.632 2.704 -0.243 -2.517 -3.398 -4.506 -4.407 -5.388 -5.525 -5.987 -6.516 -7.149 -7.539 -8.165 -8.502 -8.569
12.700 4.903 7.649 2.721 -0.227 -2.500 -3.381 -4.489 -4.390 -5.371 -5.508 -5.970 -6.500 -7.132 -7.522 -8.148 -8.485 -8.552
12.800 4.920 7.665 2.737 -0.210 -2.484 -3.365 -4.472 -4.373 -5.355 -5.491 -5.953 -6.483 -7.115 -7.506 -8.131 -8.469 -8.536
12.900 4.936 7.682 2.754 -0.193 -2.467 -3.348 -4.456 -4.357 -5.338 -5.474 -5.937 -6.466 -7.099 -7.489 -8.115 -8.452 -8.519
13.000 4.953 7.698 2.770 -0.177 -2.451 -3.332 -4.439 -4.340 -5.322 -5.458 -5.920 -6.450 -7.082 -7.473 -8.098 -8.436 -8.503
13.100 4.969 7.715 2.787 -0.161 -2.434 -3.315 -4.423 -4.324 -5.306 -5.442 -5.904 -6.434 -7.066 -7.456 -8.082 -8.419 -8.486
13.200 4.985 7.731 2.803 -0.144 -2.418 -3.299 -4.407 -4.308 -5.289 -5.426 -5.888 -6.417 -7.050 -7.440 -8.066 -8.403 -8.470
13.300 5.001 7.747 2.819 -0.128 -2.402 -3.283 -4.391 -4.292 -5.273 -5.410 -5.872 -6.401 -7.034 -7.424 -8.050 -8.387 -8.454
13.400 5.017 7.763 2.835 -0.113 -2.386 -3.267 -4.375 -4.276 -5.258 -5.394 -5.856 -6.386 -7.018 -7.408 -8.034 -8.371 -8.438
13.500 5.033 7.778 2.850 -0.097 -2.371 -3.252 -4.359 -4.260 -5.242 -5.378 -5.840 -6.370 -7.002 -7.393 -8.018 -8.356 -8.423
13.600 5.048 7.794 2.866 -0.081 -2.355 -3.236 -4.344 -4.245 -5.226 -5.362 -5.825 -6.354 -6.987 -7.377 -8.002 -8.340 -8.407
13.700 5.064 7.810 2.882 -0.066 -2.339 -3.220 -4.328 -4.229 -5.211 -5.347 -5.809 -6.339 -6.971 -7.361 -7.987 -8.325 -8.392
13.800 5.079 7.825 2.897 -0.050 -2.324 -3.205 -4.313 -4.214 -5.195 -5.332 -5.794 -6.323 -6.956 -7.346 -7.972 -8.309 -8.376
13.900 5.095 7.840 2.912 -0.035 -2.309 -3.190 -4.298 -4.198 -5.180 -5.316 -5.779 -6.308 -6.941 -7.331 -7.956 -8.294 -8.361
14.000 5.110 7.855 2.927 -0.020 -2.294 -3.175 -4.283 -4.183 -5.165 -5.301 -5.764 -6.293 -6.925 -7.316 -7.941 -8.279 -8.346
14.100 5.125 7.870 2.942 -0.005 -2.279 -3.160 -4.268 -4.168 -5.150 -5.286 -5.749 -6.278 -6.910 -7.301 -7.926 -8.264 -8.331
14.200 5.140 7.885 2.957 0.010 -2.264 -3.145 -4.253 -4.153 -5.135 -5.271 -5.734 -6.263 -6.896 -7.286 -7.911 -8.249 -8.316
14.300 5.154 7.900 2.972 0.025 -2.249 -3.130 -4.238 -4.139 -5.120 -5.257 -5.719 -6.248 -6.881 -7.271 -7.897 -8.234 -8.301
14.400 5.169 7.915 2.987 0.039 -2.234 -3.115 -4.223 -4.124 -5.106 -5.242 -5.704 -6.234 -6.866 -7.256 -7.882 -8.220 -8.287
14.500 5.183 7.929 3.001 0.054 -2.220 -3.101 -4.209 -4.110 -5.091 -5.227 -5.690 -6.219 -6.852 -7.242 -7.867 -8.205 -8.272
14.600 5.198 7.943 3.016 0.068 -2.205 -3.086 -4.194 -4.095 -5.077 -5.213 -5.675 -6.205 -6.837 -7.227 -7.853 -8.191 -8.258
14.700 5.212 7.958 3.030 0.082 -2.191 -3.072 -4.180 -4.081 -5.062 -5.199 -5.661 -6.190 -6.823 -7.213 -7.839 -8.176 -8.243
14.800 5.226 7.972 3.044 0.097 -2.177 -3.058 -4.166 -4.067 -5.048 -5.184 -5.647 -6.176 -6.809 -7.199 -7.825 -8.162 -8.229
14.900 5.241 7.986 3.058 0.111 -2.163 -3.044 -4.152 -4.052 -5.034 -5.170 -5.633 -6.162 -6.795 -7.185 -7.810 -8.148 -8.215
15.000 5.255 8.000 3.072 0.125 -2.149 -3.030 -4.138 -4.038 -5.020 -5.156 -5.619 -6.148 -6.781 -7.171 -7.796 -8.134 -8.201
