# day W2 M2 W1 u B g V c r w o i z y J H K
0.000 -7.089 -7.000 -6.861 -6.284 -5.993 -5.846 -5.587 -5.687 -5.366 -5.513 -5.242 -4.993 -4.708 -4.485 -4.028 -3.425 -2.861
0.100 -8.700 -9.216 -9.829 -11.059 -11.386 -11.493 -11.622 -11.576 -11.672 -11.620 -11.689 -11.672 -11.606 -11.526 -11.315 -10.931 -10.516
0.200 -7.937 -8.480 -9.382 -11.078 -11.629 -11.832 -12.096 -12.014 -12.249 -12.163 -12.324 -12.389 -12.408 -12.382 -12.266 -11.964 -11.604
0.300 -7.352 -7.863 -8.949 -10.909 -11.620 -11.891 -12.248 -12.147 -12.477 -12.379 -12.598 -12.720 -12.802 -12.817 -12.774 -12.534 -12.215
0.400 -6.877 -7.347 -8.554 -10.681 -11.516 -11.842 -12.274 -12.161 -12.565 -12.466 -12.726 -12.895 -13.029 -13.080 -13.099 -12.913 -12.629
0.500 -6.489 -6.927 -8.217 -10.449 -11.384 -11.755 -12.249 -12.128 -12.593 -12.498 -12.789 -12.996 -13.176 -13.258 -13.331 -13.193 -12.941
0.600 -6.150 -6.564 -7.913 -10.213 -11.230 -11.640 -12.186 -12.060 -12.577 -12.489 -12.805 -13.045 -13.268 -13.378 -13.502 -13.407 -13.184
0.700 -5.840 -6.235 -7.634 -9.979 -11.064 -11.507 -12.099 -11.971 -12.532 -12.454 -12.790 -13.061 -13.321 -13.458 -13.629 -13.576 -13.381
0.800 -5.542 -5.919 -7.368 -9.747 -10.888 -11.362 -11.994 -11.864 -12.465 -12.400 -12.752 -13.050 -13.347 -13.509 -13.725 -13.711 -13.543
0.900 -5.246 -5.602 -7.108 -9.521 -10.712 -11.212 -11.881 -11.751 -12.387 -12.335 -12.702 -13.024 -13.355 -13.540 -13.800 -13.823 -13.680
1.000 -4.945 -5.269 -6.846 -9.296 -10.534 -11.058 -11.761 -11.632 -12.301 -12.263 -12.641 -12.986 -13.349 -13.557 -13.858 -13.917 -13.798
1.100 -4.626 -4.912 -6.566 -9.057 -10.340 -10.887 -11.623 -11.495 -12.194 -12.171 -12.561 -12.928 -13.323 -13.553 -13.895 -13.991 -13.896
1.200 -4.293 -4.522 -6.275 -8.815 -10.147 -10.718 -11.486 -11.359 -12.088 -12.081 -12.480 -12.868 -13.293 -13.545 -13.925 -14.055 -13.984
1.300 -3.935 -4.096 -5.958 -8.549 -9.933 -10.527 -11.327 -11.203 -11.962 -11.971 -12.379 -12.787 -13.244 -13.517 -13.938 -14.103 -14.056
1.400 -3.563 -3.633 -5.624 -8.273 -9.715 -10.335 -11.168 -11.047 -11.835 -11.861 -12.278 -12.706 -13.192 -13.486 -13.945 -14.145 -14.121
1.500 -3.169 -3.129 -5.265 -7.970 -9.476 -10.123 -10.991 -10.872 -11.690 -11.735 -12.160 -12.608 -13.124 -13.440 -13.939 -14.174 -14.174
1.600 -2.761 -2.582 -4.888 -7.649 -9.228 -9.905 -10.809 -10.694 -11.542 -11.607 -12.040 -12.507 -13.054 -13.391 -13.929 -14.197 -14.220
1.700 -2.341 -1.996 -4.494 -7.305 -8.964 -9.673 -10.615 -10.505 -11.383 -11.469 -11.910 -12.396 -12.974 -13.332 -13.909 -14.213 -14.259
1.800 -1.959 -1.381 -4.132 -6.997 -8.758 -9.501 -10.480 -10.372 -11.276 -11.377 -11.823 -12.322 -12.919 -13.290 -13.890 -14.212 -14.271
1.900 -1.658 -0.754 -3.845 -6.760 -8.638 -9.414 -10.423 -10.317 -11.239 -11.346 -11.796 -12.302 -12.905 -13.279 -13.882 -14.206 -14.265
2.000 -1.404 -0.129 -3.597 -6.544 -8.528 -9.332 -10.368 -10.262 -11.199 -11.313 -11.766 -12.277 -12.886 -13.263 -13.870 -14.195 -14.256
2.100 -1.198 0.468 -3.391 -6.354 -8.428 -9.255 -10.312 -10.208 -11.157 -11.276 -11.732 -12.248 -12.862 -13.241 -13.851 -14.178 -14.240
2.200 -1.040 0.995 -3.231 -6.197 -8.342 -9.188 -10.261 -10.158 -11.118 -11.241 -11.699 -12.219 -12.837 -13.220 -13.833 -14.162 -14.224
2.300 -0.921 1.412 -3.110 -6.074 -8.270 -9.129 -10.215 -10.113 -11.081 -11.208 -11.667 -12.190 -12.812 -13.197 -13.813 -14.144 -14.207
2.400 -0.831 1.705 -3.017 -5.976 -8.207 -9.076 -10.170 -10.069 -11.042 -11.172 -11.633 -12.158 -12.784 -13.170 -13.789 -14.121 -14.185
2.500 -0.760 1.894 -2.944 -5.898 -8.151 -9.025 -10.126 -10.026 -11.002 -11.135 -11.597 -12.123 -12.752 -13.139 -13.760 -14.094 -14.159
2.600 -0.705 2.009 -2.888 -5.838 -8.103 -8.981 -10.086 -9.986 -10.966 -11.100 -11.562 -12.090 -12.721 -13.110 -13.733 -14.068 -14.134
2.700 -0.659 2.081 -2.841 -5.789 -8.061 -8.941 -10.049 -9.949 -10.930 -11.066 -11.528 -12.057 -12.689 -13.079 -13.704 -14.041 -14.107
2.800 -0.621 2.125 -2.803 -5.751 -8.024 -8.905 -10.013 -9.914 -10.896 -11.032 -11.494 -12.024 -12.656 -13.046 -13.672 -14.009 -14.076
2.900 -0.587 2.159 -2.769 -5.717 -7.990 -8.871 -9.979 -9.880 -10.862 -10.998 -11.460 -11.990 -12.622 -13.012 -13.638 -13.975 -14.042
3.000 -0.551 2.195 -2.733 -5.681 -7.954 -8.835 -9.943 -9.844 -10.825 -10.962 -11.424 -11.954 -12.586 -12.976 -13.602 -13.939 -14.006
3.100 -0.515 2.231 -2.697 -5.645 -7.918 -8.799 -9.907 -9.808 -10.790 -10.926 -11.388 -11.918 -12.550 -12.940 -13.566 -13.903 -13.971
3.200 -0.478 2.268 -2.660 -5.608 -7.881 -8.762 -9.870 -9.771 -10.753 -10.889 -11.351 -11.881 -12.513 -12.903 -13.529 -13.866 -13.933
3.300 -0.438 2.308 -2.620 -5.568 -7.841 -8.722 -9.830 -9.731 -10.713 -10.849 -11.311 -11.841 -12.473 -12.863 -13.489 -13.827 -13.894
3.400 -0.396 2.349 -2.579 -5.526 -7.800 -8.681 -9.788 -9.689 -10.671 -10.807 -11.269 -11.799 -12.431 -12.822 -13.447 -13.785 -13.852
3.500 -0.352 2.394 -2.534 -5.482 -7.755 -8.636 -9.744 -9.645 -10.627 -10.763 -11.225 -11.755 -12.387 -12.777 -13.403 -13.741 -13.808
3.600 -0.308 2.438 -2.490 -5.437 -7.711 -8.592 -9.700 -9.601 -10.582 -10.718 -11.181 -11.710 -12.343 -12.733 -13.359 -13.696 -13.763
3.700 -0.263 2.483 -2.445 -5.392 -7.666 -8.547 -9.655 -9.556 -10.537 -10.673 -11.136 -11.665 -12.298 -12.688 -13.314 -13.651 -13.718
3.800 -0.216 2.530 -2.398 -5.346 -7.619 -8.500 -9.608 -9.509 -10.491 -10.627 -11.089 -11.619 -12.251 -12.641 -13.267 -13.605 -13.672
3.900 -0.167 2.578 -2.350 -5.297 -7.571 -8.452 -9.560 -9.460 -10.442 -10.578 -11.041 -11.570 -12.203 -12.593 -13.218 -13.556 -13.623
4.000 -0.117 2.628 -2.300 -5.247 -7.521 -8.402 -9.510 -9.410 -10.392 -10.528 -10.991 -11.520 -12.152 -12.543 -13.168 -13.506 -13.573
4.100 -0.066 2.680 -2.248 -5.195 -7.469 -8.350 -9.458 -9.358 -10.340 -10.476 -10.939 -11.468 -12.101 -12.491 -13.116 -13.454 -13.521
4.200 -0.013 2.733 -2.195 -5.142 -7.416 -8.297 -9.405 -9.305 -10.287 -10.423 -10.886 -11.415 -12.048 -12.438 -13.063 -13.401 -13.468
4.300 0.041 2.786 -2.142 -5.089 -7.363 -8.244 -9.352 -9.252 -10.234 -10.370 -10.833 -11.362 -11.994 -12.385 -13.010 -13.348 -13.415
4.400 0.095 2.840 -2.088 -5.035 -7.309 -8.190 -9.298 -9.198 -10.180 -10.316 -10.779 -11.308 -11.940 -12.331 -12.956 -13.294 -13.361
4.500 0.150 2.895 -2.032 -4.980 -7.253 -8.134 -9.242 -9.143 -10.125 -10.261 -10.723 -11.253 -11.885 -12.275 -12.901 -13.239 -13.306
4.600 0.206 2.952 -1.976 -4.923 -7.197 -8.078 -9.186 -9.087 -10.068 -10.204 -10.667 -11.196 -11.829 -12.219 -12.844 -13.182 -13.249
4.700 0.264 3.010 -1.918 -4.865 -7.139 -8.020 -9.128 -9.029 -10.010 -10.147 -10.609 -11.138 -11.771 -12.161 -12.787 -13.124 -13.191
4.800 0.323 3.069 -1.859 -4.807 -7.080 -7.961 -9.069 -8.970 -9.951 -10.088 -10.550 -11.080 -11.712 -12.102 -12.728 -13.065 -13.132
4.900 0.383 3.129 -1.799 -4.747 -7.020 -7.901 -9.009 -8.910 -9.892 -10.028 -10.490 -11.020 -11.652 -12.042 -12.668 -13.005 -13.072
5.000 0.444 3.189 -1.739 -4.686 -6.960 -7.841 -8.949 -8.849 -9.831 -9.967 -10.430 -10.959 -11.592 -11.982 -12.607 -12.945 -13.012
5.100 0.504 3.250 -1.678 -4.626 -6.899 -7.780 -8.888 -8.789 -9.770 -9.907 -10.369 -10.899 -11.531 -11.921 -12.547 -12.884 -12.951
5.200 0.565 3.311 -1.617 -4.565 -6.838 -7.719 -8.827 -8.728 -9.710 -9.846 -10.308 -10.838 -11.470 -11.860 -12.486 -12.823 -12.890
5.300 0.627 3.372 -1.556 -4.503 -6.777 -7.658 -8.766 -8.666 -9.648 -9.784 -10.247 -10.776 -11.408 -11.799 -12.424 -12.762 -12.829
5.400 0.689 3.435 -1.493 -4.441 -6.714 -7.595 -8.703 -8.604 -9.585 -9.722 -10.184 -10.714 -11.346 -11.736 -12.362 -12.699 -12.766
5.500 0.752 3.498 -1.430 -4.377 -6.651 -7.532 -8.640 -8.541 -9.522 -9.658 -10.121 -10.650 -11.283 -11.673 -12.299 -12.636 -12.703
5.600 0.816 3.561 -1.366 -4.314 -6.587 -7.468 -8.576 -8.477 -9.459 -9.595 -10.057 -10.587 -11.219 -11.609 -12.235 -12.573 -12.640
5.700 0.880 3.625 -1.303 -4.250 -6.524 -7.405 -8.512 -8.413 -9.395 -9.531 -9.993 -10.523 -11.155 -11.546 -12.171 -12.509 -12.576
5.800 0.944 3.690 -1.238 -4.186 -6.459 -7.340 -8.448 -8.349 -9.331 -9.467 -9.929 -10.459 -11.091 -11.481 -12.107 -12.444 -12.511
5.900 1.008 3.754 -1.174 -4.121 -6.395 -7.276 -8.384 -8.285 -9.266 -9.402 -9.865 -10.394 -11.027 -11.417 -12.043 -12.380 -12.447
6.000 1.072 3.818 -1.110 -4.057 -6.331 -7.212 -8.320 -8.221 -9.202 -9.338 -9.801 -10.330 -10.963 -11.353 -11.979 -12.316 -12.383
6.100 1.136 3.882 -1.046 -3.993 -6.267 -7.148 -8.256 -8.157 -9.138 -9.274 -9.737 -10.266 -10.899 -11.289 -11.915 -12.252 -12.319
6.200 1.200 3.946 -0.982 -3.930 -6.203 -7.084 -8.192 -8.093 -9.075 -9.211 -9.673 -10.203 -10.835 -11.225 -11.851 -12.188 -12.255
6.300 1.264 4.009 -0.919 -3.866 -6.140 -7.021 -8.129 -8.029 -9.011 -9.147 -9.609 -10.139 -10.771 -11.162 -11.787 -12.125 -12.192
6.400 1.327 4.073 -0.855 -3.802 -6.076 -6.957 -8.065 -7.966 -8.947 -9.084 -9.546 -10.075 -10.708 -11.098 -11.724 -12.061 -12.128
6.500 1.391 4.136 -0.792 -3.739 -6.013 -6.894 -8.002 -7.902 -8.884 -9.020 -9.483 -10.012 -10.644 -11.035 -11.660 -11.998 -12.065
6.600 1.454 4.199 -0.729 -3.676 -5.950 -6.831 -7.939 -7.839 -8.821 -8.957 -9.420 -9.949 -10.581 -10.972 -11.597 -11.935 -12.002
6.700 1.516 4.262 -0.666 -3.614 -5.887 -6.768 -7.876 -7.777 -8.758 -8.895 -9.357 -9.887 -10.519 -10.909 -11.535 -11.872 -11.939
6.800 1.578 4.324 -0.604 -3.552 -5.825 -6.706 -7.814 -7.715 -8.696 -8.833 -9.295 -9.824 -10.457 -10.847 -11.473 -11.810 -11.877
6.900 1.640 4.385 -0.543 -3.490 -5.764 -6.645 -7.753 -7.653 -8.635 -8.771 -9.234 -9.763 -10.395 -10.786 -11.411 -11.749 -11.816
7.000 1.700 4.446 -0.482 -3.429 -5.703 -6.584 -7.692 -7.593 -8.574 -8.710 -9.173 -9.702 -10.335 -10.725 -11.351 -11.688 -11.755
7.100 1.760 4.506 -0.422 -3.370 -5.643 -6.524 -7.632 -7.533 -8.515 -8.651 -9.113 -9.643 -10.275 -10.665 -11.291 -11.628 -11.695
7.200 1.819 4.565 -0.363 -3.311 -5.584 -6.465 -7.573 -7.474 -8.456 -8.592 -9.054 -9.584 -10.216 -10.606 -11.232 -11.570 -11.637
7.300 1.877 4.623 -0.305 -3.253 -5.526 -6.407 -7.515 -7.416 -8.398 -8.534 -8.996 -9.526 -10.158 -10.548 -11.174 -11.512 -11.579
7.400 1.934 4.680 -0.248 -3.196 -5.469 -6.350 -7.458 -7.359 -8.341 -8.477 -8.939 -9.469 -10.101 -10.491 -11.117 -11.455 -11.522
7.500 1.990 4.736 -0.192 -3.140 -5.413 -6.294 -7.402 -7.303 -8.284 -8.421 -8.883 -9.413 -10.045 -10.435 -11.061 -11.398 -11.465
7.600 2.045 4.791 -0.137 -3.084 -5.358 -6.239 -7.347 -7.248 -8.229 -8.365 -8.828 -9.357 -9.990 -10.380 -11.006 -11.343 -11.410
7.700 2.100 4.845 -0.083 -3.030 -5.304 -6.185 -7.293 -7.193 -8.175 -8.311 -8.774 -9.303 -9.936 -10.326 -10.951 -11.289 -11.356
7.800 2.153 4.898 -0.030 -2.977 -5.251 -6.132 -7.240 -7.140 -8.122 -8.258 -8.721 -9.250 -9.882 -10.273 -10.898 -11.236 -11.303
7.900 2.205 4.950 0.022 -2.925 -5.199 -6.080 -7.188 -7.088 -8.070 -8.206 -8.669 -9.198 -9.831 -10.221 -10.846 -11.184 -11.251
8.000 2.255 5.001 0.073 -2.874 -5.148 -6.029 -7.137 -7.038 -8.019 -8.155 -8.618 -9.147 -9.780 -10.170 -10.796 -11.133 -11.200
8.100 2.305 5.051 0.123 -2.825 -5.098 -5.979 -7.087 -6.988 -7.970 -8.106 -8.568 -9.098 -9.730 -10.120 -10.746 -11.083 -11.150
8.200 2.354 5.099 0.171 -2.776 -5.050 -5.931 -7.039 -6.939 -7.921 -8.057 -8.520 -9.049 -9.681 -10.072 -10.697 -11.035 -11.102
8.300 2.401 5.147 0.219 -2.729 -5.002 -5.883 -6.991 -6.892 -7.874 -8.010 -8.472 -9.002 -9.634 -10.024 -10.650 -10.987 -11.054
8.400 2.447 5.193 0.265 -2.683 -4.956 -5.837 -6.945 -6.846 -7.827 -7.964 -8.426 -8.955 -9.588 -9.978 -10.604 -10.941 -11.008
8.500 2.492 5.238 0.310 -2.637 -4.911 -5.792 -6.900 -6.801 -7.782 -7.919 -8.381 -8.910 -9.543 -9.933 -10.559 -10.896 -10.963
8.600 2.536 5.282 0.354 -2.594 -4.867 -5.748 -6.856 -6.757 -7.738 -7.875 -8.337 -8.867 -9.499 -9.889 -10.515 -10.852 -10.919
8.700 2.579 5.325 0.397 -2.551 -4.824 -5.705 -6.813 -6.714 -7.696 -7.832 -8.294 -8.824 -9.456 -9.846 -10.472 -10.810 -10.877
8.800 2.621 5.366 0.438 -2.509 -4.783 -5.664 -6.772 -6.672 -7.654 -7.790 -8.253 -8.782 -9.414 -9.805 -10.430 -10.768 -10.835
8.900 2.661 5.407 0.479 -2.468 -4.742 -5.623 -6.731 -6.632 -7.613 -7.749 -8.212 -8.741 -9.374 -9.764 -10.390 -10.727 -10.794
9.000 2.701 5.447 0.519 -2.429 -4.702 -5.583 -6.691 -6.592 -7.574 -7.710 -8.172 -8.702 -9.334 -9.724 -10.350 -10.688 -10.755
9.100 2.740 5.485 0.557 -2.390 -4.664 -5.545 -6.653 -6.553 -7.535 -7.671 -8.134 -8.663 -9.295 -9.686 -10.311 -10.649 -10.716
9.200 2.777 5.523 0.595 -2.352 -4.626 -5.507 -6.615 -6.516 -7.497 -7.634 -8.096 -8.625 -9.258 -9.648 -10.274 -10.611 -10.678
9.300 2.814 5.560 0.632 -2.316 -4.589 -5.470 -6.578 -6.479 -7.461 -7.597 -8.059 -8.589 -9.221 -9.611 -10.237 -10.574 -10.641
9.400 2.850 5.595 0.667 -2.280 -4.554 -5.435 -6.542 -6.443 -7.425 -7.561 -8.023 -8.553 -9.185 -9.576 -10.201 -10.539 -10.606
9.500 2.885 5.630 0.702 -2.245 -4.519 -5.400 -6.507 -6.408 -7.390 -7.526 -7.988 -8.518 -9.150 -9.541 -10.166 -10.504 -10.571
9.600 2.919 5.664 0.737 -2.211 -4.484 -5.365 -6.473 -6.374 -7.356 -7.492 -7.954 -8.484 -9.116 -9.506 -10.132 -10.470 -10.537
9.700 2.952 5.698 0.770 -2.178 -4.451 -5.332 -6.440 -6.341 -7.322 -7.459 -7.921 -8.450 -9.083 -9.473 -10.099 -10.436 -10.503
9.800 2.985 5.730 0.802 -2.145 -4.419 -5.300 -6.407 -6.308 -7.290 -7.426 -7.888 -8.418 -9.050 -9.441 -10.066 -10.404 -10.471
9.900 3.017 5.762 0.834 -2.113 -4.387 -5.268 -6.376 -6.276 -7.258 -7.394 -7.857 -8.386 -9.019 -9.409 -10.034 -10.372 -10.439
10.000 3.048 5.793 0.865 -2.082 -4.356 -5.237 -6.345 -6.245 -7.227 -7.363 -7.826 -8.355 -8.987 -9.378 -10.003 -10.341 -10.408
10.100 3.078 5.824 0.896 -2.052 -4.325 -5.206 -6.314 -6.215 -7.197 -7.333 -7.795 -8.325 -8.957 -9.347 -9.973 -10.310 -10.377
10.200 3.108 5.853 0.925 -2.022 -4.296 -5.177 -6.284 -6.185 -7.167 -7.303 -7.765 -8.295 -8.927 -9.318 -9.943 -10.281 -10.348
10.300 3.137 5.883 0.955 -1.993 -4.266 -5.147 -6.255 -6.156 -7.138 -7.274 -7.736 -8.266 -8.898 -9.288 -9.914 -10.251 -10.318
10.400 3.166 5.911 0.983 -1.964 -4.238 -5.119 -6.227 -6.127 -7.109 -7.245 -7.708 -8.237 -8.869 -9.260 -9.885 -10.223 -10.290
10.500 3.194 5.939 1.011 -1.936 -4.210 -5.091 -6.198 -6.099 -7.081 -7.217 -7.679 -8.209 -8.841 -9.232 -9.857 -10.195 -10.262
10.600 3.221 5.967 1.039 -1.908 -4.182 -5.063 -6.171 -6.072 -7.053 -7.190 -7.652 -8.181 -8.814 -9.204 -9.830 -10.167 -10.234
10.700 3.248 5.994 1.066 -1.881 -4.155 -5.036 -6.144 -6.045 -7.026 -7.162 -7.625 -8.154 -8.787 -9.177 -9.803 -10.140 -10.207
10.800 3.275 6.021 1.093 -1.855 -4.128 -5.009 -6.117 -6.018 -7.000 -7.136 -7.598 -8.128 -8.760 -9.150 -9.776 -10.114 -10.181
10.900 3.301 6.047 1.119 -1.829 -4.102 -4.983 -6.091 -5.992 -6.974 -7.110 -7.572 -8.102 -8.734 -9.124 -9.750 -10.087 -10.154
11.000 3.327 6.072 1.144 -1.803 -4.077 -4.958 -6.065 -5.966 -6.948 -7.084 -7.546 -8.076 -8.708 -9.099 -9.724 -10.062 -10.129
11.100 3.352 6.098 1.170 -1.778 -4.051 -4.932 -6.040 -5.941 -6.923 -7.059 -7.521 -8.051 -8.683 -9.073 -9.699 -10.036 -10.103
11.200 3.377 6.123 1.195 -1.753 -4.026 -4.907 -6.015 -5.916 -6.898 -7.034 -7.496 -8.026 -8.658 -9.048 -9.674 -10.011 -10.079
11.300 3.402 6.147 1.219 -1.728 -4.002 -4.883 -5.991 -5.891 -6.873 -7.009 -7.472 -8.001 -8.634 -9.024 -9.649 -9.987 -10.054
11.400 3.426 6.171 1.243 -1.704 -3.978 -4.859 -5.967 -5.867 -6.849 -6.985 -7.448 -7.977 -8.609 -9.000 -9.625 -9.963 -10.030
11.500 3.450 6.195 1.267 -1.680 -3.954 -4.835 -5.943 -5.843 -6.825 -6.961 -7.424 -7.953 -8.585 -8.976 -9.601 -9.939 -10.006
11.600 3.473 6.219 1.291 -1.657 -3.930 -4.811 -5.919 -5.820 -6.802 -6.938 -7.400 -7.930 -8.562 -8.952 -9.578 -9.915 -9.982
11.700 3.496 6.242 1.314 -1.633 -3.907 -4.788 -5.896 -5.797 -6.778 -6.915 -7.377 -7.906 -8.539 -8.929 -9.555 -9.892 -9.959
11.800 3.519 6.265 1.337 -1.611 -3.884 -4.765 -5.873 -5.774 -6.755 -6.892 -7.354 -7.883 -8.516 -8.906 -9.532 -9.869 -9.936
11.900 3.542 6.287 1.359 -1.588 -3.862 -4.743 -5.850 -5.751 -6.733 -6.869 -7.331 -7.861 -8.493 -8.884 -9.509 -9.847 -9.914
12.000 3.564 6.310 1.382 -1.566 -3.839 -4.720 -5.828 -5.729 -6.710 -6.847 -7.309 -7.839 -8.471 -8.861 -9.487 -9.824 -9.891
12.100 3.586 6.332 1.404 -1.543 -3.817 -4.698 -5.806 -5.707 -6.688 -6.825 -7.287 -7.816 -8.449 -8.839 -9.465 -9.802 -9.869
12.200 3.608 6.354 1.426 -1.522 -3.795 -4.676 -5.784 -5.685 -6.667 -6.803 -7.265 -7.795 -8.427 -8.817 -9.443 -9.780 -9.847
12.300 3.630 6.375 1.447 -1.500 -3.774 -4.655 -5.763 -5.663 -6.645 -6.781 -7.244 -7.773 -8.405 -8.796 -9.421 -9.759 -9.826
12.400 3.651 6.397 1.469 -1.479 -3.752 -4.633 -5.741 -5.642 -6.624 -6.760 -7.222 -7.752 -8.384 -8.774 -9.400 -9.738 -9.805
12.500 3.672 6.418 1.490 -1.458 -3.731 -4.612 -5.720 -5.621 -6.603 -6.739 -7.201 -7.731 -8.363 -8.753 -9.379 -9.716 -9.783
12.600 3.693 6.438 1.511 -1.437 -3.710 -4.591 -5.699 -5.600 -6.582 -6.718 -7.180 -7.710 -8.342 -8.732 -9.358 -9.696 -9.763
12.700 3.714 6.459 1.531 -1.416 -3.690 -4.571 -5.679 -5.579 -6.561 -6.697 -7.160 -7.689 -8.322 -8.712 -9.337 -9.675 -9.742
12.800 3.734 6.480 1.552 -1.396 -3.669 -4.550 -5.658 -5.559 -6.541 -6.677 -7.139 -7.669 -8.301 -8.691 -9.317 -9.655 -9.722
12.900 3.754 6.500 1.572 -1.376 -3.649 -4.530 -5.638 -5.539 -6.520 -6.657 -7.119 -7.648 -8.281 -8.671 -9.297 -9.634 -9.701
13.000 3.774 6.520 1.592 -1.356 -3.629 -4.510 -5.618 -5.519 -6.500 -6.637 -7.099 -7.628 -8.261 -8.651 -9.277 -9.614 -9.681
13.100 3.794 6.540 1.612 -1.336 -3.609 -4.490 -5.598 -5.499 -6.481 -6.617 -7.079 -7.609 -8.241 -8.631 -9.257 -9.594 -9.661
13.200 3.814 6.559 1.631 -1.316 -3.590 -4.471 -5.579 -5.479 -6.461 -6.597 -7.060 -7.589 -8.221 -8.612 -9.237 -9.575 -9.642
13.300 3.833 6.579 1.651 -1.297 -3.570 -4.451 -5.559 -5.460 -6.441 -6.578 -7.040 -7.570 -8.202 -8.592 -9.218 -9.555 -9.622
13.400 3.852 6.598 1.670 -1.277 -3.551 -4.432 -5.540 -5.441 -6.422 -6.558 -7.021 -7.550 -8.183 -8.573 -9.199 -9.536 -9.603
13.500 3.871 6.617 1.689 -1.258 -3.532 -4.413 -5.521 -5.421 -6.403 -6.539 -7.002 -7.531 -8.164 -8.554 -9.179 -9.517 -9.584
13.600 3.890 6.636 1.708 -1.239 -3.513 -4.394 -5.502 -5.403 -6.384 -6.520 -6.983 -7.512 -8.145 -8.535 -9.161 -9.498 -9.565
13.700 3.909 6.655 1.727 -1.221 -3.494 -4.375 -5.483 -5.384 -6.365 -6.502 -6.964 -7.494 -8.126 -8.516 -9.142 -9.479 -9.546
13.800 3.928 6.673 1.745 -1.202 -3.476 -4.357 -5.465 -5.365 -6.347 -6.483 -6.945 -7.475 -8.107 -8.498 -9.123 -9.461 -9.528
13.900 3.946 6.692 1.764 -1.184 -3.457 -4.338 -5.446 -5.347 -6.328 -6.465 -6.927 -7.457 -8.089 -8.479 -9.105 -9.442 -9.509
14.000 3.964 6.710 1.782 -1.165 -3.439 -4.320 -5.428 -5.329 -6.310 -6.446 -6.909 -7.438 -8.071 -8.461 -9.087 -9.424 -9.491
14.100 3.983 6.728 1.800 -1.147 -3.421 -4.302 -5.410 -5.310 -6.292 -6.428 -6.891 -7.420 -8.053 -8.443 -9.068 -9.406 -9.473
14.200 4.000 6.746 1.818 -1.129 -3.403 -4.284 -5.392 -5.292 -6.274 -6.410 -6.873 -7.402 -8.035 -8.425 -9.050 -9.388 -9.455
14.300 4.018 6.764 1.836 -1.111 -3.385 -4.266 -5.374 -5.275 -6.256 -6.393 -6.855 -7.384 -8.017 -8.407 -9.033 -9.370 -9.437
14.400 4.036 6.782 1.854 -1.094 -3.367 -4.248 -5.356 -5.257 -6.239 -6.375 -6.837 -7.367 -7.999 -8.389 -9.015 -9.353 -9.420
14.500 4.053 6.799 1.871 -1.076 -3.350 -4.231 -5.339 -5.240 -6.221 -6.357 -6.820 -7.349 -7.982 -8.372 -8.997 -9.335 -9.402
14.600 4.071 6.816 1.888 -1.059 -3.333 -4.214 -5.321 -5.222 -6.204 -6.340 -6.802 -7.332 -7.964 -8.355 -8.980 -9.318 -9.385
14.700 4.088 6.834 1.906 -1.042 -3.315 -4.196 -5.304 -5.205 -6.187 -6.323 -6.785 -7.315 -7.947 -8.337 -8.963 -9.300 -9.367
14.800 4.105 6.851 1.923 -1.025 -3.298 -4.179 -5.287 -5.188 -6.169 -6.306 -6.768 -7.298 -7.930 -8.320 -8.946 -9.283 -9.350
14.900 4.122 6.868 1.940 -1.008 -3.281 -4.162 -5.270 -5.171 -6.152 -6.289 -6.751 -7.281 -7.913 -8.303 -8.929 -9.266 -9.333
15.000 4.139 6.885 1.957 -0.991 -3.264 -4.145 -5.253 -5.154 -6.136 -6.272 -6.734 -7.264 -7.896 -8.286 -8.912 -9.250 -9.317
