# day W2 M2 W1 u B g V c r w o i z y J H K
0.000 -11.204 -10.997 -10.793 -9.931 -9.562 -9.384 -9.071 -9.196 -8.814 -8.999 -8.672 -8.390 -8.075 -7.832 -7.339 -6.703 -6.115
0.100 -15.679 -15.691 -15.621 -15.299 -15.084 -14.969 -14.763 -14.840 -14.580 -14.691 -14.476 -14.265 -14.017 -13.820 -13.414 -12.863 -12.339
0.200 -15.247 -15.440 -15.518 -15.627 -15.536 -15.471 -15.344 -15.389 -15.213 -15.277 -15.135 -14.970 -14.764 -14.595 -14.239 -13.737 -13.248
0.300 -14.481 -14.818 -15.054 -15.542 -15.575 -15.560 -15.509 -15.524 -15.431 -15.454 -15.379 -15.259 -15.095 -14.953 -14.645 -14.187 -13.732
0.400 -13.517 -13.964 -14.374 -15.221 -15.385 -15.425 -15.455 -15.441 -15.434 -15.420 -15.413 -15.340 -15.223 -15.111 -14.855 -14.445 -14.024
0.500 -12.344 -12.870 -13.480 -14.692 -15.005 -15.107 -15.228 -15.185 -15.274 -15.225 -15.289 -15.270 -15.206 -15.129 -14.935 -14.581 -14.199
0.600 -11.058 -11.606 -12.421 -13.980 -14.460 -14.633 -14.854 -14.783 -14.977 -14.900 -15.035 -15.077 -15.076 -15.041 -14.920 -14.631 -14.294
0.700 -9.925 -10.428 -11.349 -13.143 -13.789 -14.035 -14.362 -14.267 -14.568 -14.475 -14.678 -14.786 -14.857 -14.869 -14.832 -14.615 -14.325
0.800 -9.158 -9.636 -10.489 -12.293 -13.057 -13.368 -13.789 -13.679 -14.079 -13.986 -14.245 -14.420 -14.568 -14.633 -14.689 -14.551 -14.312
0.900 -8.649 -9.153 -9.922 -11.582 -12.365 -12.709 -13.193 -13.079 -13.554 -13.477 -13.774 -14.008 -14.234 -14.354 -14.507 -14.453 -14.268
1.000 -8.214 -8.752 -9.518 -11.080 -11.795 -12.133 -12.633 -12.526 -13.038 -12.987 -13.303 -13.582 -13.880 -14.051 -14.302 -14.333 -14.204
1.100 -7.775 -8.336 -9.156 -10.731 -11.369 -11.675 -12.149 -12.053 -12.562 -12.538 -12.856 -13.163 -13.518 -13.736 -14.080 -14.196 -14.123
1.200 -7.306 -7.877 -8.782 -10.443 -11.050 -11.326 -11.759 -11.671 -12.152 -12.145 -12.453 -12.769 -13.163 -13.420 -13.847 -14.045 -14.029
1.300 -6.803 -7.373 -8.379 -10.163 -10.789 -11.057 -11.465 -11.378 -11.830 -11.827 -12.122 -12.432 -12.842 -13.122 -13.611 -13.876 -13.908
1.400 -6.268 -6.820 -7.944 -9.870 -10.562 -10.854 -11.286 -11.192 -11.658 -11.646 -11.948 -12.254 -12.657 -12.932 -13.417 -13.683 -13.719
1.500 -5.702 -6.220 -7.473 -9.543 -10.314 -10.637 -11.104 -11.004 -11.496 -11.478 -11.790 -12.100 -12.498 -12.767 -13.241 -13.497 -13.528
1.600 -5.106 -5.571 -6.968 -9.180 -10.038 -10.395 -10.903 -10.796 -11.321 -11.299 -11.625 -11.942 -12.341 -12.607 -13.073 -13.321 -13.347
1.700 -4.489 -4.877 -6.434 -8.785 -9.736 -10.130 -10.684 -10.571 -11.132 -11.110 -11.450 -11.780 -12.184 -12.451 -12.911 -13.154 -13.176
1.800 -3.854 -4.138 -5.872 -8.359 -9.409 -9.844 -10.446 -10.328 -10.929 -10.910 -11.265 -11.610 -12.025 -12.295 -12.755 -12.994 -13.012
1.900 -3.209 -3.356 -5.290 -7.902 -9.060 -9.538 -10.193 -10.071 -10.714 -10.701 -11.072 -11.434 -11.864 -12.139 -12.603 -12.840 -12.856
2.000 -2.565 -2.540 -4.696 -7.423 -8.695 -9.219 -9.927 -9.803 -10.489 -10.485 -10.871 -11.253 -11.700 -11.983 -12.454 -12.693 -12.708
2.100 -1.928 -1.691 -4.097 -6.922 -8.316 -8.888 -9.652 -9.527 -10.257 -10.265 -10.665 -11.067 -11.534 -11.828 -12.309 -12.551 -12.567
2.200 -1.309 -0.815 -3.503 -6.408 -7.930 -8.550 -9.371 -9.247 -10.020 -10.042 -10.456 -10.878 -11.368 -11.672 -12.168 -12.416 -12.434
2.300 -0.718 0.079 -2.925 -5.889 -7.543 -8.213 -9.089 -8.967 -9.782 -9.821 -10.246 -10.688 -11.201 -11.518 -12.030 -12.287 -12.308
2.400 -0.169 0.974 -2.379 -5.379 -7.166 -7.884 -8.813 -8.693 -9.547 -9.604 -10.039 -10.500 -11.036 -11.366 -11.896 -12.163 -12.189
2.500 0.332 1.853 -1.875 -4.889 -6.805 -7.568 -8.546 -8.430 -9.319 -9.393 -9.836 -10.315 -10.874 -11.217 -11.765 -12.045 -12.076
2.600 0.776 2.686 -1.425 -4.433 -6.469 -7.271 -8.291 -8.180 -9.099 -9.191 -9.641 -10.136 -10.715 -11.071 -11.639 -11.932 -11.970
2.700 1.159 3.426 -1.035 -4.026 -6.163 -6.998 -8.054 -7.947 -8.892 -9.000 -9.455 -9.963 -10.562 -10.930 -11.517 -11.823 -11.871
2.800 1.480 4.029 -0.707 -3.676 -5.891 -6.752 -7.836 -7.733 -8.698 -8.820 -9.280 -9.799 -10.415 -10.794 -11.399 -11.720 -11.776
2.900 1.745 4.472 -0.438 -3.388 -5.655 -6.534 -7.639 -7.539 -8.519 -8.653 -9.115 -9.644 -10.274 -10.663 -11.286 -11.621 -11.686
3.000 1.866 4.612 -0.316 -3.264 -5.537 -6.418 -7.526 -7.427 -8.408 -8.545 -9.007 -9.536 -10.169 -10.559 -11.185 -11.522 -11.589
3.100 1.960 4.706 -0.222 -3.170 -5.443 -6.324 -7.432 -7.333 -8.314 -8.451 -8.913 -9.443 -10.075 -10.465 -11.091 -11.428 -11.495
3.200 2.049 4.795 -0.133 -3.081 -5.354 -6.235 -7.343 -7.244 -8.225 -8.362 -8.824 -9.354 -9.986 -10.376 -11.002 -11.339 -11.406
3.300 2.133 4.879 -0.049 -2.996 -5.270 -6.151 -7.259 -7.160 -8.141 -8.277 -8.740 -9.269 -9.902 -10.292 -10.917 -11.255 -11.322
3.400 2.214 4.959 0.031 -2.916 -5.190 -6.071 -7.178 -7.079 -8.061 -8.197 -8.659 -9.189 -9.821 -10.212 -10.837 -11.175 -11.242
3.500 2.290 5.036 0.108 -2.840 -5.113 -5.994 -7.102 -7.003 -7.984 -8.121 -8.583 -9.113 -9.745 -10.135 -10.761 -11.098 -11.165
3.600 2.363 5.109 0.181 -2.766 -5.040 -5.921 -7.029 -6.930 -7.911 -8.048 -8.510 -9.039 -9.672 -10.062 -10.688 -11.025 -11.092
3.700 2.433 5.179 0.251 -2.696 -4.970 -5.851 -6.959 -6.860 -7.841 -7.977 -8.440 -8.969 -9.602 -9.992 -10.618 -10.955 -11.022
3.800 2.501 5.246 0.318 -2.629 -4.903 -5.784 -6.891 -6.792 -7.774 -7.910 -8.372 -8.902 -9.534 -9.925 -10.550 -10.888 -10.955
3.900 2.566 5.311 0.383 -2.564 -4.838 -5.719 -6.827 -6.727 -7.709 -7.845 -8.308 -8.837 -9.469 -9.860 -10.485 -10.823 -10.890
4.000 2.628 5.374 0.446 -2.501 -4.775 -5.656 -6.764 -6.665 -7.646 -7.782 -8.245 -8.774 -9.407 -9.797 -10.423 -10.760 -10.827
4.100 2.689 5.434 0.506 -2.441 -4.715 -5.596 -6.703 -6.604 -7.586 -7.722 -8.184 -8.714 -9.346 -9.737 -10.362 -10.700 -10.767
4.200 2.747 5.493 0.565 -2.382 -4.656 -5.537 -6.645 -6.546 -7.527 -7.663 -8.126 -8.655 -9.288 -9.678 -10.304 -10.641 -10.708
4.300 2.804 5.550 0.622 -2.326 -4.599 -5.480 -6.588 -6.489 -7.470 -7.607 -8.069 -8.598 -9.231 -9.621 -10.247 -10.584 -10.651
4.400 2.859 5.605 0.677 -2.270 -4.544 -5.425 -6.533 -6.434 -7.415 -7.551 -8.014 -8.543 -9.176 -9.566 -10.191 -10.529 -10.596
4.500 2.913 5.659 0.731 -2.217 -4.490 -5.371 -6.479 -6.380 -7.361 -7.498 -7.960 -8.490 -9.122 -9.512 -10.138 -10.475 -10.542
4.600 2.965 5.711 0.783 -2.164 -4.438 -5.319 -6.427 -6.328 -7.309 -7.445 -7.908 -8.437 -9.070 -9.460 -10.086 -10.423 -10.490
4.700 3.016 5.762 0.834 -2.113 -4.387 -5.268 -6.376 -6.277 -7.258 -7.394 -7.857 -8.386 -9.019 -9.409 -10.034 -10.372 -10.439
4.800 3.066 5.812 0.884 -2.064 -4.337 -5.218 -6.326 -6.227 -7.209 -7.345 -7.807 -8.337 -8.969 -9.359 -9.985 -10.322 -10.389
4.900 3.115 5.860 0.932 -2.015 -4.289 -5.170 -6.278 -6.178 -7.160 -7.296 -7.759 -8.288 -8.921 -9.311 -9.936 -10.274 -10.341
5.000 3.162 5.908 0.980 -1.968 -4.241 -5.122 -6.230 -6.131 -7.113 -7.249 -7.711 -8.241 -8.873 -9.263 -9.889 -10.227 -10.294
5.100 3.208 5.954 1.026 -1.921 -4.195 -5.076 -6.184 -6.085 -7.066 -7.203 -7.665 -8.194 -8.827 -9.217 -9.843 -10.180 -10.247
5.200 3.254 5.999 1.071 -1.876 -4.150 -5.031 -6.139 -6.039 -7.021 -7.157 -7.620 -8.149 -8.782 -9.172 -9.797 -10.135 -10.202
5.300 3.298 6.044 1.116 -1.832 -4.105 -4.986 -6.094 -5.995 -6.977 -7.113 -7.575 -8.105 -8.737 -9.127 -9.753 -10.091 -10.158
5.400 3.341 6.087 1.159 -1.788 -4.062 -4.943 -6.051 -5.952 -6.933 -7.069 -7.532 -8.061 -8.694 -9.084 -9.710 -10.047 -10.114
5.500 3.384 6.130 1.202 -1.746 -4.019 -4.900 -6.008 -5.909 -6.891 -7.027 -7.489 -8.019 -8.651 -9.041 -9.667 -10.005 -10.072
5.600 3.426 6.171 1.243 -1.704 -3.978 -4.859 -5.966 -5.867 -6.849 -6.985 -7.447 -7.977 -8.609 -9.000 -9.625 -9.963 -10.030
5.700 3.467 6.212 1.284 -1.663 -3.937 -4.818 -5.926 -5.826 -6.808 -6.944 -7.407 -7.936 -8.568 -8.959 -9.584 -9.922 -9.989
5.800 3.507 6.252 1.325 -1.623 -3.896 -4.777 -5.885 -5.786 -6.768 -6.904 -7.366 -7.896 -8.528 -8.918 -9.544 -9.882 -9.949
5.900 3.546 6.292 1.364 -1.583 -3.857 -4.738 -5.846 -5.747 -6.728 -6.864 -7.327 -7.856 -8.489 -8.879 -9.505 -9.842 -9.909
6.000 3.585 6.331 1.403 -1.545 -3.818 -4.699 -5.807 -5.708 -6.690 -6.826 -7.288 -7.818 -8.450 -8.840 -9.466 -9.803 -9.870
6.100 3.623 6.369 1.441 -1.507 -3.780 -4.661 -5.769 -5.670 -6.651 -6.788 -7.250 -7.780 -8.412 -8.802 -9.428 -9.765 -9.832
6.200 3.661 6.406 1.478 -1.469 -3.743 -4.624 -5.732 -5.632 -6.614 -6.750 -7.213 -7.742 -8.375 -8.765 -9.390 -9.728 -9.795
6.300 3.697 6.443 1.515 -1.432 -3.706 -4.587 -5.695 -5.596 -6.577 -6.713 -7.176 -7.705 -8.338 -8.728 -9.354 -9.691 -9.758
6.400 3.734 6.479 1.551 -1.396 -3.670 -4.551 -5.659 -5.559 -6.541 -6.677 -7.140 -7.669 -8.302 -8.692 -9.317 -9.655 -9.722
6.500 3.769 6.515 1.587 -1.361 -3.634 -4.515 -5.623 -5.524 -6.506 -6.642 -7.104 -7.634 -8.266 -8.656 -9.282 -9.619 -9.686
6.600 3.804 6.550 1.622 -1.326 -3.599 -4.480 -5.588 -5.489 -6.470 -6.607 -7.069 -7.599 -8.231 -8.621 -9.247 -9.584 -9.651
6.700 3.839 6.584 1.656 -1.291 -3.565 -4.446 -5.554 -5.454 -6.436 -6.572 -7.035 -7.564 -8.196 -8.587 -9.212 -9.550 -9.617
6.800 3.873 6.618 1.690 -1.257 -3.531 -4.412 -5.520 -5.420 -6.402 -6.538 -7.001 -7.530 -8.163 -8.553 -9.178 -9.516 -9.583
6.900 3.906 6.652 1.724 -1.224 -3.497 -4.378 -5.486 -5.387 -6.369 -6.505 -6.967 -7.497 -8.129 -8.519 -9.145 -9.483 -9.550
7.000 3.939 6.684 1.756 -1.191 -3.465 -4.346 -5.453 -5.354 -6.336 -6.472 -6.934 -7.464 -8.096 -8.487 -9.112 -9.450 -9.517
7.100 3.971 6.717 1.789 -1.158 -3.432 -4.313 -5.421 -5.322 -6.303 -6.440 -6.902 -7.431 -8.064 -8.454 -9.080 -9.417 -9.484
7.200 4.003 6.749 1.821 -1.127 -3.400 -4.281 -5.389 -5.290 -6.271 -6.408 -6.870 -7.399 -8.032 -8.422 -9.048 -9.385 -9.452
7.300 4.035 6.780 1.852 -1.095 -3.369 -4.250 -5.358 -5.258 -6.240 -6.376 -6.839 -7.368 -8.000 -8.391 -9.016 -9.354 -9.421
7.400 4.066 6.811 1.883 -1.064 -3.338 -4.219 -5.327 -5.227 -6.209 -6.345 -6.808 -7.337 -7.969 -8.360 -8.985 -9.323 -9.390
7.500 4.096 6.842 1.914 -1.033 -3.307 -4.188 -5.296 -5.197 -6.178 -6.314 -6.777 -7.306 -7.939 -8.329 -8.955 -9.292 -9.359
7.600 4.127 6.872 1.944 -1.003 -3.277 -4.158 -5.266 -5.166 -6.148 -6.284 -6.747 -7.276 -7.909 -8.299 -8.924 -9.262 -9.329
7.700 4.156 6.902 1.974 -0.973 -3.247 -4.128 -5.236 -5.137 -6.118 -6.255 -6.717 -7.246 -7.879 -8.269 -8.895 -9.232 -9.299
7.800 4.186 6.931 2.003 -0.944 -3.218 -4.099 -5.207 -5.107 -6.089 -6.225 -6.688 -7.217 -7.849 -8.240 -8.865 -9.203 -9.270
7.900 4.215 6.960 2.032 -0.915 -3.189 -4.070 -5.178 -5.078 -6.060 -6.196 -6.659 -7.188 -7.820 -8.211 -8.836 -9.174 -9.241
8.000 4.243 6.989 2.061 -0.887 -3.160 -4.041 -5.149 -5.050 -6.031 -6.168 -6.630 -7.159 -7.792 -8.182 -8.808 -9.145 -9.212
8.100 4.271 7.017 2.089 -0.858 -3.132 -4.013 -5.121 -5.022 -6.003 -6.139 -6.602 -7.131 -7.764 -8.154 -8.779 -9.117 -9.184
8.200 4.299 7.045 2.117 -0.830 -3.104 -3.985 -5.093 -4.994 -5.975 -6.111 -6.574 -7.103 -7.736 -8.126 -8.752 -9.089 -9.156
8.300 4.327 7.072 2.144 -0.803 -3.077 -3.958 -5.065 -4.966 -5.948 -6.084 -6.546 -7.076 -7.708 -8.099 -8.724 -9.062 -9.129
8.400 4.354 7.100 2.172 -0.776 -3.049 -3.930 -5.038 -4.939 -5.921 -6.057 -6.519 -7.049 -7.681 -8.071 -8.697 -9.035 -9.102
8.500 4.381 7.126 2.198 -0.749 -3.023 -3.904 -5.011 -4.912 -5.894 -6.030 -6.492 -7.022 -7.654 -8.045 -8.670 -9.008 -9.075
8.600 4.407 7.153 2.225 -0.722 -2.996 -3.877 -4.985 -4.886 -5.867 -6.003 -6.466 -6.995 -7.628 -8.018 -8.644 -8.981 -9.048
8.700 4.433 7.179 2.251 -0.696 -2.970 -3.851 -4.959 -4.859 -5.841 -5.977 -6.440 -6.969 -7.602 -7.992 -8.617 -8.955 -9.022
8.800 4.459 7.205 2.277 -0.670 -2.944 -3.825 -4.933 -4.834 -5.815 -5.951 -6.414 -6.943 -7.576 -7.966 -8.592 -8.929 -8.996
8.900 4.485 7.230 2.303 -0.645 -2.918 -3.799 -4.907 -4.808 -5.790 -5.926 -6.388 -6.918 -7.550 -7.940 -8.566 -8.904 -8.971
9.000 4.510 7.256 2.328 -0.620 -2.893 -3.774 -4.882 -4.783 -5.764 -5.901 -6.363 -6.893 -7.525 -7.915 -8.541 -8.878 -8.945
9.100 4.535 7.281 2.353 -0.595 -2.868 -3.749 -4.857 -4.758 -5.739 -5.876 -6.338 -6.868 -7.500 -7.890 -8.516 -8.853 -8.920
9.200 4.560 7.305 2.377 -0.570 -2.844 -3.725 -4.832 -4.733 -5.715 -5.851 -6.313 -6.843 -7.475 -7.866 -8.491 -8.829 -8.896
9.300 4.584 7.330 2.402 -0.546 -2.819 -3.700 -4.808 -4.709 -5.690 -5.827 -6.289 -6.818 -7.451 -7.841 -8.467 -8.804 -8.871
9.400 4.608 7.354 2.426 -0.521 -2.795 -3.676 -4.784 -4.685 -5.666 -5.802 -6.265 -6.794 -7.427 -7.817 -8.443 -8.780 -8.847
9.500 4.632 7.378 2.450 -0.498 -2.771 -3.652 -4.760 -4.661 -5.642 -5.779 -6.241 -6.771 -7.403 -7.793 -8.419 -8.756 -8.823
9.600 4.656 7.401 2.473 -0.474 -2.748 -3.629 -4.736 -4.637 -5.619 -5.755 -6.217 -6.747 -7.379 -7.770 -8.395 -8.733 -8.800
9.700 4.679 7.425 2.497 -0.451 -2.724 -3.605 -4.713 -4.614 -5.596 -5.732 -6.194 -6.724 -7.356 -7.746 -8.372 -8.709 -8.776
9.800 4.702 7.448 2.520 -0.428 -2.701 -3.582 -4.690 -4.591 -5.572 -5.709 -6.171 -6.701 -7.333 -7.723 -8.349 -8.686 -8.753
9.900 4.725 7.471 2.543 -0.405 -2.678 -3.559 -4.667 -4.568 -5.550 -5.686 -6.148 -6.678 -7.310 -7.700 -8.326 -8.664 -8.731
10.000 4.748 7.493 2.565 -0.382 -2.656 -3.537 -4.645 -4.545 -5.527 -5.663 -6.126 -6.655 -7.288 -7.678 -8.303 -8.641 -8.708
10.100 4.770 7.515 2.588 -0.360 -2.633 -3.514 -4.622 -4.523 -5.505 -5.641 -6.103 -6.633 -7.265 -7.655 -8.281 -8.619 -8.686
10.200 4.792 7.538 2.610 -0.338 -2.611 -3.492 -4.600 -4.501 -5.483 -5.619 -6.081 -6.611 -7.243 -7.633 -8.259 -8.596 -8.663
10.300 4.814 7.559 2.632 -0.316 -2.589 -3.470 -4.578 -4.479 -5.461 -5.597 -6.059 -6.589 -7.221 -7.611 -8.237 -8.575 -8.642
10.400 4.836 7.581 2.653 -0.294 -2.568 -3.449 -4.557 -4.457 -5.439 -5.575 -6.038 -6.567 -7.199 -7.590 -8.215 -8.553 -8.620
10.500 4.857 7.603 2.675 -0.273 -2.546 -3.427 -4.535 -4.436 -5.418 -5.554 -6.016 -6.546 -7.178 -7.568 -8.194 -8.531 -8.599
10.600 4.878 7.624 2.696 -0.251 -2.525 -3.406 -4.514 -4.415 -5.396 -5.533 -5.995 -6.524 -7.157 -7.547 -8.173 -8.510 -8.577
10.700 4.899 7.645 2.717 -0.230 -2.504 -3.385 -4.493 -4.394 -5.375 -5.512 -5.974 -6.503 -7.136 -7.526 -8.152 -8.489 -8.556
10.800 4.920 7.666 2.738 -0.210 -2.483 -3.364 -4.472 -4.373 -5.355 -5.491 -5.953 -6.483 -7.115 -7.505 -8.131 -8.468 -8.535
10.900 4.941 7.686 2.758 -0.189 -2.463 -3.344 -4.452 -4.352 -5.334 -5.470 -5.933 -6.462 -7.094 -7.485 -8.110 -8.448 -8.515
11.000 4.961 7.707 2.779 -0.169 -2.442 -3.323 -4.431 -4.332 -5.314 -5.450 -5.912 -6.442 -7.074 -7.464 -8.090 -8.427 -8.494
11.100 4.981 7.727 2.799 -0.148 -2.422 -3.303 -4.411 -4.312 -5.293 -5.430 -5.892 -6.421 -7.054 -7.444 -8.070 -8.407 -8.474
11.200 5.001 7.747 2.819 -0.128 -2.402 -3.283 -4.391 -4.292 -5.273 -5.410 -5.872 -6.401 -7.034 -7.424 -8.050 -8.387 -8.454
11.300 5.021 7.767 2.839 -0.109 -2.382 -3.263 -4.371 -4.272 -5.254 -5.390 -5.852 -6.382 -7.014 -7.404 -8.030 -8.367 -8.434
11.400 5.041 7.786 2.858 -0.089 -2.363 -3.244 -4.351 -4.252 -5.234 -5.370 -5.832 -6.362 -6.994 -7.385 -8.010 -8.348 -8.415
11.500 5.060 7.806 2.878 -0.070 -2.343 -3.224 -4.332 -4.233 -5.214 -5.351 -5.813 -6.342 -6.975 -7.365 -7.991 -8.328 -8.395
11.600 5.079 7.825 2.897 -0.050 -2.324 -3.205 -4.313 -4.213 -5.195 -5.331 -5.794 -6.323 -6.956 -7.346 -7.971 -8.309 -8.376
11.700 5.099 7.844 2.916 -0.031 -2.305 -3.186 -4.294 -4.194 -5.176 -5.312 -5.775 -6.304 -6.936 -7.327 -7.952 -8.290 -8.357
11.800 5.118 7.863 2.935 -0.012 -2.286 -3.167 -4.275 -4.175 -5.157 -5.293 -5.756 -6.285 -6.918 -7.308 -7.933 -8.271 -8.338
11.900 5.136 7.882 2.954 0.007 -2.267 -3.148 -4.256 -4.157 -5.138 -5.275 -5.737 -6.266 -6.899 -7.289 -7.915 -8.252 -8.319
12.000 5.155 7.900 2.972 0.025 -2.249 -3.130 -4.237 -4.138 -5.120 -5.256 -5.718 -6.248 -6.880 -7.271 -7.896 -8.234 -8.301
12.100 5.173 7.919 2.991 0.044 -2.230 -3.111 -4.219 -4.120 -5.101 -5.238 -5.700 -6.229 -6.862 -7.252 -7.878 -8.215 -8.282
12.200 5.192 7.937 3.009 0.062 -2.212 -3.093 -4.201 -4.101 -5.083 -5.219 -5.682 -6.211 -6.844 -7.234 -7.859 -8.197 -8.264
12.300 5.210 7.955 3.027 0.080 -2.194 -3.075 -4.183 -4.083 -5.065 -5.201 -5.664 -6.193 -6.825 -7.216 -7.841 -8.179 -8.246
12.400 5.228 7.973 3.045 0.098 -2.176 -3.057 -4.165 -4.065 -5.047 -5.183 -5.646 -6.175 -6.807 -7.198 -7.823 -8.161 -8.228
12.500 5.245 7.991 3.063 0.116 -2.158 -3.039 -4.147 -4.048 -5.029 -5.165 -5.628 -6.157 -6.790 -7.180 -7.806 -8.143 -8.210
12.600 5.263 8.009 3.081 0.133 -2.140 -3.021 -4.129 -4.030 -5.012 -5.148 -5.610 -6.140 -6.772 -7.162 -7.788 -8.125 -8.193
12.700 5.281 8.026 3.098 0.151 -2.123 -3.004 -4.112 -4.012 -4.994 -5.130 -5.593 -6.122 -6.755 -7.145 -7.770 -8.108 -8.175
12.800 5.298 8.043 3.115 0.168 -2.106 -2.987 -4.094 -3.995 -4.977 -5.113 -5.575 -6.105 -6.737 -7.128 -7.753 -8.091 -8.158
12.900 5.315 8.061 3.133 0.185 -2.088 -2.969 -4.077 -3.978 -4.960 -5.096 -5.558 -6.088 -6.720 -7.110 -7.736 -8.073 -8.140
13.000 5.332 8.078 3.150 0.202 -2.071 -2.952 -4.060 -3.961 -4.943 -5.079 -5.541 -6.071 -6.703 -7.093 -7.719 -8.056 -8.123
13.100 5.349 8.095 3.167 0.219 -2.054 -2.935 -4.043 -3.944 -4.926 -5.062 -5.524 -6.054 -6.686 -7.076 -7.702 -8.039 -8.106
13.200 5.366 8.111 3.183 0.236 -2.038 -2.919 -4.026 -3.927 -4.909 -5.045 -5.507 -6.037 -6.669 -7.060 -7.685 -8.023 -8.090
13.300 5.382 8.128 3.200 0.253 -2.021 -2.902 -4.010 -3.911 -4.892 -5.028 -5.491 -6.020 -6.653 -7.043 -7.668 -8.006 -8.073
13.400 5.399 8.145 3.217 0.269 -2.004 -2.885 -3.993 -3.894 -4.876 -5.012 -5.474 -6.004 -6.636 -7.026 -7.652 -7.990 -8.057
13.500 5.415 8.161 3.233 0.286 -1.988 -2.869 -3.977 -3.878 -4.859 -4.995 -5.458 -5.987 -6.620 -7.010 -7.636 -7.973 -8.040
13.600 5.432 8.177 3.249 0.302 -1.972 -2.853 -3.961 -3.861 -4.843 -4.979 -5.442 -5.971 -6.603 -6.994 -7.619 -7.957 -8.024
13.700 5.448 8.193 3.265 0.318 -1.956 -2.837 -3.945 -3.845 -4.827 -4.963 -5.426 -5.955 -6.587 -6.978 -7.603 -7.941 -8.008
13.800 5.464 8.209 3.281 0.334 -1.940 -2.821 -3.929 -3.829 -4.811 -4.947 -5.410 -5.939 -6.571 -6.962 -7.587 -7.925 -7.992
13.900 5.480 8.225 3.297 0.350 -1.924 -2.805 -3.913 -3.813 -4.795 -4.931 -5.394 -5.923 -6.555 -6.946 -7.571 -7.909 -7.976
14.000 5.495 8.241 3.313 0.366 -1.908 -2.789 -3.897 -3.798 -4.779 -4.915 -5.378 -5.907 -6.540 -6.930 -7.556 -7.893 -7.960
14.100 5.511 8.257 3.329 0.381 -1.892 -2.773 -3.881 -3.782 -4.764 -4.900 -5.362 -5.892 -6.524 -6.914 -7.540 -7.877 -7.945
14.200 5.527 8.272 3.344 0.397 -1.877 -2.758 -3.866 -3.766 -4.748 -4.884 -5.347 -5.876 -6.509 -6.899 -7.524 -7.862 -7.929
14.300 5.542 8.287 3.360 0.412 -1.861 -2.742 -3.850 -3.751 -4.733 -4.869 -5.331 -5.861 -6.493 -6.883 -7.509 -7.847 -7.914
14.400 5.557 8.303 3.375 0.427 -1.846 -2.727 -3.835 -3.736 -4.717 -4.854 -5.316 -5.845 -6.478 -6.868 -7.494 -7.831 -7.898
14.500 5.572 8.318 3.390 0.443 -1.831 -2.712 -3.820 -3.721 -4.702 -4.838 -5.301 -5.830 -6.463 -6.853 -7.479 -7.816 -7.883
14.600 5.587 8.333 3.405 0.458 -1.816 -2.697 -3.805 -3.706 -4.687 -4.823 -5.286 -5.815 -6.448 -6.838 -7.464 -7.801 -7.868
14.700 5.602 8.348 3.420 0.473 -1.801 -2.682 -3.790 -3.691 -4.672 -4.808 -5.271 -5.800 -6.433 -6.823 -7.449 -7.786 -7.853
14.800 5.617 8.363 3.435 0.487 -1.786 -2.667 -3.775 -3.676 -4.657 -4.794 -5.256 -5.785 -6.418 -6.808 -7.434 -7.771 -7.838
14.900 5.632 8.378 3.450 0.502 -1.771 -2.652 -3.760 -3.661 -4.643 -4.779 -5.241 -5.771 -6.403 -6.793 -7.419 -7.757 -7.824
15.000 5.647 8.392 3.464 0.517 -1.757 -2.638 -3.746 -3.646 -4.628 -4.764 -5.227 -5.756 -6.388 -6.779 -7.404 -7.742 -7.809
