# day W2 M2 W1 u B g V c r w o i z y J H K
0.000 -8.095 -7.971 -7.811 -7.155 -6.842 -6.687 -6.414 -6.521 -6.183 -6.340 -6.055 -5.798 -5.505 -5.277 -4.811 -4.200 -3.630
0.100 -12.253 -12.531 -12.711 -13.101 -13.130 -13.119 -13.079 -13.091 -13.015 -13.032 -12.972 -12.867 -12.719 -12.587 -12.292 -11.838 -11.377
0.200 -12.022 -12.429 -12.776 -13.520 -13.671 -13.711 -13.749 -13.734 -13.743 -13.727 -13.733 -13.679 -13.584 -13.489 -13.260 -12.867 -12.450
0.300 -11.419 -11.916 -12.435 -13.494 -13.761 -13.849 -13.957 -13.920 -14.003 -13.961 -14.023 -14.012 -13.963 -13.899 -13.728 -13.389 -13.011
0.400 -10.475 -11.033 -11.759 -13.156 -13.560 -13.706 -13.895 -13.834 -14.001 -13.936 -14.055 -14.093 -14.096 -14.066 -13.959 -13.679 -13.341
0.500 -9.212 -9.781 -10.761 -12.520 -13.096 -13.312 -13.600 -13.515 -13.782 -13.698 -13.882 -13.978 -14.045 -14.058 -14.028 -13.817 -13.528
0.600 -7.808 -8.312 -9.542 -11.624 -12.394 -12.694 -13.096 -12.989 -13.369 -13.278 -13.527 -13.692 -13.837 -13.903 -13.967 -13.841 -13.609
0.700 -6.708 -7.163 -8.430 -10.630 -11.561 -11.939 -12.449 -12.329 -12.818 -12.737 -13.041 -13.278 -13.510 -13.636 -13.809 -13.780 -13.615
0.800 -6.113 -6.613 -7.756 -9.824 -10.780 -11.194 -11.769 -11.649 -12.213 -12.159 -12.497 -12.794 -13.111 -13.298 -13.585 -13.661 -13.569
0.900 -5.766 -6.301 -7.412 -9.376 -10.248 -10.646 -11.225 -11.113 -11.703 -11.679 -12.029 -12.365 -12.746 -12.980 -13.352 -13.496 -13.445
1.000 -5.482 -6.020 -7.175 -9.150 -9.949 -10.310 -10.850 -10.746 -11.315 -11.309 -11.652 -11.999 -12.417 -12.683 -13.121 -13.324 -13.311
1.100 -5.204 -5.729 -6.954 -8.996 -9.774 -10.109 -10.605 -10.505 -11.034 -11.030 -11.358 -11.694 -12.122 -12.406 -12.893 -13.149 -13.176
1.200 -4.918 -5.416 -6.728 -8.857 -9.668 -10.009 -10.501 -10.398 -10.914 -10.899 -11.221 -11.542 -11.952 -12.226 -12.706 -12.965 -12.997
1.300 -4.619 -5.081 -6.485 -8.704 -9.562 -9.917 -10.421 -10.314 -10.832 -10.807 -11.129 -11.441 -11.831 -12.092 -12.548 -12.791 -12.815
1.400 -4.306 -4.723 -6.225 -8.530 -9.439 -9.812 -10.333 -10.221 -10.748 -10.716 -11.041 -11.348 -11.725 -11.974 -12.410 -12.637 -12.652
1.500 -3.975 -4.337 -5.943 -8.335 -9.299 -9.691 -10.233 -10.118 -10.659 -10.621 -10.952 -11.258 -11.626 -11.867 -12.286 -12.499 -12.505
1.600 -3.629 -3.924 -5.643 -8.119 -9.141 -9.555 -10.122 -10.003 -10.562 -10.522 -10.860 -11.170 -11.535 -11.771 -12.177 -12.377 -12.376
1.700 -3.268 -3.483 -5.323 -7.881 -8.965 -9.403 -9.998 -9.876 -10.457 -10.416 -10.762 -11.080 -11.447 -11.681 -12.078 -12.269 -12.261
1.800 -2.892 -3.013 -4.985 -7.622 -8.772 -9.236 -9.861 -9.736 -10.341 -10.302 -10.658 -10.985 -11.358 -11.593 -11.988 -12.172 -12.159
1.900 -2.503 -2.513 -4.629 -7.341 -8.561 -9.053 -9.711 -9.583 -10.216 -10.180 -10.547 -10.885 -11.269 -11.508 -11.904 -12.085 -12.067
2.000 -2.105 -1.988 -4.259 -7.040 -8.334 -8.855 -9.548 -9.419 -10.080 -10.051 -10.428 -10.780 -11.177 -11.422 -11.823 -12.004 -11.985
2.100 -1.697 -1.431 -3.872 -6.717 -8.090 -8.643 -9.372 -9.242 -9.934 -9.912 -10.300 -10.667 -11.080 -11.333 -11.744 -11.928 -11.908
2.200 -1.282 -0.846 -3.475 -6.376 -7.832 -8.417 -9.185 -9.055 -9.777 -9.766 -10.164 -10.548 -10.978 -11.242 -11.665 -11.856 -11.838
2.300 -0.864 -0.235 -3.069 -6.017 -7.561 -8.179 -8.987 -8.858 -9.612 -9.613 -10.020 -10.421 -10.872 -11.147 -11.586 -11.785 -11.771
2.400 -0.449 0.395 -2.661 -5.645 -7.280 -7.933 -8.781 -8.654 -9.440 -9.454 -9.871 -10.289 -10.762 -11.049 -11.506 -11.716 -11.707
2.500 -0.038 1.046 -2.252 -5.262 -6.991 -7.679 -8.568 -8.443 -9.261 -9.291 -9.716 -10.152 -10.647 -10.948 -11.425 -11.648 -11.645
2.600 0.366 1.712 -1.847 -4.871 -6.697 -7.421 -8.350 -8.228 -9.077 -9.123 -9.557 -10.010 -10.527 -10.842 -11.341 -11.579 -11.585
2.700 0.754 2.380 -1.454 -4.481 -6.403 -7.162 -8.131 -8.012 -8.892 -8.954 -9.395 -9.865 -10.405 -10.735 -11.257 -11.511 -11.526
2.800 1.124 3.041 -1.078 -4.096 -6.114 -6.906 -7.912 -7.798 -8.705 -8.785 -9.233 -9.718 -10.281 -10.625 -11.170 -11.443 -11.467
2.900 1.470 3.672 -0.726 -3.728 -5.834 -6.657 -7.698 -7.588 -8.520 -8.618 -9.071 -9.571 -10.156 -10.514 -11.083 -11.374 -11.410
3.000 1.788 4.252 -0.402 -3.382 -5.567 -6.417 -7.489 -7.384 -8.339 -8.453 -8.911 -9.424 -10.030 -10.402 -10.995 -11.305 -11.353
3.100 2.074 4.751 -0.110 -3.067 -5.318 -6.191 -7.289 -7.188 -8.163 -8.293 -8.754 -9.279 -9.904 -10.290 -10.906 -11.235 -11.297
3.200 2.226 4.972 0.044 -2.903 -5.177 -6.058 -7.166 -7.067 -8.048 -8.184 -8.647 -9.176 -9.809 -10.199 -10.825 -11.162 -11.229
3.300 2.300 5.046 0.118 -2.829 -5.103 -5.984 -7.092 -6.993 -7.974 -8.110 -8.573 -9.102 -9.735 -10.125 -10.751 -11.088 -11.155
3.400 2.372 5.118 0.190 -2.757 -5.031 -5.912 -7.020 -6.921 -7.902 -8.038 -8.501 -9.030 -9.663 -10.053 -10.679 -11.016 -11.083
3.500 2.442 5.187 0.259 -2.688 -4.962 -5.843 -6.950 -6.851 -7.833 -7.969 -8.431 -8.961 -9.593 -9.984 -10.609 -10.947 -11.014
3.600 2.509 5.255 0.327 -2.621 -4.894 -5.775 -6.883 -6.784 -7.766 -7.902 -8.364 -8.894 -9.526 -9.916 -10.542 -10.879 -10.946
3.700 2.574 5.320 0.392 -2.556 -4.829 -5.710 -6.818 -6.719 -7.700 -7.837 -8.299 -8.828 -9.461 -9.851 -10.477 -10.814 -10.881
3.800 2.637 5.383 0.455 -2.493 -4.766 -5.647 -6.755 -6.656 -7.637 -7.774 -8.236 -8.765 -9.398 -9.788 -10.414 -10.751 -10.818
3.900 2.698 5.444 0.516 -2.432 -4.705 -5.586 -6.694 -6.595 -7.576 -7.713 -8.175 -8.705 -9.337 -9.727 -10.353 -10.690 -10.757
4.000 2.757 5.503 0.575 -2.372 -4.646 -5.527 -6.635 -6.536 -7.517 -7.654 -8.116 -8.645 -9.278 -9.668 -10.294 -10.631 -10.698
4.100 2.814 5.560 0.632 -2.315 -4.589 -5.470 -6.578 -6.479 -7.460 -7.596 -8.059 -8.588 -9.221 -9.611 -10.237 -10.574 -10.641
4.200 2.870 5.615 0.687 -2.260 -4.534 -5.415 -6.522 -6.423 -7.405 -7.541 -8.003 -8.533 -9.165 -9.556 -10.181 -10.519 -10.586
4.300 2.924 5.669 0.741 -2.206 -4.480 -5.361 -6.469 -6.369 -7.351 -7.487 -7.950 -8.479 -9.111 -9.502 -10.127 -10.465 -10.532
4.400 2.976 5.722 0.794 -2.154 -4.427 -5.308 -6.416 -6.317 -7.299 -7.435 -7.897 -8.427 -9.059 -9.449 -10.075 -10.413 -10.480
4.500 3.027 5.772 0.844 -2.103 -4.376 -5.257 -6.365 -6.266 -7.248 -7.384 -7.846 -8.376 -9.008 -9.398 -10.024 -10.362 -10.429
4.600 3.076 5.822 0.894 -2.053 -4.327 -5.208 -6.316 -6.217 -7.198 -7.334 -7.797 -8.326 -8.959 -9.349 -9.974 -10.312 -10.379
4.700 3.125 5.870 0.942 -2.005 -4.279 -5.160 -6.267 -6.168 -7.150 -7.286 -7.748 -8.278 -8.910 -9.301 -9.926 -10.264 -10.331
4.800 3.172 5.917 0.990 -1.958 -4.231 -5.112 -6.220 -6.121 -7.103 -7.239 -7.701 -8.231 -8.863 -9.253 -9.879 -10.217 -10.284
4.900 3.218 5.964 1.036 -1.912 -4.185 -5.066 -6.174 -6.075 -7.057 -7.193 -7.655 -8.185 -8.817 -9.207 -9.833 -10.171 -10.238
5.000 3.263 6.009 1.081 -1.867 -4.140 -5.021 -6.129 -6.030 -7.012 -7.148 -7.610 -8.140 -8.772 -9.162 -9.788 -10.126 -10.193
5.100 3.307 6.053 1.125 -1.823 -4.096 -4.977 -6.085 -5.986 -6.968 -7.104 -7.566 -8.096 -8.728 -9.118 -9.744 -10.082 -10.149
5.200 3.350 6.096 1.168 -1.780 -4.053 -4.934 -6.042 -5.943 -6.925 -7.061 -7.523 -8.053 -8.685 -9.075 -9.701 -10.038 -10.105
5.300 3.392 6.138 1.210 -1.738 -4.011 -4.892 -6.000 -5.901 -6.882 -7.019 -7.481 -8.010 -8.643 -9.033 -9.659 -9.996 -10.063
5.400 3.434 6.179 1.251 -1.696 -3.970 -4.851 -5.959 -5.859 -6.841 -6.977 -7.440 -7.969 -8.601 -8.992 -9.617 -9.955 -10.022
5.500 3.474 6.220 1.292 -1.656 -3.929 -4.810 -5.918 -5.819 -6.800 -6.937 -7.399 -7.929 -8.561 -8.951 -9.577 -9.914 -9.981
5.600 3.514 6.260 1.332 -1.616 -3.889 -4.770 -5.878 -5.779 -6.761 -6.897 -7.359 -7.889 -8.521 -8.911 -9.537 -9.875 -9.942
5.700 3.553 6.299 1.371 -1.577 -3.850 -4.731 -5.839 -5.740 -6.722 -6.858 -7.320 -7.850 -8.482 -8.872 -9.498 -9.836 -9.903
5.800 3.591 6.337 1.409 -1.538 -3.812 -4.693 -5.801 -5.702 -6.683 -6.820 -7.282 -7.811 -8.444 -8.834 -9.460 -9.797 -9.864
5.900 3.629 6.374 1.447 -1.501 -3.774 -4.655 -5.763 -5.664 -6.646 -6.782 -7.244 -7.774 -8.406 -8.796 -9.422 -9.760 -9.827
6.000 3.666 6.411 1.483 -1.464 -3.737 -4.618 -5.726 -5.627 -6.609 -6.745 -7.207 -7.737 -8.369 -8.759 -9.385 -9.723 -9.790
6.100 3.702 6.448 1.520 -1.428 -3.701 -4.582 -5.690 -5.591 -6.572 -6.709 -7.171 -7.700 -8.333 -8.723 -9.349 -9.686 -9.753
6.200 3.738 6.483 1.556 -1.392 -3.665 -4.546 -5.654 -5.555 -6.537 -6.673 -7.135 -7.665 -8.297 -8.687 -9.313 -9.651 -9.718
6.300 3.773 6.519 1.591 -1.357 -3.630 -4.511 -5.619 -5.520 -6.502 -6.638 -7.100 -7.630 -8.262 -8.652 -9.278 -9.615 -9.682
6.400 3.808 6.553 1.625 -1.322 -3.596 -4.477 -5.585 -5.485 -6.467 -6.603 -7.066 -7.595 -8.228 -8.618 -9.243 -9.581 -9.648
6.500 3.842 6.587 1.659 -1.288 -3.562 -4.443 -5.551 -5.451 -6.433 -6.569 -7.032 -7.561 -8.194 -8.584 -9.209 -9.547 -9.614
6.600 3.875 6.621 1.693 -1.255 -3.528 -4.409 -5.517 -5.418 -6.400 -6.536 -6.998 -7.528 -8.160 -8.550 -9.176 -9.514 -9.581
6.700 3.908 6.653 1.726 -1.222 -3.495 -4.376 -5.484 -5.385 -6.367 -6.503 -6.965 -7.495 -8.127 -8.517 -9.143 -9.481 -9.548
6.800 3.940 6.686 1.758 -1.189 -3.463 -4.344 -5.452 -5.353 -6.334 -6.471 -6.933 -7.462 -8.095 -8.485 -9.111 -9.448 -9.515
6.900 3.972 6.718 1.790 -1.158 -3.431 -4.312 -5.420 -5.321 -6.302 -6.439 -6.901 -7.431 -8.063 -8.453 -9.079 -9.416 -9.483
7.000 4.004 6.749 1.821 -1.126 -3.400 -4.281 -5.389 -5.289 -6.271 -6.407 -6.870 -7.399 -8.032 -8.422 -9.047 -9.385 -9.452
7.100 4.035 6.780 1.852 -1.095 -3.369 -4.250 -5.358 -5.258 -6.240 -6.376 -6.839 -7.368 -8.001 -8.391 -9.016 -9.354 -9.421
7.200 4.065 6.811 1.883 -1.065 -3.338 -4.219 -5.327 -5.228 -6.210 -6.346 -6.808 -7.338 -7.970 -8.360 -8.986 -9.323 -9.391
7.300 4.095 6.841 1.913 -1.035 -3.308 -4.189 -5.297 -5.198 -6.180 -6.316 -6.778 -7.308 -7.940 -8.330 -8.956 -9.293 -9.360
7.400 4.125 6.870 1.942 -1.005 -3.279 -4.160 -5.268 -5.168 -6.150 -6.286 -6.749 -7.278 -7.910 -8.301 -8.926 -9.264 -9.331
7.500 4.154 6.899 1.971 -0.976 -3.250 -4.131 -5.238 -5.139 -6.121 -6.257 -6.719 -7.249 -7.881 -8.272 -8.897 -9.235 -9.302
7.600 4.183 6.928 2.000 -0.947 -3.221 -4.102 -5.210 -5.110 -6.092 -6.228 -6.691 -7.220 -7.852 -8.243 -8.868 -9.206 -9.273
7.700 4.211 6.957 2.029 -0.919 -3.192 -4.073 -5.181 -5.082 -6.064 -6.200 -6.662 -7.192 -7.824 -8.214 -8.840 -9.178 -9.245
7.800 4.239 6.985 2.057 -0.891 -3.164 -4.045 -5.153 -5.054 -6.036 -6.172 -6.634 -7.164 -7.796 -8.186 -8.812 -9.150 -9.217
7.900 4.267 7.012 2.084 -0.863 -3.137 -4.018 -5.126 -5.026 -6.008 -6.144 -6.607 -7.136 -7.769 -8.159 -8.784 -9.122 -9.189
8.000 4.294 7.039 2.111 -0.836 -3.110 -3.991 -5.098 -4.999 -5.981 -6.117 -6.579 -7.109 -7.741 -8.132 -8.757 -9.095 -9.162
8.100 4.321 7.066 2.138 -0.809 -3.083 -3.964 -5.072 -4.972 -5.954 -6.090 -6.553 -7.082 -7.714 -8.105 -8.730 -9.068 -9.135
8.200 4.347 7.093 2.165 -0.783 -3.056 -3.937 -5.045 -4.946 -5.927 -6.064 -6.526 -7.056 -7.688 -8.078 -8.704 -9.041 -9.108
8.300 4.373 7.119 2.191 -0.756 -3.030 -3.911 -5.019 -4.920 -5.901 -6.038 -6.500 -7.029 -7.662 -8.052 -8.678 -9.015 -9.082
8.400 4.399 7.145 2.217 -0.731 -3.004 -3.885 -4.993 -4.894 -5.875 -6.012 -6.474 -7.004 -7.636 -8.026 -8.652 -8.989 -9.056
8.500 4.425 7.170 2.242 -0.705 -2.979 -3.860 -4.968 -4.868 -5.850 -5.986 -6.449 -6.978 -7.610 -8.001 -8.626 -8.964 -9.031
8.600 4.450 7.195 2.267 -0.680 -2.954 -3.835 -4.942 -4.843 -5.825 -5.961 -6.423 -6.953 -7.585 -7.976 -8.601 -8.939 -9.006
8.700 4.475 7.220 2.292 -0.655 -2.929 -3.810 -4.918 -4.818 -5.800 -5.936 -6.399 -6.928 -7.560 -7.951 -8.576 -8.914 -8.981
8.800 4.499 7.245 2.317 -0.631 -2.904 -3.785 -4.893 -4.794 -5.775 -5.912 -6.374 -6.903 -7.536 -7.926 -8.552 -8.889 -8.956
8.900 4.523 7.269 2.341 -0.606 -2.880 -3.761 -4.869 -4.770 -5.751 -5.887 -6.350 -6.879 -7.512 -7.902 -8.527 -8.865 -8.932
9.000 4.547 7.293 2.365 -0.582 -2.856 -3.737 -4.845 -4.746 -5.727 -5.863 -6.326 -6.855 -7.488 -7.878 -8.503 -8.841 -8.908
9.100 4.571 7.317 2.389 -0.559 -2.832 -3.713 -4.821 -4.722 -5.704 -5.840 -6.302 -6.832 -7.464 -7.854 -8.480 -8.817 -8.884
9.200 4.594 7.340 2.412 -0.535 -2.809 -3.690 -4.798 -4.698 -5.680 -5.816 -6.279 -6.808 -7.441 -7.831 -8.456 -8.794 -8.861
9.300 4.618 7.363 2.435 -0.512 -2.786 -3.667 -4.775 -4.675 -5.657 -5.793 -6.256 -6.785 -7.417 -7.808 -8.433 -8.771 -8.838
9.400 4.640 7.386 2.458 -0.489 -2.763 -3.644 -4.752 -4.653 -5.634 -5.770 -6.233 -6.762 -7.395 -7.785 -8.410 -8.748 -8.815
9.500 4.663 7.409 2.481 -0.467 -2.740 -3.621 -4.729 -4.630 -5.612 -5.748 -6.210 -6.740 -7.372 -7.762 -8.388 -8.725 -8.792
9.600 4.685 7.431 2.503 -0.444 -2.718 -3.599 -4.707 -4.608 -5.589 -5.725 -6.188 -6.717 -7.350 -7.740 -8.366 -8.703 -8.770
9.700 4.707 7.453 2.525 -0.422 -2.696 -3.577 -4.685 -4.586 -5.567 -5.703 -6.166 -6.695 -7.328 -7.718 -8.344 -8.681 -8.748
9.800 4.729 7.475 2.547 -0.401 -2.674 -3.555 -4.663 -4.564 -5.545 -5.682 -6.144 -6.673 -7.306 -7.696 -8.322 -8.659 -8.726
9.900 4.751 7.496 2.568 -0.379 -2.653 -3.534 -4.641 -4.542 -5.524 -5.660 -6.122 -6.652 -7.284 -7.675 -8.300 -8.638 -8.705
10.000 4.772 7.518 2.590 -0.358 -2.631 -3.512 -4.620 -4.521 -5.502 -5.639 -6.101 -6.631 -7.263 -7.653 -8.279 -8.616 -8.683
10.100 4.793 7.539 2.611 -0.336 -2.610 -3.491 -4.599 -4.500 -5.481 -5.618 -6.080 -6.609 -7.242 -7.632 -8.258 -8.595 -8.662
10.200 4.814 7.560 2.632 -0.316 -2.589 -3.470 -4.578 -4.479 -5.460 -5.597 -6.059 -6.589 -7.221 -7.611 -8.237 -8.574 -8.641
10.300 4.835 7.580 2.652 -0.295 -2.569 -3.450 -4.557 -4.458 -5.440 -5.576 -6.038 -6.568 -7.200 -7.591 -8.216 -8.554 -8.621
10.400 4.855 7.601 2.673 -0.275 -2.548 -3.429 -4.537 -4.438 -5.419 -5.556 -6.018 -6.547 -7.180 -7.570 -8.196 -8.533 -8.600
10.500 4.875 7.621 2.693 -0.254 -2.528 -3.409 -4.517 -4.418 -5.399 -5.535 -5.998 -6.527 -7.160 -7.550 -8.175 -8.513 -8.580
10.600 4.895 7.641 2.713 -0.234 -2.508 -3.389 -4.497 -4.398 -5.379 -5.515 -5.978 -6.507 -7.140 -7.530 -8.155 -8.493 -8.560
10.700 4.915 7.661 2.733 -0.214 -2.488 -3.369 -4.477 -4.378 -5.359 -5.496 -5.958 -6.487 -7.120 -7.510 -8.136 -8.473 -8.540
10.800 4.935 7.680 2.752 -0.195 -2.469 -3.350 -4.457 -4.358 -5.340 -5.476 -5.938 -6.468 -7.100 -7.491 -8.116 -8.454 -8.521
10.900 4.954 7.700 2.772 -0.175 -2.449 -3.330 -4.438 -4.339 -5.320 -5.457 -5.919 -6.448 -7.081 -7.471 -8.097 -8.434 -8.501
11.000 4.973 7.719 2.791 -0.156 -2.430 -3.311 -4.419 -4.320 -5.301 -5.437 -5.900 -6.429 -7.062 -7.452 -8.077 -8.415 -8.482
11.100 4.992 7.738 2.810 -0.137 -2.411 -3.292 -4.400 -4.301 -5.282 -5.418 -5.881 -6.410 -7.043 -7.433 -8.058 -8.396 -8.463
11.200 5.011 7.757 2.829 -0.118 -2.392 -3.273 -4.381 -4.282 -5.263 -5.400 -5.862 -6.391 -7.024 -7.414 -8.040 -8.377 -8.444
11.300 5.030 7.776 2.848 -0.100 -2.373 -3.254 -4.362 -4.263 -5.245 -5.381 -5.843 -6.373 -7.005 -7.395 -8.021 -8.359 -8.426
11.400 5.048 7.794 2.866 -0.081 -2.355 -3.236 -4.344 -4.245 -5.226 -5.362 -5.825 -6.354 -6.987 -7.377 -8.003 -8.340 -8.407
11.500 5.067 7.812 2.884 -0.063 -2.337 -3.218 -4.326 -4.226 -5.208 -5.344 -5.807 -6.336 -6.968 -7.359 -7.984 -8.322 -8.389
11.600 5.085 7.830 2.902 -0.045 -2.319 -3.200 -4.307 -4.208 -5.190 -5.326 -5.788 -6.318 -6.950 -7.341 -7.966 -8.304 -8.371
11.700 5.103 7.848 2.920 -0.027 -2.301 -3.182 -4.290 -4.190 -5.172 -5.308 -5.771 -6.300 -6.932 -7.323 -7.948 -8.286 -8.353
11.800 5.120 7.866 2.938 -0.009 -2.283 -3.164 -4.272 -4.172 -5.154 -5.290 -5.753 -6.282 -6.915 -7.305 -7.930 -8.268 -8.335
11.900 5.138 7.884 2.956 0.008 -2.265 -3.146 -4.254 -4.155 -5.137 -5.273 -5.735 -6.265 -6.897 -7.287 -7.913 -8.250 -8.317
12.000 5.156 7.901 2.973 0.026 -2.248 -3.129 -4.237 -4.137 -5.119 -5.255 -5.718 -6.247 -6.880 -7.270 -7.895 -8.233 -8.300
12.100 5.173 7.918 2.990 0.043 -2.231 -3.112 -4.219 -4.120 -5.102 -5.238 -5.700 -6.230 -6.862 -7.253 -7.878 -8.216 -8.283
12.200 5.190 7.935 3.008 0.060 -2.213 -3.094 -4.202 -4.103 -5.085 -5.221 -5.683 -6.213 -6.845 -7.235 -7.861 -8.199 -8.266
12.300 5.207 7.952 3.025 0.077 -2.196 -3.077 -4.185 -4.086 -5.068 -5.204 -5.666 -6.196 -6.828 -7.218 -7.844 -8.182 -8.249
12.400 5.224 7.969 3.041 0.094 -2.180 -3.061 -4.169 -4.069 -5.051 -5.187 -5.650 -6.179 -6.811 -7.202 -7.827 -8.165 -8.232
12.500 5.240 7.986 3.058 0.111 -2.163 -3.044 -4.152 -4.053 -5.034 -5.170 -5.633 -6.162 -6.795 -7.185 -7.811 -8.148 -8.215
12.600 5.257 8.002 3.075 0.127 -2.146 -3.027 -4.135 -4.036 -5.018 -5.154 -5.616 -6.146 -6.778 -7.168 -7.794 -8.132 -8.199
12.700 5.273 8.019 3.091 0.144 -2.130 -3.011 -4.119 -4.020 -5.001 -5.138 -5.600 -6.129 -6.762 -7.152 -7.778 -8.115 -8.182
12.800 5.290 8.035 3.107 0.160 -2.114 -2.995 -4.103 -4.003 -4.985 -5.121 -5.584 -6.113 -6.746 -7.136 -7.761 -8.099 -8.166
12.900 5.306 8.051 3.123 0.176 -2.098 -2.979 -4.087 -3.987 -4.969 -5.105 -5.568 -6.097 -6.729 -7.120 -7.745 -8.083 -8.150
13.000 5.322 8.067 3.139 0.192 -2.082 -2.963 -4.071 -3.971 -4.953 -5.089 -5.552 -6.081 -6.714 -7.104 -7.729 -8.067 -8.134
13.100 5.337 8.083 3.155 0.208 -2.066 -2.947 -4.055 -3.956 -4.937 -5.073 -5.536 -6.065 -6.698 -7.088 -7.714 -8.051 -8.118
13.200 5.353 8.099 3.171 0.223 -2.050 -2.931 -4.039 -3.940 -4.922 -5.058 -5.520 -6.050 -6.682 -7.072 -7.698 -8.035 -8.102
13.300 5.369 8.114 3.186 0.239 -2.035 -2.916 -4.024 -3.924 -4.906 -5.042 -5.505 -6.034 -6.666 -7.057 -7.682 -8.020 -8.087
13.400 5.384 8.130 3.202 0.254 -2.019 -2.900 -4.008 -3.909 -4.891 -5.027 -5.489 -6.019 -6.651 -7.041 -7.667 -8.004 -8.071
13.500 5.399 8.145 3.217 0.270 -2.004 -2.885 -3.993 -3.894 -4.875 -5.011 -5.474 -6.003 -6.636 -7.026 -7.652 -7.989 -8.056
13.600 5.415 8.160 3.232 0.285 -1.989 -2.870 -3.978 -3.878 -4.860 -4.996 -5.459 -5.988 -6.621 -7.011 -7.636 -7.974 -8.041
13.700 5.430 8.175 3.247 0.300 -1.974 -2.855 -3.963 -3.863 -4.845 -4.981 -5.444 -5.973 -6.605 -6.996 -7.621 -7.959 -8.026
13.800 5.445 8.190 3.262 0.315 -1.959 -2.840 -3.948 -3.848 -4.830 -4.966 -5.429 -5.958 -6.591 -6.981 -7.606 -7.944 -8.011
13.900 5.459 8.205 3.277 0.330 -1.944 -2.825 -3.933 -3.834 -4.815 -4.951 -5.414 -5.943 -6.576 -6.966 -7.592 -7.929 -7.996
14.000 5.474 8.220 3.292 0.344 -1.929 -2.810 -3.918 -3.819 -4.801 -4.937 -5.399 -5.929 -6.561 -6.951 -7.577 -7.914 -7.981
14.100 5.489 8.234 3.306 0.359 -1.915 -2.796 -3.904 -3.804 -4.786 -4.922 -5.385 -5.914 -6.546 -6.937 -7.562 -7.900 -7.967
14.200 5.503 8.249 3.321 0.373 -1.900 -2.781 -3.889 -3.790 -4.771 -4.908 -5.370 -5.900 -6.532 -6.922 -7.548 -7.885 -7.952
14.300 5.518 8.263 3.335 0.388 -1.886 -2.767 -3.875 -3.775 -4.757 -4.893 -5.356 -5.885 -6.518 -6.908 -7.533 -7.871 -7.938
14.400 5.532 8.277 3.349 0.402 -1.872 -2.753 -3.860 -3.761 -4.743 -4.879 -5.341 -5.871 -6.503 -6.894 -7.519 -7.857 -7.924
14.500 5.546 8.291 3.364 0.416 -1.857 -2.738 -3.846 -3.747 -4.729 -4.865 -5.327 -5.857 -6.489 -6.879 -7.505 -7.843 -7.910
14.600 5.560 8.306 3.378 0.430 -1.843 -2.724 -3.832 -3.733 -4.715 -4.851 -5.313 -5.843 -6.475 -6.865 -7.491 -7.829 -7.896
14.700 5.574 8.319 3.392 0.444 -1.829 -2.710 -3.818 -3.719 -4.701 -4.837 -5.299 -5.829 -6.461 -6.851 -7.477 -7.815 -7.882
14.800 5.588 8.333 3.405 0.458 -1.816 -2.697 -3.805 -3.705 -4.687 -4.823 -5.286 -5.815 -6.447 -6.838 -7.463 -7.801 -7.868
14.900 5.601 8.347 3.419 0.472 -1.802 -2.683 -3.791 -3.692 -4.673 -4.809 -5.272 -5.801 -6.434 -6.824 -7.449 -7.787 -7.854
15.000 5.615 8.361 3.433 0.485 -1.788 -2.669 -3.777 -3.678 -4.660 -4.796 -5.258 -5.788 -6.420 -6.810 -7.436 -7.773 -7.840
