# day W2 M2 W1 u B g V c r w o i z y J H K
0.000 -11.199 -10.994 -10.790 -9.932 -9.564 -9.386 -9.074 -9.198 -8.817 -9.002 -8.676 -8.395 -8.079 -7.836 -7.344 -6.708 -6.121
0.100 -15.447 -15.490 -15.442 -15.197 -15.005 -14.900 -14.712 -14.782 -14.541 -14.642 -14.444 -14.245 -14.009 -13.820 -13.427 -12.888 -12.372
0.200 -14.762 -15.010 -15.142 -15.390 -15.345 -15.300 -15.203 -15.236 -15.095 -15.142 -15.029 -14.884 -14.700 -14.545 -14.214 -13.734 -13.261
0.300 -13.650 -14.058 -14.397 -15.104 -15.215 -15.234 -15.233 -15.230 -15.192 -15.191 -15.161 -15.073 -14.942 -14.823 -14.555 -14.133 -13.702
0.400 -12.236 -12.753 -13.333 -14.495 -14.786 -14.880 -14.989 -14.949 -15.027 -14.982 -15.039 -15.016 -14.949 -14.872 -14.679 -14.325 -13.941
0.500 -10.769 -11.298 -12.090 -13.640 -14.128 -14.305 -14.535 -14.462 -14.665 -14.588 -14.730 -14.780 -14.791 -14.764 -14.660 -14.386 -14.057
0.600 -9.776 -10.243 -11.026 -12.706 -13.352 -13.607 -13.949 -13.852 -14.173 -14.082 -14.297 -14.422 -14.517 -14.547 -14.545 -14.362 -14.096
0.700 -9.313 -9.777 -10.422 -11.932 -12.621 -12.918 -13.334 -13.229 -13.635 -13.552 -13.815 -14.006 -14.183 -14.270 -14.374 -14.286 -14.085
0.800 -9.047 -9.540 -10.132 -11.451 -12.058 -12.347 -12.779 -12.679 -13.124 -13.064 -13.348 -13.587 -13.836 -13.977 -14.179 -14.176 -14.029
0.900 -8.815 -9.335 -9.946 -11.206 -11.699 -11.942 -12.331 -12.246 -12.674 -12.641 -12.921 -13.184 -13.487 -13.673 -13.966 -14.046 -13.953
1.000 -8.576 -9.118 -9.777 -11.075 -11.502 -11.697 -12.016 -11.945 -12.315 -12.301 -12.555 -12.814 -13.146 -13.365 -13.736 -13.895 -13.858
1.100 -8.321 -8.879 -9.597 -10.977 -11.395 -11.569 -11.838 -11.775 -12.086 -12.075 -12.299 -12.531 -12.858 -13.088 -13.504 -13.716 -13.718
1.200 -8.044 -8.613 -9.396 -10.872 -11.317 -11.491 -11.747 -11.682 -11.963 -11.941 -12.147 -12.348 -12.645 -12.865 -13.285 -13.521 -13.545
1.300 -7.748 -8.323 -9.176 -10.752 -11.240 -11.428 -11.698 -11.626 -11.911 -11.876 -12.080 -12.265 -12.529 -12.725 -13.106 -13.316 -13.328
1.400 -7.432 -8.008 -8.935 -10.612 -11.145 -11.349 -11.636 -11.559 -11.852 -11.806 -12.014 -12.189 -12.427 -12.602 -12.945 -13.128 -13.126
1.500 -7.094 -7.666 -8.670 -10.449 -11.030 -11.253 -11.561 -11.477 -11.785 -11.729 -11.944 -12.114 -12.334 -12.491 -12.799 -12.955 -12.939
1.600 -6.740 -7.300 -8.387 -10.268 -10.899 -11.142 -11.473 -11.383 -11.710 -11.646 -11.869 -12.041 -12.249 -12.392 -12.670 -12.799 -12.768
1.700 -6.365 -6.907 -8.083 -10.065 -10.750 -11.013 -11.371 -11.275 -11.624 -11.553 -11.788 -11.964 -12.167 -12.301 -12.555 -12.660 -12.613
1.800 -5.973 -6.488 -7.758 -9.842 -10.583 -10.869 -11.256 -11.153 -11.527 -11.452 -11.699 -11.883 -12.086 -12.215 -12.452 -12.536 -12.475
1.900 -5.565 -6.044 -7.414 -9.600 -10.400 -10.710 -11.126 -11.019 -11.420 -11.340 -11.602 -11.797 -12.005 -12.133 -12.358 -12.427 -12.353
2.000 -5.143 -5.573 -7.053 -9.339 -10.200 -10.535 -10.984 -10.871 -11.301 -11.220 -11.496 -11.704 -11.921 -12.052 -12.272 -12.329 -12.246
2.100 -4.705 -5.074 -6.671 -9.055 -9.982 -10.344 -10.826 -10.708 -11.170 -11.088 -11.379 -11.602 -11.833 -11.969 -12.191 -12.241 -12.150
2.200 -4.256 -4.551 -6.273 -8.754 -9.748 -10.138 -10.656 -10.534 -11.027 -10.947 -11.254 -11.494 -11.740 -11.884 -12.113 -12.161 -12.066
2.300 -3.797 -4.001 -5.860 -8.432 -9.498 -9.917 -10.472 -10.346 -10.873 -10.796 -11.118 -11.376 -11.642 -11.796 -12.036 -12.087 -11.990
2.400 -3.330 -3.428 -5.434 -8.093 -9.233 -9.683 -10.276 -10.147 -10.708 -10.637 -10.973 -11.251 -11.537 -11.703 -11.959 -12.017 -11.920
2.500 -2.856 -2.828 -4.994 -7.734 -8.953 -9.434 -10.067 -9.935 -10.532 -10.468 -10.819 -11.117 -11.426 -11.606 -11.881 -11.949 -11.856
2.600 -2.379 -2.205 -4.545 -7.358 -8.658 -9.172 -9.846 -9.713 -10.345 -10.290 -10.655 -10.974 -11.309 -11.504 -11.801 -11.883 -11.796
2.700 -1.901 -1.560 -4.088 -6.966 -8.351 -8.899 -9.614 -9.481 -10.150 -10.106 -10.484 -10.825 -11.185 -11.397 -11.719 -11.818 -11.738
2.800 -1.424 -0.896 -3.626 -6.559 -8.032 -8.616 -9.373 -9.240 -9.945 -9.914 -10.306 -10.668 -11.056 -11.285 -11.634 -11.752 -11.682
2.900 -0.950 -0.212 -3.161 -6.138 -7.703 -8.322 -9.124 -8.991 -9.733 -9.717 -10.120 -10.504 -10.921 -11.168 -11.547 -11.686 -11.628
3.000 -0.481 0.488 -2.697 -5.705 -7.365 -8.021 -8.866 -8.736 -9.514 -9.515 -9.929 -10.335 -10.781 -11.047 -11.456 -11.619 -11.574
3.100 -0.020 1.200 -2.236 -5.265 -7.022 -7.715 -8.604 -8.477 -9.290 -9.310 -9.734 -10.161 -10.637 -10.922 -11.364 -11.550 -11.520
3.200 0.429 1.920 -1.784 -4.820 -6.676 -7.406 -8.339 -8.215 -9.063 -9.103 -9.536 -9.984 -10.490 -10.794 -11.269 -11.481 -11.467
3.300 0.865 2.641 -1.342 -4.374 -6.330 -7.097 -8.072 -7.953 -8.834 -8.895 -9.337 -9.805 -10.340 -10.663 -11.172 -11.411 -11.413
3.400 1.282 3.350 -0.918 -3.934 -5.988 -6.791 -7.807 -7.693 -8.606 -8.688 -9.137 -9.624 -10.188 -10.531 -11.073 -11.340 -11.360
3.500 1.679 4.036 -0.514 -3.507 -5.654 -6.490 -7.545 -7.437 -8.380 -8.483 -8.938 -9.443 -10.035 -10.398 -10.973 -11.268 -11.306
3.600 2.049 4.672 -0.137 -3.100 -5.333 -6.200 -7.291 -7.188 -8.157 -8.282 -8.743 -9.264 -9.883 -10.264 -10.872 -11.195 -11.252
3.700 2.271 5.017 0.089 -2.859 -5.132 -6.013 -7.121 -7.022 -8.003 -8.140 -8.602 -9.131 -9.764 -10.154 -10.780 -11.117 -11.184
3.800 2.352 5.097 0.169 -2.778 -5.052 -5.933 -7.040 -6.941 -7.923 -8.059 -8.521 -9.051 -9.683 -10.074 -10.699 -11.037 -11.104
3.900 2.429 5.175 0.247 -2.700 -4.974 -5.855 -6.963 -6.864 -7.845 -7.981 -8.444 -8.973 -9.606 -9.996 -10.621 -10.959 -11.026
4.000 2.504 5.250 0.322 -2.625 -4.899 -5.780 -6.888 -6.789 -7.770 -7.906 -8.369 -8.898 -9.531 -9.921 -10.547 -10.884 -10.951
4.100 2.576 5.322 0.394 -2.553 -4.827 -5.708 -6.816 -6.717 -7.698 -7.834 -8.297 -8.826 -9.459 -9.849 -10.475 -10.812 -10.879
4.200 2.646 5.391 0.464 -2.484 -4.757 -5.638 -6.746 -6.647 -7.629 -7.765 -8.227 -8.757 -9.389 -9.779 -10.405 -10.743 -10.810
4.300 2.713 5.458 0.530 -2.417 -4.691 -5.572 -6.680 -6.580 -7.562 -7.698 -8.161 -8.690 -9.322 -9.713 -10.338 -10.676 -10.743
4.400 2.777 5.523 0.595 -2.353 -4.626 -5.507 -6.615 -6.516 -7.498 -7.634 -8.096 -8.626 -9.258 -9.648 -10.274 -10.611 -10.678
4.500 2.839 5.585 0.657 -2.291 -4.564 -5.445 -6.553 -6.454 -7.436 -7.572 -8.034 -8.564 -9.196 -9.586 -10.212 -10.550 -10.617
4.600 2.899 5.644 0.716 -2.231 -4.505 -5.386 -6.494 -6.394 -7.376 -7.512 -7.975 -8.504 -9.136 -9.527 -10.152 -10.490 -10.557
4.700 2.956 5.702 0.774 -2.174 -4.447 -5.328 -6.436 -6.337 -7.318 -7.455 -7.917 -8.446 -9.079 -9.469 -10.095 -10.432 -10.499
4.800 3.012 5.757 0.829 -2.118 -4.392 -5.273 -6.381 -6.281 -7.263 -7.399 -7.862 -8.391 -9.023 -9.414 -10.039 -10.377 -10.444
4.900 3.065 5.811 0.883 -2.064 -4.338 -5.219 -6.327 -6.228 -7.209 -7.346 -7.808 -8.337 -8.970 -9.360 -9.986 -10.323 -10.390
5.000 3.117 5.863 0.935 -2.013 -4.286 -5.167 -6.275 -6.176 -7.157 -7.294 -7.756 -8.286 -8.918 -9.308 -9.934 -10.271 -10.338
5.100 3.167 5.913 0.985 -1.962 -4.236 -5.117 -6.225 -6.126 -7.107 -7.243 -7.706 -8.235 -8.868 -9.258 -9.884 -10.221 -10.288
5.200 3.216 5.962 1.034 -1.914 -4.187 -5.068 -6.176 -6.077 -7.059 -7.195 -7.657 -8.187 -8.819 -9.209 -9.835 -10.173 -10.240
5.300 3.263 6.009 1.081 -1.867 -4.140 -5.021 -6.129 -6.030 -7.011 -7.148 -7.610 -8.139 -8.772 -9.162 -9.788 -10.125 -10.192
5.400 3.309 6.055 1.127 -1.821 -4.094 -4.975 -6.083 -5.984 -6.966 -7.102 -7.564 -8.094 -8.726 -9.116 -9.742 -10.079 -10.146
5.500 3.354 6.099 1.171 -1.776 -4.050 -4.931 -6.039 -5.939 -6.921 -7.057 -7.520 -8.049 -8.681 -9.072 -9.697 -10.035 -10.102
5.600 3.397 6.143 1.215 -1.733 -4.006 -4.887 -5.995 -5.896 -6.878 -7.014 -7.476 -8.006 -8.638 -9.028 -9.654 -9.991 -10.059
5.700 3.439 6.185 1.257 -1.690 -3.964 -4.845 -5.953 -5.854 -6.835 -6.972 -7.434 -7.963 -8.596 -8.986 -9.612 -9.949 -10.016
5.800 3.480 6.226 1.298 -1.649 -3.923 -4.804 -5.912 -5.812 -6.794 -6.930 -7.393 -7.922 -8.555 -8.945 -9.570 -9.908 -9.975
5.900 3.521 6.266 1.338 -1.609 -3.883 -4.764 -5.872 -5.772 -6.754 -6.890 -7.353 -7.882 -8.514 -8.905 -9.530 -9.868 -9.935
6.000 3.560 6.306 1.378 -1.570 -3.843 -4.724 -5.832 -5.733 -6.715 -6.851 -7.313 -7.843 -8.475 -8.865 -9.491 -9.829 -9.896
6.100 3.598 6.344 1.416 -1.531 -3.805 -4.686 -5.794 -5.695 -6.676 -6.812 -7.275 -7.804 -8.437 -8.827 -9.453 -9.790 -9.857
6.200 3.636 6.381 1.454 -1.494 -3.767 -4.648 -5.756 -5.657 -6.639 -6.775 -7.237 -7.767 -8.399 -8.789 -9.415 -9.753 -9.820
6.300 3.673 6.418 1.490 -1.457 -3.731 -4.612 -5.720 -5.620 -6.602 -6.738 -7.201 -7.730 -8.362 -8.753 -9.378 -9.716 -9.783
6.400 3.709 6.454 1.526 -1.421 -3.695 -4.576 -5.684 -5.584 -6.566 -6.702 -7.165 -7.694 -8.326 -8.717 -9.342 -9.680 -9.747
6.500 3.744 6.489 1.562 -1.386 -3.659 -4.540 -5.648 -5.549 -6.531 -6.667 -7.129 -7.659 -8.291 -8.681 -9.307 -9.645 -9.712
6.600 3.778 6.524 1.596 -1.351 -3.625 -4.506 -5.614 -5.515 -6.496 -6.632 -7.095 -7.624 -8.257 -8.647 -9.272 -9.610 -9.677
6.700 3.812 6.558 1.630 -1.317 -3.591 -4.472 -5.580 -5.481 -6.462 -6.599 -7.061 -7.590 -8.223 -8.613 -9.239 -9.576 -9.643
6.800 3.846 6.591 1.663 -1.284 -3.558 -4.439 -5.547 -5.447 -6.429 -6.565 -7.028 -7.557 -8.190 -8.580 -9.205 -9.543 -9.610
6.900 3.878 6.624 1.696 -1.252 -3.525 -4.406 -5.514 -5.415 -6.396 -6.533 -6.995 -7.525 -8.157 -8.547 -9.173 -9.510 -9.577
7.000 3.910 6.656 1.728 -1.220 -3.493 -4.374 -5.482 -5.383 -6.364 -6.501 -6.963 -7.493 -8.125 -8.515 -9.141 -9.478 -9.545
7.100 3.942 6.687 1.759 -1.188 -3.462 -4.343 -5.451 -5.351 -6.333 -6.469 -6.932 -7.461 -8.093 -8.484 -9.109 -9.447 -9.514
7.200 3.973 6.718 1.790 -1.157 -3.431 -4.312 -5.420 -5.320 -6.302 -6.438 -6.901 -7.430 -8.063 -8.453 -9.078 -9.416 -9.483
7.300 4.003 6.748 1.821 -1.127 -3.400 -4.281 -5.389 -5.290 -6.272 -6.408 -6.870 -7.400 -8.032 -8.422 -9.048 -9.386 -9.453
7.400 4.033 6.778 1.850 -1.097 -3.371 -4.252 -5.359 -5.260 -6.242 -6.378 -6.840 -7.370 -8.002 -8.393 -9.018 -9.356 -9.423
7.500 4.062 6.808 1.880 -1.068 -3.341 -4.222 -5.330 -5.231 -6.212 -6.349 -6.811 -7.341 -7.973 -8.363 -8.989 -9.326 -9.393
7.600 4.091 6.837 1.909 -1.039 -3.312 -4.193 -5.301 -5.202 -6.184 -6.320 -6.782 -7.312 -7.944 -8.334 -8.960 -9.297 -9.364
7.700 4.120 6.865 1.937 -1.010 -3.284 -4.165 -5.273 -5.173 -6.155 -6.291 -6.754 -7.283 -7.916 -8.306 -8.931 -9.269 -9.336
7.800 4.148 6.893 1.965 -0.982 -3.256 -4.137 -5.245 -5.145 -6.127 -6.263 -6.726 -7.255 -7.888 -8.278 -8.903 -9.241 -9.308
7.900 4.175 6.921 1.993 -0.955 -3.228 -4.109 -5.217 -5.118 -6.100 -6.236 -6.698 -7.228 -7.860 -8.250 -8.876 -9.213 -9.280
8.000 4.202 6.948 2.020 -0.928 -3.201 -4.082 -5.190 -5.091 -6.072 -6.209 -6.671 -7.200 -7.833 -8.223 -8.849 -9.186 -9.253
8.100 4.229 6.975 2.047 -0.901 -3.174 -4.055 -5.163 -5.064 -6.046 -6.182 -6.644 -7.174 -7.806 -8.196 -8.822 -9.160 -9.227
8.200 4.255 7.001 2.073 -0.874 -3.148 -4.029 -5.137 -5.038 -6.019 -6.156 -6.618 -7.147 -7.780 -8.170 -8.796 -9.133 -9.200
8.300 4.281 7.027 2.099 -0.848 -3.122 -4.003 -5.111 -5.012 -5.993 -6.130 -6.592 -7.121 -7.754 -8.144 -8.770 -9.107 -9.174
8.400 4.307 7.052 2.124 -0.823 -3.097 -3.978 -5.085 -4.986 -5.968 -6.104 -6.566 -7.096 -7.728 -8.119 -8.744 -9.082 -9.149
8.500 4.332 7.078 2.150 -0.798 -3.071 -3.952 -5.060 -4.961 -5.943 -6.079 -6.541 -7.071 -7.703 -8.093 -8.719 -9.056 -9.123
8.600 4.357 7.103 2.175 -0.773 -3.046 -3.927 -5.035 -4.936 -5.918 -6.054 -6.516 -7.046 -7.678 -8.068 -8.694 -9.032 -9.099
8.700 4.382 7.127 2.199 -0.748 -3.022 -3.903 -5.011 -4.911 -5.893 -6.029 -6.492 -7.021 -7.654 -8.044 -8.669 -9.007 -9.074
8.800 4.406 7.151 2.223 -0.724 -2.998 -3.879 -4.986 -4.887 -5.869 -6.005 -6.467 -6.997 -7.629 -8.020 -8.645 -8.983 -9.050
8.900 4.430 7.175 2.247 -0.700 -2.974 -3.855 -4.963 -4.863 -5.845 -5.981 -6.444 -6.973 -7.605 -7.996 -8.621 -8.959 -9.026
9.000 4.453 7.199 2.271 -0.677 -2.950 -3.831 -4.939 -4.840 -5.821 -5.958 -6.420 -6.949 -7.582 -7.972 -8.598 -8.935 -9.002
9.100 4.477 7.222 2.294 -0.653 -2.927 -3.808 -4.916 -4.816 -5.798 -5.934 -6.397 -6.926 -7.559 -7.949 -8.574 -8.912 -8.979
9.200 4.499 7.245 2.317 -0.630 -2.904 -3.785 -4.893 -4.793 -5.775 -5.911 -6.374 -6.903 -7.536 -7.926 -8.551 -8.889 -8.956
9.300 4.522 7.268 2.340 -0.608 -2.881 -3.762 -4.870 -4.771 -5.752 -5.889 -6.351 -6.881 -7.513 -7.903 -8.529 -8.866 -8.933
9.400 4.545 7.290 2.362 -0.585 -2.859 -3.740 -4.848 -4.748 -5.730 -5.866 -6.329 -6.858 -7.491 -7.881 -8.506 -8.844 -8.911
9.500 4.567 7.312 2.384 -0.563 -2.837 -3.718 -4.826 -4.726 -5.708 -5.844 -6.307 -6.836 -7.468 -7.859 -8.484 -8.822 -8.889
9.600 4.589 7.334 2.406 -0.541 -2.815 -3.696 -4.804 -4.704 -5.686 -5.822 -6.285 -6.814 -7.447 -7.837 -8.462 -8.800 -8.867
9.700 4.610 7.356 2.428 -0.520 -2.793 -3.674 -4.782 -4.683 -5.664 -5.801 -6.263 -6.793 -7.425 -7.815 -8.441 -8.778 -8.845
9.800 4.631 7.377 2.449 -0.498 -2.772 -3.653 -4.761 -4.662 -5.643 -5.779 -6.242 -6.771 -7.404 -7.794 -8.419 -8.757 -8.824
9.900 4.653 7.398 2.470 -0.477 -2.751 -3.632 -4.740 -4.640 -5.622 -5.758 -6.221 -6.750 -7.383 -7.773 -8.398 -8.736 -8.803
10.000 4.673 7.419 2.491 -0.456 -2.730 -3.611 -4.719 -4.620 -5.601 -5.737 -6.200 -6.729 -7.362 -7.752 -8.378 -8.715 -8.782
10.100 4.694 7.440 2.512 -0.436 -2.709 -3.590 -4.698 -4.599 -5.581 -5.717 -6.179 -6.709 -7.341 -7.731 -8.357 -8.695 -8.762
10.200 4.714 7.460 2.532 -0.415 -2.689 -3.570 -4.678 -4.579 -5.560 -5.696 -6.159 -6.688 -7.321 -7.711 -8.337 -8.674 -8.741
10.300 4.734 7.480 2.552 -0.395 -2.669 -3.550 -4.658 -4.558 -5.540 -5.676 -6.139 -6.668 -7.301 -7.691 -8.316 -8.654 -8.721
10.400 4.754 7.500 2.572 -0.375 -2.649 -3.530 -4.638 -4.539 -5.520 -5.656 -6.119 -6.648 -7.281 -7.671 -8.297 -8.634 -8.701
10.500 4.774 7.520 2.592 -0.356 -2.629 -3.510 -4.618 -4.519 -5.501 -5.637 -6.099 -6.629 -7.261 -7.651 -8.277 -8.614 -8.681
10.600 4.794 7.539 2.611 -0.336 -2.610 -3.491 -4.599 -4.499 -5.481 -5.617 -6.080 -6.609 -7.242 -7.632 -8.257 -8.595 -8.662
10.700 4.813 7.558 2.630 -0.317 -2.591 -3.472 -4.579 -4.480 -5.462 -5.598 -6.060 -6.590 -7.222 -7.613 -8.238 -8.576 -8.643
10.800 4.832 7.577 2.650 -0.298 -2.571 -3.452 -4.560 -4.461 -5.443 -5.579 -6.041 -6.571 -7.203 -7.593 -8.219 -8.557 -8.624
10.900 4.851 7.596 2.668 -0.279 -2.553 -3.434 -4.541 -4.442 -5.424 -5.560 -6.022 -6.552 -7.184 -7.575 -8.200 -8.538 -8.605
11.000 4.869 7.615 2.687 -0.260 -2.534 -3.415 -4.523 -4.424 -5.405 -5.541 -6.004 -6.533 -7.166 -7.556 -8.182 -8.519 -8.586
11.100 4.888 7.633 2.705 -0.242 -2.515 -3.396 -4.504 -4.405 -5.387 -5.523 -5.985 -6.515 -7.147 -7.537 -8.163 -8.501 -8.568
11.200 4.906 7.652 2.724 -0.224 -2.497 -3.378 -4.486 -4.387 -5.368 -5.505 -5.967 -6.497 -7.129 -7.519 -8.145 -8.482 -8.549
11.300 4.924 7.670 2.742 -0.205 -2.479 -3.360 -4.468 -4.369 -5.350 -5.487 -5.949 -6.478 -7.111 -7.501 -8.127 -8.464 -8.531
11.400 4.942 7.688 2.760 -0.188 -2.461 -3.342 -4.450 -4.351 -5.332 -5.469 -5.931 -6.461 -7.093 -7.483 -8.109 -8.446 -8.513
11.500 4.960 7.705 2.778 -0.170 -2.443 -3.324 -4.432 -4.333 -5.315 -5.451 -5.913 -6.443 -7.075 -7.465 -8.091 -8.429 -8.496
11.600 4.977 7.723 2.795 -0.152 -2.426 -3.307 -4.415 -4.316 -5.297 -5.433 -5.896 -6.425 -7.058 -7.448 -8.073 -8.411 -8.478
11.700 4.995 7.740 2.812 -0.135 -2.409 -3.290 -4.397 -4.298 -5.280 -5.416 -5.878 -6.408 -7.040 -7.431 -8.056 -8.394 -8.461
11.800 5.012 7.758 2.830 -0.118 -2.391 -3.272 -4.380 -4.281 -5.263 -5.399 -5.861 -6.391 -7.023 -7.413 -8.039 -8.376 -8.443
11.900 5.029 7.775 2.847 -0.101 -2.374 -3.255 -4.363 -4.264 -5.246 -5.382 -5.844 -6.374 -7.006 -7.396 -8.022 -8.359 -8.426
12.000 5.046 7.792 2.864 -0.084 -2.357 -3.238 -4.346 -4.247 -5.229 -5.365 -5.827 -6.357 -6.989 -7.379 -8.005 -8.343 -8.410
12.100 5.063 7.808 2.880 -0.067 -2.341 -3.222 -4.330 -4.230 -5.212 -5.348 -5.811 -6.340 -6.972 -7.363 -7.988 -8.326 -8.393
12.200 5.079 7.825 2.897 -0.050 -2.324 -3.205 -4.313 -4.214 -5.195 -5.332 -5.794 -6.323 -6.956 -7.346 -7.972 -8.309 -8.376
12.300 5.096 7.841 2.913 -0.034 -2.308 -3.189 -4.297 -4.197 -5.179 -5.315 -5.778 -6.307 -6.939 -7.330 -7.955 -8.293 -8.360
12.400 5.112 7.858 2.930 -0.018 -2.291 -3.172 -4.280 -4.181 -5.163 -5.299 -5.761 -6.291 -6.923 -7.313 -7.939 -8.277 -8.344
12.500 5.128 7.874 2.946 -0.002 -2.275 -3.156 -4.264 -4.165 -5.147 -5.283 -5.745 -6.275 -6.907 -7.297 -7.923 -8.260 -8.327
12.600 5.144 7.890 2.962 0.014 -2.259 -3.140 -4.248 -4.149 -5.131 -5.267 -5.729 -6.259 -6.891 -7.281 -7.907 -8.244 -8.311
12.700 5.160 7.905 2.978 0.030 -2.243 -3.124 -4.232 -4.133 -5.115 -5.251 -5.713 -6.243 -6.875 -7.265 -7.891 -8.229 -8.296
12.800 5.176 7.921 2.993 0.046 -2.228 -3.109 -4.217 -4.117 -5.099 -5.235 -5.698 -6.227 -6.860 -7.250 -7.875 -8.213 -8.280
12.900 5.191 7.937 3.009 0.061 -2.212 -3.093 -4.201 -4.102 -5.083 -5.220 -5.682 -6.212 -6.844 -7.234 -7.860 -8.197 -8.264
13.000 5.207 7.952 3.024 0.077 -2.197 -3.078 -4.186 -4.086 -5.068 -5.204 -5.667 -6.196 -6.829 -7.219 -7.844 -8.182 -8.249
13.100 5.222 7.967 3.039 0.092 -2.182 -3.063 -4.170 -4.071 -5.053 -5.189 -5.651 -6.181 -6.813 -7.204 -7.829 -8.167 -8.234
13.200 5.237 7.983 3.055 0.107 -2.166 -3.047 -4.155 -4.056 -5.038 -5.174 -5.636 -6.166 -6.798 -7.188 -7.814 -8.152 -8.219
13.300 5.252 7.998 3.070 0.122 -2.151 -3.032 -4.140 -4.041 -5.023 -5.159 -5.621 -6.151 -6.783 -7.173 -7.799 -8.136 -8.204
13.400 5.267 8.012 3.085 0.137 -2.136 -3.017 -4.125 -4.026 -5.008 -5.144 -5.606 -6.136 -6.768 -7.158 -7.784 -8.122 -8.189
13.500 5.282 8.027 3.099 0.152 -2.122 -3.003 -4.111 -4.011 -4.993 -5.129 -5.592 -6.121 -6.753 -7.144 -7.769 -8.107 -8.174
13.600 5.296 8.042 3.114 0.167 -2.107 -2.988 -4.096 -3.997 -4.978 -5.114 -5.577 -6.106 -6.739 -7.129 -7.755 -8.092 -8.159
13.700 5.311 8.056 3.128 0.181 -2.093 -2.974 -4.081 -3.982 -4.964 -5.100 -5.562 -6.092 -6.724 -7.115 -7.740 -8.078 -8.145
13.800 5.325 8.071 3.143 0.196 -2.078 -2.959 -4.067 -3.968 -4.949 -5.086 -5.548 -6.077 -6.710 -7.100 -7.726 -8.063 -8.130
13.900 5.340 8.085 3.157 0.210 -2.064 -2.945 -4.053 -3.953 -4.935 -5.071 -5.534 -6.063 -6.695 -7.086 -7.711 -8.049 -8.116
14.000 5.354 8.099 3.171 0.224 -2.050 -2.931 -4.038 -3.939 -4.921 -5.057 -5.519 -6.049 -6.681 -7.072 -7.697 -8.035 -8.102
14.100 5.368 8.113 3.185 0.238 -2.036 -2.917 -4.024 -3.925 -4.907 -5.043 -5.505 -6.035 -6.667 -7.058 -7.683 -8.021 -8.088
14.200 5.382 8.127 3.199 0.252 -2.022 -2.903 -4.010 -3.911 -4.893 -5.029 -5.491 -6.021 -6.653 -7.044 -7.669 -8.007 -8.074
14.300 5.396 8.141 3.213 0.266 -2.008 -2.889 -3.997 -3.897 -4.879 -5.015 -5.478 -6.007 -6.639 -7.030 -7.655 -7.993 -8.060
14.400 5.409 8.155 3.227 0.280 -1.994 -2.875 -3.983 -3.884 -4.865 -5.001 -5.464 -5.993 -6.626 -7.016 -7.642 -7.979 -8.046
14.500 5.423 8.169 3.241 0.293 -1.980 -2.861 -3.969 -3.870 -4.852 -4.988 -5.450 -5.980 -6.612 -7.002 -7.628 -7.965 -8.033
14.600 5.437 8.182 3.254 0.307 -1.967 -2.848 -3.956 -3.856 -4.838 -4.974 -5.437 -5.966 -6.599 -6.989 -7.614 -7.952 -8.019
14.700 5.450 8.196 3.268 0.320 -1.953 -2.834 -3.942 -3.843 -4.825 -4.961 -5.423 -5.953 -6.585 -6.975 -7.601 -7.939 -8.006
14.800 5.463 8.209 3.281 0.334 -1.940 -2.821 -3.929 -3.830 -4.811 -4.947 -5.410 -5.939 -6.572 -6.962 -7.588 -7.925 -7.992
14.900 5.477 8.222 3.294 0.347 -1.927 -2.808 -3.916 -3.816 -4.798 -4.934 -5.397 -5.926 -6.559 -6.949 -7.574 -7.912 -7.979
15.000 5.490 8.235 3.307 0.360 -1.914 -2.795 -3.903 -3.803 -4.785 -4.921 -5.384 -5.913 -6.545 -6.936 -7.561 -7.899 -7.966
