# day W2 M2 W1 u B g V c r w o i z y J H K
0.000 -8.276 -8.142 -7.978 -7.300 -6.983 -6.826 -6.549 -6.657 -6.316 -6.476 -6.187 -5.928 -5.634 -5.404 -4.936 -4.324 -3.753
0.100 -13.059 -13.266 -13.361 -13.537 -13.491 -13.449 -13.363 -13.392 -13.267 -13.308 -13.209 -13.079 -12.909 -12.764 -12.448 -11.978 -11.508
0.200 -12.744 -13.100 -13.366 -13.931 -14.008 -14.017 -14.008 -14.009 -13.968 -13.972 -13.940 -13.859 -13.740 -13.630 -13.378 -12.969 -12.543
0.300 -11.785 -12.264 -12.738 -13.712 -13.938 -14.008 -14.088 -14.059 -14.112 -14.080 -14.120 -14.092 -14.028 -13.955 -13.771 -13.425 -13.045
0.400 -10.342 -10.894 -11.628 -13.045 -13.460 -13.608 -13.801 -13.739 -13.909 -13.844 -13.965 -14.005 -14.011 -13.985 -13.886 -13.619 -13.293
0.500 -8.849 -9.370 -10.283 -12.040 -12.664 -12.904 -13.228 -13.135 -13.440 -13.354 -13.560 -13.680 -13.776 -13.810 -13.820 -13.649 -13.390
0.600 -8.018 -8.517 -9.317 -11.015 -11.747 -12.056 -12.486 -12.379 -12.799 -12.718 -12.989 -13.190 -13.386 -13.489 -13.625 -13.568 -13.388
0.700 -7.657 -8.192 -8.921 -10.414 -11.054 -11.353 -11.797 -11.697 -12.158 -12.105 -12.399 -12.655 -12.934 -13.101 -13.361 -13.419 -13.318
0.800 -7.383 -7.943 -8.708 -10.185 -10.722 -10.970 -11.358 -11.273 -11.702 -11.675 -11.956 -12.228 -12.555 -12.762 -13.103 -13.231 -13.172
0.900 -7.104 -7.676 -8.510 -10.064 -10.575 -10.791 -11.123 -11.046 -11.416 -11.396 -11.649 -11.902 -12.235 -12.461 -12.856 -13.043 -13.026
1.000 -6.809 -7.386 -8.296 -9.952 -10.484 -10.695 -11.002 -10.925 -11.254 -11.225 -11.456 -11.677 -11.985 -12.207 -12.626 -12.857 -12.879
1.100 -6.497 -7.070 -8.063 -9.827 -10.408 -10.635 -10.958 -10.874 -11.209 -11.166 -11.398 -11.604 -11.881 -12.079 -12.457 -12.661 -12.669
1.200 -6.164 -6.726 -7.805 -9.677 -10.309 -10.556 -10.900 -10.810 -11.158 -11.105 -11.342 -11.541 -11.796 -11.976 -12.319 -12.496 -12.490
1.300 -5.812 -6.355 -7.526 -9.504 -10.191 -10.458 -10.827 -10.731 -11.097 -11.035 -11.281 -11.480 -11.723 -11.889 -12.202 -12.354 -12.333
1.400 -5.443 -5.958 -7.226 -9.309 -10.052 -10.343 -10.739 -10.637 -11.026 -10.958 -11.215 -11.419 -11.656 -11.814 -12.105 -12.236 -12.202
1.500 -5.053 -5.531 -6.903 -9.089 -9.893 -10.208 -10.634 -10.526 -10.942 -10.870 -11.140 -11.352 -11.591 -11.745 -12.021 -12.134 -12.088
1.600 -4.648 -5.076 -6.559 -8.848 -9.715 -10.055 -10.514 -10.401 -10.844 -10.770 -11.054 -11.278 -11.524 -11.678 -11.947 -12.048 -11.992
1.700 -4.226 -4.592 -6.194 -8.583 -9.517 -9.885 -10.377 -10.259 -10.734 -10.659 -10.958 -11.196 -11.453 -11.611 -11.878 -11.971 -11.907
1.800 -3.789 -4.078 -5.810 -8.296 -9.300 -9.696 -10.225 -10.102 -10.609 -10.536 -10.850 -11.104 -11.376 -11.540 -11.811 -11.901 -11.832
1.900 -3.339 -3.534 -5.407 -7.987 -9.064 -9.490 -10.056 -9.930 -10.471 -10.402 -10.730 -11.002 -11.291 -11.465 -11.745 -11.835 -11.764
2.000 -2.881 -2.965 -4.989 -7.657 -8.811 -9.268 -9.874 -9.745 -10.321 -10.257 -10.600 -10.891 -11.200 -11.385 -11.678 -11.773 -11.702
2.100 -2.412 -2.364 -4.554 -7.304 -8.540 -9.030 -9.676 -9.545 -10.157 -10.100 -10.458 -10.769 -11.101 -11.298 -11.609 -11.712 -11.643
2.200 -1.938 -1.735 -4.107 -6.931 -8.252 -8.776 -9.464 -9.332 -9.980 -9.934 -10.305 -10.638 -10.994 -11.206 -11.537 -11.652 -11.587
2.300 -1.460 -1.081 -3.650 -6.539 -7.948 -8.508 -9.240 -9.107 -9.793 -9.758 -10.143 -10.497 -10.879 -11.107 -11.461 -11.591 -11.532
2.400 -0.984 -0.406 -3.188 -6.131 -7.634 -8.230 -9.006 -8.874 -9.597 -9.576 -9.973 -10.349 -10.758 -11.002 -11.383 -11.529 -11.479
2.500 -0.510 0.292 -2.723 -5.708 -7.307 -7.941 -8.762 -8.631 -9.391 -9.387 -9.796 -10.193 -10.631 -10.893 -11.301 -11.466 -11.426
2.600 -0.042 1.009 -2.258 -5.272 -6.971 -7.644 -8.510 -8.382 -9.179 -9.192 -9.612 -10.030 -10.497 -10.777 -11.215 -11.401 -11.374
2.700 0.414 1.736 -1.800 -4.831 -6.632 -7.343 -8.254 -8.129 -8.962 -8.994 -9.424 -9.864 -10.359 -10.658 -11.126 -11.336 -11.321
2.800 0.857 2.469 -1.353 -4.386 -6.291 -7.040 -7.996 -7.875 -8.742 -8.794 -9.233 -9.693 -10.218 -10.536 -11.035 -11.268 -11.268
2.900 1.279 3.193 -0.924 -3.948 -5.954 -6.740 -7.738 -7.622 -8.522 -8.596 -9.041 -9.521 -10.074 -10.411 -10.941 -11.200 -11.215
3.000 1.679 3.895 -0.517 -3.521 -5.625 -6.446 -7.484 -7.374 -8.304 -8.398 -8.851 -9.348 -9.929 -10.284 -10.846 -11.130 -11.162
3.100 2.050 4.549 -0.138 -3.116 -5.310 -6.162 -7.237 -7.132 -8.089 -8.204 -8.662 -9.176 -9.783 -10.156 -10.749 -11.060 -11.108
3.200 2.389 5.125 0.206 -2.743 -5.013 -5.893 -7.000 -6.900 -7.881 -8.016 -8.478 -9.007 -9.638 -10.028 -10.652 -10.988 -11.055
3.300 2.479 5.225 0.297 -2.650 -4.924 -5.805 -6.913 -6.814 -7.795 -7.932 -8.394 -8.923 -9.556 -9.946 -10.572 -10.909 -10.976
3.400 2.556 5.302 0.374 -2.574 -4.847 -5.728 -6.836 -6.737 -7.718 -7.855 -8.317 -8.846 -9.479 -9.869 -10.495 -10.832 -10.899
3.500 2.630 5.376 0.448 -2.500 -4.773 -5.654 -6.762 -6.663 -7.644 -7.781 -8.243 -8.772 -9.405 -9.795 -10.421 -10.758 -10.825
3.600 2.702 5.447 0.519 -2.428 -4.702 -5.583 -6.691 -6.591 -7.573 -7.709 -8.172 -8.701 -9.333 -9.724 -10.349 -10.687 -10.754
3.700 2.771 5.516 0.588 -2.359 -4.633 -5.514 -6.622 -6.522 -7.504 -7.640 -8.103 -8.632 -9.265 -9.655 -10.280 -10.618 -10.685
3.800 2.837 5.582 0.654 -2.293 -4.567 -5.448 -6.555 -6.456 -7.438 -7.574 -8.036 -8.566 -9.198 -9.589 -10.214 -10.552 -10.619
3.900 2.901 5.646 0.718 -2.229 -4.503 -5.384 -6.492 -6.392 -7.374 -7.510 -7.973 -8.502 -9.135 -9.525 -10.150 -10.488 -10.555
4.000 2.962 5.708 0.780 -2.168 -4.441 -5.322 -6.430 -6.331 -7.312 -7.449 -7.911 -8.441 -9.073 -9.463 -10.089 -10.426 -10.493
4.100 3.021 5.767 0.839 -2.108 -4.382 -5.263 -6.371 -6.272 -7.253 -7.389 -7.852 -8.381 -9.014 -9.404 -10.030 -10.367 -10.434
4.200 3.079 5.824 0.896 -2.051 -4.325 -5.206 -6.314 -6.214 -7.196 -7.332 -7.795 -8.324 -8.956 -9.347 -9.972 -10.310 -10.377
4.300 3.134 5.880 0.952 -1.996 -4.269 -5.150 -6.258 -6.159 -7.141 -7.277 -7.739 -8.269 -8.901 -9.291 -9.917 -10.254 -10.321
4.400 3.188 5.933 1.005 -1.942 -4.216 -5.097 -6.205 -6.105 -7.087 -7.223 -7.686 -8.215 -8.847 -9.238 -9.863 -10.201 -10.268
4.500 3.240 5.985 1.057 -1.890 -4.164 -5.045 -6.153 -6.053 -7.035 -7.171 -7.634 -8.163 -8.795 -9.186 -9.811 -10.149 -10.216
4.600 3.290 6.036 1.108 -1.840 -4.113 -4.994 -6.102 -6.003 -6.984 -7.121 -7.583 -8.113 -8.745 -9.135 -9.761 -10.098 -10.165
4.700 3.339 6.085 1.157 -1.791 -4.064 -4.945 -6.053 -5.954 -6.935 -7.072 -7.534 -8.063 -8.696 -9.086 -9.712 -10.049 -10.116
4.800 3.387 6.132 1.205 -1.743 -4.016 -4.897 -6.005 -5.906 -6.888 -7.024 -7.486 -8.016 -8.648 -9.038 -9.664 -10.002 -10.069
4.900 3.433 6.179 1.251 -1.696 -3.970 -4.851 -5.959 -5.860 -6.841 -6.977 -7.440 -7.969 -8.602 -8.992 -9.618 -9.955 -10.022
5.000 3.479 6.224 1.296 -1.651 -3.925 -4.806 -5.914 -5.814 -6.796 -6.932 -7.395 -7.924 -8.556 -8.947 -9.572 -9.910 -9.977
5.100 3.523 6.268 1.340 -1.607 -3.881 -4.762 -5.869 -5.770 -6.752 -6.888 -7.350 -7.880 -8.512 -8.903 -9.528 -9.866 -9.933
5.200 3.566 6.312 1.384 -1.564 -3.837 -4.718 -5.826 -5.727 -6.709 -6.845 -7.307 -7.837 -8.469 -8.859 -9.485 -9.822 -9.890
5.300 3.608 6.354 1.426 -1.522 -3.795 -4.676 -5.784 -5.685 -6.666 -6.803 -7.265 -7.794 -8.427 -8.817 -9.443 -9.780 -9.847
5.400 3.649 6.395 1.467 -1.480 -3.754 -4.635 -5.743 -5.643 -6.625 -6.761 -7.224 -7.753 -8.386 -8.776 -9.401 -9.739 -9.806
5.500 3.690 6.435 1.508 -1.440 -3.713 -4.594 -5.702 -5.603 -6.585 -6.721 -7.183 -7.713 -8.345 -8.735 -9.361 -9.699 -9.766
5.600 3.729 6.475 1.547 -1.400 -3.674 -4.555 -5.663 -5.564 -6.545 -6.681 -7.144 -7.673 -8.306 -8.696 -9.321 -9.659 -9.726
5.700 3.768 6.514 1.586 -1.362 -3.635 -4.516 -5.624 -5.525 -6.506 -6.643 -7.105 -7.634 -8.267 -8.657 -9.283 -9.620 -9.687
5.800 3.806 6.552 1.624 -1.323 -3.597 -4.478 -5.586 -5.487 -6.468 -6.605 -7.067 -7.596 -8.229 -8.619 -9.245 -9.582 -9.649
5.900 3.844 6.589 1.661 -1.286 -3.560 -4.441 -5.549 -5.449 -6.431 -6.567 -7.030 -7.559 -8.192 -8.582 -9.207 -9.545 -9.612
6.000 3.880 6.626 1.698 -1.250 -3.523 -4.404 -5.512 -5.413 -6.395 -6.531 -6.993 -7.523 -8.155 -8.545 -9.171 -9.508 -9.575
6.100 3.916 6.662 1.734 -1.214 -3.487 -4.368 -5.476 -5.377 -6.359 -6.495 -6.957 -7.487 -8.119 -8.509 -9.135 -9.473 -9.540
6.200 3.951 6.697 1.769 -1.179 -3.452 -4.333 -5.441 -5.342 -6.323 -6.460 -6.922 -7.451 -8.084 -8.474 -9.100 -9.437 -9.504
6.300 3.986 6.731 1.803 -1.144 -3.418 -4.299 -5.406 -5.307 -6.289 -6.425 -6.887 -7.417 -8.049 -8.440 -9.065 -9.403 -9.470
6.400 4.020 6.765 1.837 -1.110 -3.384 -4.265 -5.372 -5.273 -6.255 -6.391 -6.853 -7.383 -8.015 -8.406 -9.031 -9.369 -9.436
6.500 4.053 6.799 1.871 -1.076 -3.350 -4.231 -5.339 -5.240 -6.221 -6.358 -6.820 -7.349 -7.982 -8.372 -8.998 -9.335 -9.402
6.600 4.086 6.832 1.904 -1.044 -3.317 -4.198 -5.306 -5.207 -6.188 -6.325 -6.787 -7.317 -7.949 -8.339 -8.965 -9.302 -9.369
6.700 4.118 6.864 1.936 -1.011 -3.285 -4.166 -5.274 -5.174 -6.156 -6.292 -6.755 -7.284 -7.917 -8.307 -8.932 -9.270 -9.337
6.800 4.150 6.896 1.968 -0.979 -3.253 -4.134 -5.242 -5.143 -6.124 -6.261 -6.723 -7.252 -7.885 -8.275 -8.901 -9.238 -9.305
6.900 4.182 6.927 1.999 -0.948 -3.222 -4.103 -5.211 -5.111 -6.093 -6.229 -6.692 -7.221 -7.854 -8.244 -8.869 -9.207 -9.274
7.000 4.212 6.958 2.030 -0.917 -3.191 -4.072 -5.180 -5.081 -6.062 -6.198 -6.661 -7.190 -7.823 -8.213 -8.839 -9.176 -9.243
7.100 4.243 6.988 2.060 -0.887 -3.161 -4.042 -5.150 -5.050 -6.032 -6.168 -6.631 -7.160 -7.792 -8.183 -8.808 -9.146 -9.213
7.200 4.272 7.018 2.090 -0.857 -3.131 -4.012 -5.120 -5.021 -6.002 -6.138 -6.601 -7.130 -7.763 -8.153 -8.778 -9.116 -9.183
7.300 4.302 7.047 2.119 -0.828 -3.102 -3.983 -5.090 -4.991 -5.973 -6.109 -6.571 -7.101 -7.733 -8.124 -8.749 -9.087 -9.154
7.400 4.331 7.076 2.148 -0.799 -3.073 -3.954 -5.061 -4.962 -5.944 -6.080 -6.542 -7.072 -7.704 -8.095 -8.720 -9.058 -9.125
7.500 4.359 7.105 2.177 -0.770 -3.044 -3.925 -5.033 -4.934 -5.915 -6.052 -6.514 -7.043 -7.676 -8.066 -8.692 -9.029 -9.096
7.600 4.387 7.133 2.205 -0.742 -3.016 -3.897 -5.005 -4.906 -5.887 -6.023 -6.486 -7.015 -7.648 -8.038 -8.664 -9.001 -9.068
7.700 4.415 7.161 2.233 -0.715 -2.988 -3.869 -4.977 -4.878 -5.860 -5.996 -6.458 -6.988 -7.620 -8.010 -8.636 -8.973 -9.040
7.800 4.442 7.188 2.260 -0.687 -2.961 -3.842 -4.950 -4.851 -5.832 -5.969 -6.431 -6.960 -7.593 -7.983 -8.609 -8.946 -9.013
7.900 4.469 7.215 2.287 -0.661 -2.934 -3.815 -4.923 -4.824 -5.805 -5.942 -6.404 -6.933 -7.566 -7.956 -8.582 -8.919 -8.986
8.000 4.496 7.241 2.313 -0.634 -2.908 -3.789 -4.897 -4.797 -5.779 -5.915 -6.378 -6.907 -7.539 -7.930 -8.555 -8.893 -8.960
8.100 4.522 7.267 2.340 -0.608 -2.881 -3.762 -4.870 -4.771 -5.753 -5.889 -6.351 -6.881 -7.513 -7.903 -8.529 -8.867 -8.934
8.200 4.548 7.293 2.365 -0.582 -2.856 -3.737 -4.845 -4.745 -5.727 -5.863 -6.326 -6.855 -7.487 -7.878 -8.503 -8.841 -8.908
8.300 4.573 7.319 2.391 -0.557 -2.830 -3.711 -4.819 -4.720 -5.701 -5.838 -6.300 -6.830 -7.462 -7.852 -8.478 -8.815 -8.882
8.400 4.598 7.344 2.416 -0.531 -2.805 -3.686 -4.794 -4.695 -5.676 -5.813 -6.275 -6.804 -7.437 -7.827 -8.453 -8.790 -8.857
8.500 4.623 7.369 2.441 -0.507 -2.780 -3.661 -4.769 -4.670 -5.652 -5.788 -6.250 -6.780 -7.412 -7.802 -8.428 -8.765 -8.832
8.600 4.648 7.393 2.465 -0.482 -2.756 -3.637 -4.745 -4.645 -5.627 -5.763 -6.226 -6.755 -7.388 -7.778 -8.403 -8.741 -8.808
8.700 4.672 7.417 2.489 -0.458 -2.732 -3.613 -4.721 -4.621 -5.603 -5.739 -6.202 -6.731 -7.363 -7.754 -8.379 -8.717 -8.784
8.800 4.695 7.441 2.513 -0.434 -2.708 -3.589 -4.697 -4.597 -5.579 -5.715 -6.178 -6.707 -7.340 -7.730 -8.355 -8.693 -8.760
8.900 4.719 7.465 2.537 -0.411 -2.684 -3.565 -4.673 -4.574 -5.556 -5.692 -6.154 -6.684 -7.316 -7.706 -8.332 -8.669 -8.736
9.000 4.742 7.488 2.560 -0.387 -2.661 -3.542 -4.650 -4.551 -5.532 -5.669 -6.131 -6.660 -7.293 -7.683 -8.309 -8.646 -8.713
9.100 4.765 7.511 2.583 -0.364 -2.638 -3.519 -4.627 -4.528 -5.509 -5.646 -6.108 -6.637 -7.270 -7.660 -8.286 -8.623 -8.690
9.200 4.788 7.533 2.606 -0.342 -2.615 -3.496 -4.604 -4.505 -5.487 -5.623 -6.085 -6.615 -7.247 -7.637 -8.263 -8.601 -8.668
9.300 4.810 7.556 2.628 -0.319 -2.593 -3.474 -4.582 -4.483 -5.464 -5.600 -6.063 -6.592 -7.225 -7.615 -8.241 -8.578 -8.645
9.400 4.832 7.578 2.650 -0.297 -2.571 -3.452 -4.560 -4.461 -5.442 -5.578 -6.041 -6.570 -7.203 -7.593 -8.218 -8.556 -8.623
9.500 4.854 7.600 2.672 -0.275 -2.549 -3.430 -4.538 -4.439 -5.420 -5.556 -6.019 -6.548 -7.181 -7.571 -8.197 -8.534 -8.601
9.600 4.876 7.622 2.694 -0.254 -2.527 -3.408 -4.516 -4.417 -5.399 -5.535 -5.997 -6.527 -7.159 -7.549 -8.175 -8.513 -8.580
9.700 4.897 7.643 2.715 -0.232 -2.506 -3.387 -4.495 -4.396 -5.377 -5.513 -5.976 -6.505 -7.138 -7.528 -8.154 -8.491 -8.558
9.800 4.918 7.664 2.736 -0.211 -2.485 -3.366 -4.474 -4.375 -5.356 -5.492 -5.955 -6.484 -7.117 -7.507 -8.132 -8.470 -8.537
9.900 4.939 7.685 2.757 -0.190 -2.464 -3.345 -4.453 -4.354 -5.335 -5.471 -5.934 -6.463 -7.096 -7.486 -8.112 -8.449 -8.516
10.000 4.960 7.706 2.778 -0.170 -2.443 -3.324 -4.432 -4.333 -5.315 -5.451 -5.913 -6.443 -7.075 -7.465 -8.091 -8.429 -8.496
10.100 4.980 7.726 2.798 -0.149 -2.423 -3.304 -4.412 -4.313 -5.294 -5.430 -5.893 -6.422 -7.055 -7.445 -8.071 -8.408 -8.475
10.200 5.001 7.746 2.818 -0.129 -2.403 -3.284 -4.392 -4.292 -5.274 -5.410 -5.873 -6.402 -7.034 -7.425 -8.050 -8.388 -8.455
10.300 5.021 7.766 2.838 -0.109 -2.383 -3.264 -4.372 -4.272 -5.254 -5.390 -5.853 -6.382 -7.015 -7.405 -8.030 -8.368 -8.435
10.400 5.040 7.786 2.858 -0.089 -2.363 -3.244 -4.352 -4.253 -5.234 -5.371 -5.833 -6.362 -6.995 -7.385 -8.011 -8.348 -8.415
10.500 5.060 7.805 2.877 -0.070 -2.344 -3.225 -4.332 -4.233 -5.215 -5.351 -5.813 -6.343 -6.975 -7.366 -7.991 -8.329 -8.396
10.600 5.079 7.825 2.897 -0.051 -2.324 -3.205 -4.313 -4.214 -5.195 -5.332 -5.794 -6.324 -6.956 -7.346 -7.972 -8.309 -8.376
10.700 5.098 7.844 2.916 -0.031 -2.305 -3.186 -4.294 -4.195 -5.176 -5.313 -5.775 -6.304 -6.937 -7.327 -7.953 -8.290 -8.357
10.800 5.117 7.863 2.935 -0.012 -2.286 -3.167 -4.275 -4.176 -5.157 -5.294 -5.756 -6.285 -6.918 -7.308 -7.934 -8.271 -8.338
10.900 5.136 7.882 2.954 0.006 -2.267 -3.148 -4.256 -4.157 -5.139 -5.275 -5.737 -6.267 -6.899 -7.289 -7.915 -8.253 -8.320
11.000 5.155 7.900 2.972 0.025 -2.249 -3.130 -4.238 -4.138 -5.120 -5.256 -5.719 -6.248 -6.881 -7.271 -7.896 -8.234 -8.301
11.100 5.173 7.918 2.990 0.043 -2.231 -3.112 -4.219 -4.120 -5.102 -5.238 -5.700 -6.230 -6.862 -7.253 -7.878 -8.216 -8.283
11.200 5.191 7.937 3.009 0.061 -2.212 -3.093 -4.201 -4.102 -5.084 -5.220 -5.682 -6.212 -6.844 -7.234 -7.860 -8.197 -8.264
11.300 5.209 7.955 3.027 0.079 -2.194 -3.075 -4.183 -4.084 -5.066 -5.202 -5.664 -6.194 -6.826 -7.216 -7.842 -8.179 -8.247
11.400 5.227 7.972 3.044 0.097 -2.177 -3.058 -4.165 -4.066 -5.048 -5.184 -5.646 -6.176 -6.808 -7.199 -7.824 -8.162 -8.229
11.500 5.244 7.990 3.062 0.115 -2.159 -3.040 -4.148 -4.049 -5.030 -5.166 -5.629 -6.158 -6.791 -7.181 -7.806 -8.144 -8.211
11.600 5.262 8.008 3.080 0.132 -2.141 -3.022 -4.130 -4.031 -5.013 -5.149 -5.611 -6.141 -6.773 -7.163 -7.789 -8.127 -8.194
11.700 5.279 8.025 3.097 0.149 -2.124 -3.005 -4.113 -4.014 -4.995 -5.132 -5.594 -6.123 -6.756 -7.146 -7.772 -8.109 -8.176
11.800 5.296 8.042 3.114 0.167 -2.107 -2.988 -4.096 -3.997 -4.978 -5.114 -5.577 -6.106 -6.739 -7.129 -7.755 -8.092 -8.159
11.900 5.313 8.059 3.131 0.184 -2.090 -2.971 -4.079 -3.980 -4.961 -5.097 -5.560 -6.089 -6.722 -7.112 -7.738 -8.075 -8.142
12.000 5.330 8.076 3.148 0.200 -2.073 -2.954 -4.062 -3.963 -4.944 -5.081 -5.543 -6.073 -6.705 -7.095 -7.721 -8.058 -8.125
12.100 5.347 8.092 3.164 0.217 -2.057 -2.938 -4.045 -3.946 -4.928 -5.064 -5.526 -6.056 -6.688 -7.079 -7.704 -8.042 -8.109
12.200 5.363 8.109 3.181 0.234 -2.040 -2.921 -4.029 -3.930 -4.911 -5.048 -5.510 -6.039 -6.672 -7.062 -7.688 -8.025 -8.092
12.300 5.380 8.125 3.197 0.250 -2.024 -2.905 -4.013 -3.913 -4.895 -5.031 -5.494 -6.023 -6.655 -7.046 -7.671 -8.009 -8.076
12.400 5.396 8.141 3.213 0.266 -2.008 -2.889 -3.996 -3.897 -4.879 -5.015 -5.477 -6.007 -6.639 -7.030 -7.655 -7.993 -8.060
12.500 5.412 8.157 3.229 0.282 -1.991 -2.872 -3.980 -3.881 -4.863 -4.999 -5.461 -5.991 -6.623 -7.013 -7.639 -7.977 -8.044
12.600 5.428 8.173 3.245 0.298 -1.976 -2.857 -3.964 -3.865 -4.847 -4.983 -5.445 -5.975 -6.607 -6.998 -7.623 -7.961 -8.028
12.700 5.444 8.189 3.261 0.314 -1.960 -2.841 -3.949 -3.849 -4.831 -4.967 -5.430 -5.959 -6.592 -6.982 -7.607 -7.945 -8.012
12.800 5.459 8.205 3.277 0.329 -1.944 -2.825 -3.933 -3.834 -4.815 -4.952 -5.414 -5.943 -6.576 -6.966 -7.592 -7.929 -7.996
12.900 5.475 8.220 3.292 0.345 -1.929 -2.810 -3.918 -3.818 -4.800 -4.936 -5.399 -5.928 -6.560 -6.951 -7.576 -7.914 -7.981
13.000 5.490 8.236 3.308 0.360 -1.913 -2.794 -3.902 -3.803 -4.785 -4.921 -5.383 -5.913 -6.545 -6.935 -7.561 -7.898 -7.965
13.100 5.505 8.251 3.323 0.376 -1.898 -2.779 -3.887 -3.788 -4.769 -4.906 -5.368 -5.897 -6.530 -6.920 -7.546 -7.883 -7.950
13.200 5.520 8.266 3.338 0.391 -1.883 -2.764 -3.872 -3.773 -4.754 -4.890 -5.353 -5.882 -6.515 -6.905 -7.531 -7.868 -7.935
13.300 5.535 8.281 3.353 0.406 -1.868 -2.749 -3.857 -3.758 -4.739 -4.875 -5.338 -5.867 -6.500 -6.890 -7.516 -7.853 -7.920
13.400 5.550 8.296 3.368 0.420 -1.853 -2.734 -3.842 -3.743 -4.724 -4.861 -5.323 -5.852 -6.485 -6.875 -7.501 -7.838 -7.905
13.500 5.565 8.311 3.383 0.435 -1.838 -2.719 -3.827 -3.728 -4.710 -4.846 -5.308 -5.838 -6.470 -6.860 -7.486 -7.824 -7.891
13.600 5.580 8.325 3.397 0.450 -1.824 -2.705 -3.813 -3.713 -4.695 -4.831 -5.294 -5.823 -6.456 -6.846 -7.471 -7.809 -7.876
13.700 5.594 8.340 3.412 0.464 -1.809 -2.690 -3.798 -3.699 -4.681 -4.817 -5.279 -5.809 -6.441 -6.831 -7.457 -7.794 -7.861
13.800 5.608 8.354 3.426 0.479 -1.795 -2.676 -3.784 -3.685 -4.666 -4.802 -5.265 -5.794 -6.427 -6.817 -7.443 -7.780 -7.847
13.900 5.623 8.368 3.440 0.493 -1.781 -2.662 -3.770 -3.670 -4.652 -4.788 -5.251 -5.780 -6.412 -6.803 -7.428 -7.766 -7.833
14.000 5.637 8.382 3.454 0.507 -1.767 -2.648 -3.755 -3.656 -4.638 -4.774 -5.236 -5.766 -6.398 -6.789 -7.414 -7.752 -7.819
14.100 5.651 8.396 3.468 0.521 -1.753 -2.634 -3.741 -3.642 -4.624 -4.760 -5.222 -5.752 -6.384 -6.775 -7.400 -7.738 -7.805
14.200 5.665 8.410 3.482 0.535 -1.739 -2.620 -3.727 -3.628 -4.610 -4.746 -5.208 -5.738 -6.370 -6.761 -7.386 -7.724 -7.791
14.300 5.679 8.424 3.496 0.549 -1.725 -2.606 -3.714 -3.614 -4.596 -4.732 -5.195 -5.724 -6.356 -6.747 -7.372 -7.710 -7.777
14.400 5.692 8.438 3.510 0.563 -1.711 -2.592 -3.700 -3.601 -4.582 -4.719 -5.181 -5.710 -6.343 -6.733 -7.359 -7.696 -7.763
14.500 5.706 8.451 3.524 0.576 -1.697 -2.578 -3.686 -3.587 -4.569 -4.705 -5.167 -5.697 -6.329 -6.719 -7.345 -7.683 -7.750
14.600 5.719 8.465 3.537 0.590 -1.684 -2.565 -3.673 -3.574 -4.555 -4.691 -5.154 -5.683 -6.316 -6.706 -7.332 -7.669 -7.736
14.700 5.733 8.478 3.550 0.603 -1.671 -2.552 -3.659 -3.560 -4.542 -4.678 -5.140 -5.670 -6.302 -6.693 -7.318 -7.656 -7.723
14.800 5.746 8.492 3.564 0.616 -1.657 -2.538 -3.646 -3.547 -4.529 -4.665 -5.127 -5.657 -6.289 -6.679 -7.305 -7.642 -7.709
14.900 5.759 8.505 3.577 0.630 -1.644 -2.525 -3.633 -3.534 -4.515 -4.651 -5.114 -5.643 -6.276 -6.666 -7.292 -7.629 -7.696
15.000 5.772 8.518 3.590 0.643 -1.631 -2.512 -3.620 -3.521 -4.502 -4.638 -5.101 -5.630 -6.263 -6.653 -7.279 -7.616 -7.683
