# day W2 M2 W1 u B g V c r w o i z y J H K
0.000 -10.962 -10.759 -10.556 -9.702 -9.336 -9.159 -8.848 -8.972 -8.592 -8.776 -8.451 -8.170 -7.856 -7.613 -7.122 -6.487 -5.900
0.100 -14.931 -15.031 -15.026 -14.902 -14.743 -14.650 -14.481 -14.543 -14.322 -14.411 -14.231 -14.043 -13.817 -13.634 -13.253 -12.726 -12.219
0.200 -14.204 -14.492 -14.674 -15.042 -15.039 -15.010 -14.939 -14.962 -14.848 -14.882 -14.791 -14.662 -14.492 -14.346 -14.032 -13.568 -13.107
0.300 -13.098 -13.519 -13.894 -14.690 -14.845 -14.883 -14.912 -14.899 -14.894 -14.880 -14.875 -14.807 -14.697 -14.591 -14.348 -13.950 -13.535
0.400 -11.603 -12.111 -12.717 -13.956 -14.301 -14.420 -14.568 -14.517 -14.638 -14.582 -14.668 -14.672 -14.636 -14.579 -14.422 -14.103 -13.744
0.500 -10.243 -10.706 -11.407 -12.931 -13.477 -13.688 -13.968 -13.884 -14.144 -14.060 -14.238 -14.327 -14.381 -14.385 -14.337 -14.114 -13.822
0.600 -9.678 -10.105 -10.632 -11.956 -12.575 -12.845 -13.227 -13.128 -13.503 -13.420 -13.667 -13.839 -13.994 -14.066 -14.142 -14.030 -13.811
0.700 -9.460 -9.918 -10.390 -11.457 -11.933 -12.174 -12.554 -12.466 -12.874 -12.821 -13.088 -13.318 -13.561 -13.699 -13.895 -13.886 -13.733
0.800 -9.274 -9.763 -10.267 -11.312 -11.654 -11.822 -12.110 -12.047 -12.389 -12.371 -12.609 -12.848 -13.141 -13.327 -13.627 -13.716 -13.628
0.900 -9.068 -9.581 -10.139 -11.257 -11.564 -11.690 -11.895 -11.847 -12.095 -12.090 -12.278 -12.480 -12.772 -12.980 -13.354 -13.529 -13.505
1.000 -8.841 -9.375 -9.991 -11.205 -11.529 -11.649 -11.823 -11.777 -11.971 -11.958 -12.110 -12.263 -12.512 -12.707 -13.099 -13.322 -13.342
1.100 -8.593 -9.144 -9.821 -11.135 -11.498 -11.630 -11.816 -11.763 -11.957 -11.929 -12.078 -12.207 -12.412 -12.575 -12.914 -13.104 -13.109
1.200 -8.320 -8.884 -9.626 -11.040 -11.445 -11.593 -11.795 -11.736 -11.938 -11.898 -12.049 -12.166 -12.338 -12.473 -12.761 -12.915 -12.902
1.300 -8.027 -8.600 -9.410 -10.925 -11.373 -11.538 -11.760 -11.694 -11.911 -11.860 -12.018 -12.128 -12.278 -12.391 -12.634 -12.752 -12.719
1.400 -7.714 -8.290 -9.172 -10.788 -11.283 -11.465 -11.710 -11.638 -11.873 -11.813 -11.981 -12.091 -12.227 -12.324 -12.530 -12.614 -12.562
1.500 -7.377 -7.953 -8.911 -10.629 -11.172 -11.374 -11.644 -11.565 -11.822 -11.754 -11.934 -12.049 -12.179 -12.266 -12.443 -12.497 -12.426
1.600 -7.023 -7.592 -8.630 -10.451 -11.045 -11.267 -11.564 -11.478 -11.760 -11.685 -11.879 -12.003 -12.133 -12.214 -12.370 -12.400 -12.311
1.700 -6.648 -7.202 -8.327 -10.251 -10.899 -11.143 -11.469 -11.376 -11.684 -11.604 -11.813 -11.947 -12.083 -12.162 -12.306 -12.316 -12.212
1.800 -6.254 -6.786 -8.003 -10.031 -10.734 -11.002 -11.358 -11.259 -11.596 -11.511 -11.736 -11.884 -12.028 -12.109 -12.247 -12.243 -12.127
1.900 -5.844 -6.344 -7.659 -9.791 -10.553 -10.844 -11.232 -11.127 -11.494 -11.406 -11.648 -11.811 -11.967 -12.054 -12.192 -12.179 -12.054
2.000 -5.418 -5.876 -7.297 -9.531 -10.354 -10.671 -11.092 -10.982 -11.380 -11.291 -11.549 -11.728 -11.900 -11.994 -12.137 -12.121 -11.989
2.100 -4.975 -5.378 -6.914 -9.249 -10.137 -10.481 -10.937 -10.821 -11.252 -11.162 -11.438 -11.635 -11.824 -11.928 -12.081 -12.066 -11.931
2.200 -4.521 -4.855 -6.514 -8.947 -9.904 -10.275 -10.767 -10.647 -11.112 -11.024 -11.316 -11.532 -11.741 -11.856 -12.024 -12.014 -11.878
2.300 -4.055 -4.305 -6.097 -8.626 -9.654 -10.055 -10.584 -10.459 -10.959 -10.874 -11.183 -11.419 -11.650 -11.778 -11.964 -11.963 -11.828
2.400 -3.580 -3.730 -5.667 -8.287 -9.388 -9.819 -10.388 -10.259 -10.795 -10.714 -11.039 -11.296 -11.551 -11.693 -11.900 -11.911 -11.781
2.500 -3.098 -3.129 -5.222 -7.927 -9.106 -9.569 -10.177 -10.046 -10.618 -10.544 -10.885 -11.163 -11.444 -11.601 -11.832 -11.859 -11.736
2.600 -2.611 -2.503 -4.766 -7.549 -8.809 -9.305 -9.954 -9.821 -10.430 -10.365 -10.721 -11.021 -11.329 -11.503 -11.760 -11.805 -11.691
2.700 -2.123 -1.856 -4.302 -7.155 -8.499 -9.029 -9.720 -9.586 -10.232 -10.177 -10.548 -10.871 -11.206 -11.399 -11.684 -11.749 -11.646
2.800 -1.635 -1.187 -3.832 -6.744 -8.176 -8.741 -9.476 -9.341 -10.025 -9.983 -10.366 -10.713 -11.077 -11.288 -11.604 -11.691 -11.601
2.900 -1.148 -0.499 -3.357 -6.319 -7.842 -8.443 -9.221 -9.087 -9.808 -9.781 -10.178 -10.547 -10.941 -11.172 -11.520 -11.631 -11.555
3.000 -0.666 0.208 -2.881 -5.880 -7.498 -8.136 -8.958 -8.826 -9.584 -9.574 -9.982 -10.374 -10.799 -11.050 -11.432 -11.569 -11.508
3.100 -0.191 0.927 -2.408 -5.432 -7.146 -7.822 -8.689 -8.559 -9.354 -9.362 -9.782 -10.196 -10.653 -10.924 -11.340 -11.505 -11.460
3.200 0.274 1.657 -1.940 -4.977 -6.790 -7.503 -8.415 -8.289 -9.120 -9.148 -9.577 -10.014 -10.502 -10.794 -11.246 -11.439 -11.411
3.300 0.729 2.393 -1.481 -4.518 -6.431 -7.182 -8.138 -8.017 -8.883 -8.932 -9.370 -9.828 -10.347 -10.660 -11.148 -11.370 -11.361
3.400 1.167 3.123 -1.036 -4.061 -6.075 -6.863 -7.862 -7.745 -8.645 -8.716 -9.162 -9.641 -10.191 -10.524 -11.049 -11.301 -11.311
3.500 1.588 3.840 -0.608 -3.611 -5.723 -6.546 -7.586 -7.476 -8.407 -8.502 -8.954 -9.452 -10.032 -10.387 -10.947 -11.230 -11.259
3.600 1.986 4.523 -0.202 -3.176 -5.381 -6.237 -7.316 -7.212 -8.172 -8.290 -8.748 -9.264 -9.873 -10.248 -10.845 -11.157 -11.207
3.700 2.306 5.052 0.124 -2.823 -5.097 -5.978 -7.086 -6.986 -7.968 -8.104 -8.567 -9.096 -9.729 -10.119 -10.744 -11.082 -11.149
3.800 2.389 5.134 0.207 -2.741 -5.014 -5.895 -7.003 -6.904 -7.886 -8.022 -8.484 -9.014 -9.646 -10.036 -10.662 -11.000 -11.067
3.900 2.468 5.214 0.286 -2.661 -4.935 -5.816 -6.924 -6.825 -7.806 -7.942 -8.405 -8.934 -9.567 -9.957 -10.582 -10.920 -10.987
4.000 2.545 5.291 0.363 -2.585 -4.858 -5.739 -6.847 -6.748 -7.729 -7.866 -8.328 -8.858 -9.490 -9.880 -10.506 -10.843 -10.910
4.100 2.619 5.364 0.437 -2.511 -4.784 -5.665 -6.773 -6.674 -7.656 -7.792 -8.254 -8.784 -9.416 -9.806 -10.432 -10.770 -10.837
4.200 2.690 5.436 0.508 -2.440 -4.713 -5.594 -6.702 -6.603 -7.585 -7.721 -8.183 -8.713 -9.345 -9.735 -10.361 -10.699 -10.766
4.300 2.758 5.504 0.576 -2.371 -4.645 -5.526 -6.634 -6.535 -7.516 -7.652 -8.115 -8.644 -9.277 -9.667 -10.293 -10.630 -10.697
4.400 2.824 5.570 0.642 -2.306 -4.579 -5.460 -6.568 -6.469 -7.451 -7.587 -8.049 -8.579 -9.211 -9.601 -10.227 -10.564 -10.631
4.500 2.887 5.633 0.705 -2.242 -4.516 -5.397 -6.505 -6.406 -7.387 -7.524 -7.986 -8.515 -9.148 -9.538 -10.164 -10.501 -10.568
4.600 2.948 5.694 0.766 -2.182 -4.455 -5.336 -6.444 -6.345 -7.326 -7.463 -7.925 -8.455 -9.087 -9.477 -10.103 -10.440 -10.507
4.700 3.007 5.752 0.824 -2.123 -4.397 -5.278 -6.385 -6.286 -7.268 -7.404 -7.866 -8.396 -9.028 -9.419 -10.044 -10.382 -10.449
4.800 3.063 5.809 0.881 -2.066 -4.340 -5.221 -6.329 -6.230 -7.211 -7.347 -7.810 -8.339 -8.972 -9.362 -9.988 -10.325 -10.392
4.900 3.118 5.863 0.935 -2.012 -4.286 -5.167 -6.274 -6.175 -7.157 -7.293 -7.755 -8.285 -8.917 -9.308 -9.933 -10.271 -10.338
5.000 3.171 5.916 0.988 -1.959 -4.233 -5.114 -6.222 -6.122 -7.104 -7.240 -7.703 -8.232 -8.865 -9.255 -9.880 -10.218 -10.285
5.100 3.221 5.967 1.039 -1.908 -4.182 -5.063 -6.171 -6.072 -7.053 -7.189 -7.652 -8.181 -8.814 -9.204 -9.829 -10.167 -10.234
5.200 3.271 6.016 1.088 -1.859 -4.133 -5.014 -6.121 -6.022 -7.004 -7.140 -7.602 -8.132 -8.764 -9.155 -9.780 -10.118 -10.185
5.300 3.319 6.064 1.136 -1.811 -4.085 -4.966 -6.074 -5.974 -6.956 -7.092 -7.555 -8.084 -8.717 -9.107 -9.732 -10.070 -10.137
5.400 3.365 6.110 1.183 -1.765 -4.038 -4.919 -6.027 -5.928 -6.910 -7.046 -7.508 -8.038 -8.670 -9.060 -9.686 -10.024 -10.091
5.500 3.410 6.156 1.228 -1.720 -3.993 -4.874 -5.982 -5.883 -6.865 -7.001 -7.463 -7.993 -8.625 -9.015 -9.641 -9.979 -10.046
5.600 3.454 6.199 1.271 -1.676 -3.950 -4.831 -5.939 -5.839 -6.821 -6.957 -7.420 -7.949 -8.581 -8.972 -9.597 -9.935 -10.002
5.700 3.496 6.242 1.314 -1.633 -3.907 -4.788 -5.896 -5.797 -6.778 -6.914 -7.377 -7.906 -8.539 -8.929 -9.555 -9.892 -9.959
5.800 3.538 6.283 1.355 -1.592 -3.866 -4.747 -5.854 -5.755 -6.737 -6.873 -7.335 -7.865 -8.497 -8.888 -9.513 -9.851 -9.918
5.900 3.578 6.324 1.396 -1.551 -3.825 -4.706 -5.814 -5.715 -6.696 -6.833 -7.295 -7.824 -8.457 -8.847 -9.473 -9.810 -9.877
6.000 3.618 6.363 1.435 -1.512 -3.786 -4.667 -5.775 -5.675 -6.657 -6.793 -7.256 -7.785 -8.417 -8.808 -9.433 -9.771 -9.838
6.100 3.656 6.402 1.474 -1.473 -3.747 -4.628 -5.736 -5.637 -6.618 -6.755 -7.217 -7.746 -8.379 -8.769 -9.395 -9.732 -9.799
6.200 3.694 6.440 1.512 -1.436 -3.709 -4.590 -5.698 -5.599 -6.581 -6.717 -7.179 -7.709 -8.341 -8.731 -9.357 -9.695 -9.762
6.300 3.731 6.476 1.548 -1.399 -3.673 -4.554 -5.661 -5.562 -6.544 -6.680 -7.142 -7.672 -8.304 -8.695 -9.320 -9.658 -9.725
6.400 3.767 6.512 1.584 -1.363 -3.637 -4.518 -5.625 -5.526 -6.508 -6.644 -7.106 -7.636 -8.268 -8.659 -9.284 -9.622 -9.689
6.500 3.802 6.548 1.620 -1.328 -3.601 -4.482 -5.590 -5.491 -6.473 -6.609 -7.071 -7.601 -8.233 -8.623 -9.249 -9.586 -9.653
6.600 3.837 6.582 1.654 -1.293 -3.567 -4.448 -5.556 -5.456 -6.438 -6.574 -7.037 -7.566 -8.198 -8.589 -9.214 -9.552 -9.619
6.700 3.870 6.616 1.688 -1.259 -3.533 -4.414 -5.522 -5.423 -6.404 -6.540 -7.003 -7.532 -8.165 -8.555 -9.181 -9.518 -9.585
6.800 3.904 6.649 1.721 -1.226 -3.500 -4.381 -5.489 -5.389 -6.371 -6.507 -6.970 -7.499 -8.131 -8.522 -9.147 -9.485 -9.552
6.900 3.936 6.682 1.754 -1.194 -3.467 -4.348 -5.456 -5.357 -6.338 -6.475 -6.937 -7.467 -8.099 -8.489 -9.115 -9.452 -9.519
7.000 3.968 6.714 1.786 -1.162 -3.435 -4.316 -5.424 -5.325 -6.307 -6.443 -6.905 -7.435 -8.067 -8.457 -9.083 -9.420 -9.487
7.100 3.999 6.745 1.817 -1.130 -3.404 -4.285 -5.393 -5.294 -6.275 -6.411 -6.874 -7.403 -8.036 -8.426 -9.052 -9.389 -9.456
7.200 4.030 6.776 1.848 -1.100 -3.373 -4.254 -5.362 -5.263 -6.244 -6.381 -6.843 -7.372 -8.005 -8.395 -9.021 -9.358 -9.425
7.300 4.060 6.806 1.878 -1.069 -3.343 -4.224 -5.332 -5.233 -6.214 -6.350 -6.813 -7.342 -7.975 -8.365 -8.991 -9.328 -9.395
7.400 4.090 6.836 1.908 -1.040 -3.313 -4.194 -5.302 -5.203 -6.184 -6.321 -6.783 -7.313 -7.945 -8.335 -8.961 -9.298 -9.365
7.500 4.119 6.865 1.937 -1.010 -3.284 -4.165 -5.273 -5.174 -6.155 -6.291 -6.754 -7.283 -7.916 -8.306 -8.932 -9.269 -9.336
7.600 4.148 6.894 1.966 -0.982 -3.255 -4.136 -5.244 -5.145 -6.127 -6.263 -6.725 -7.255 -7.887 -8.277 -8.903 -9.240 -9.307
7.700 4.176 6.922 1.994 -0.953 -3.227 -4.108 -5.216 -5.117 -6.098 -6.234 -6.697 -7.226 -7.859 -8.249 -8.875 -9.212 -9.279
7.800 4.204 6.950 2.022 -0.926 -3.199 -4.080 -5.188 -5.089 -6.070 -6.207 -6.669 -7.199 -7.831 -8.221 -8.847 -9.184 -9.251
7.900 4.231 6.977 2.049 -0.898 -3.172 -4.053 -5.161 -5.061 -6.043 -6.179 -6.642 -7.171 -7.804 -8.194 -8.819 -9.157 -9.224
8.000 4.258 7.004 2.076 -0.871 -3.145 -4.026 -5.134 -5.035 -6.016 -6.152 -6.615 -7.144 -7.777 -8.167 -8.793 -9.130 -9.197
8.100 4.285 7.031 2.103 -0.845 -3.118 -3.999 -5.107 -5.008 -5.990 -6.126 -6.588 -7.118 -7.750 -8.140 -8.766 -9.104 -9.171
8.200 4.311 7.057 2.129 -0.819 -3.092 -3.973 -5.081 -4.982 -5.964 -6.100 -6.562 -7.092 -7.724 -8.114 -8.740 -9.077 -9.144
8.300 4.337 7.082 2.154 -0.793 -3.067 -3.948 -5.055 -4.956 -5.938 -6.074 -6.536 -7.066 -7.698 -8.089 -8.714 -9.052 -9.119
8.400 4.362 7.108 2.180 -0.768 -3.041 -3.922 -5.030 -4.931 -5.912 -6.049 -6.511 -7.041 -7.673 -8.063 -8.689 -9.026 -9.093
8.500 4.387 7.133 2.205 -0.743 -3.016 -3.897 -5.005 -4.906 -5.887 -6.024 -6.486 -7.016 -7.648 -8.038 -8.664 -9.001 -9.068
8.600 4.412 7.157 2.229 -0.718 -2.992 -3.873 -4.980 -4.881 -5.863 -5.999 -6.461 -6.991 -7.623 -8.014 -8.639 -8.977 -9.044
8.700 4.436 7.182 2.254 -0.694 -2.967 -3.848 -4.956 -4.857 -5.839 -5.975 -6.437 -6.967 -7.599 -7.989 -8.615 -8.952 -9.019
8.800 4.460 7.206 2.278 -0.670 -2.943 -3.824 -4.932 -4.833 -5.815 -5.951 -6.413 -6.943 -7.575 -7.965 -8.591 -8.928 -8.995
8.900 4.484 7.229 2.301 -0.646 -2.920 -3.801 -4.909 -4.809 -5.791 -5.927 -6.390 -6.919 -7.551 -7.942 -8.567 -8.905 -8.972
9.000 4.507 7.253 2.325 -0.623 -2.896 -3.777 -4.885 -4.786 -5.768 -5.904 -6.366 -6.896 -7.528 -7.918 -8.544 -8.881 -8.948
9.100 4.530 7.276 2.348 -0.600 -2.873 -3.754 -4.862 -4.763 -5.745 -5.881 -6.343 -6.873 -7.505 -7.895 -8.521 -8.858 -8.925
9.200 4.553 7.298 2.370 -0.577 -2.851 -3.732 -4.839 -4.740 -5.722 -5.858 -6.320 -6.850 -7.482 -7.873 -8.498 -8.836 -8.903
9.300 4.575 7.321 2.393 -0.555 -2.828 -3.709 -4.817 -4.718 -5.699 -5.836 -6.298 -6.827 -7.460 -7.850 -8.476 -8.813 -8.880
9.400 4.597 7.343 2.415 -0.532 -2.806 -3.687 -4.795 -4.696 -5.677 -5.813 -6.276 -6.805 -7.438 -7.828 -8.454 -8.791 -8.858
9.500 4.619 7.365 2.437 -0.511 -2.784 -3.665 -4.773 -4.674 -5.655 -5.792 -6.254 -6.783 -7.416 -7.806 -8.432 -8.769 -8.836
9.600 4.641 7.386 2.458 -0.489 -2.763 -3.644 -4.751 -4.652 -5.634 -5.770 -6.232 -6.762 -7.394 -7.785 -8.410 -8.748 -8.815
9.700 4.662 7.408 2.480 -0.468 -2.741 -3.622 -4.730 -4.631 -5.612 -5.749 -6.211 -6.741 -7.373 -7.763 -8.389 -8.726 -8.793
9.800 4.683 7.429 2.501 -0.446 -2.720 -3.601 -4.709 -4.610 -5.591 -5.728 -6.190 -6.719 -7.352 -7.742 -8.368 -8.705 -8.772
9.900 4.704 7.450 2.522 -0.426 -2.699 -3.580 -4.688 -4.589 -5.571 -5.707 -6.169 -6.699 -7.331 -7.721 -8.347 -8.684 -8.751
10.000 4.725 7.470 2.542 -0.405 -2.679 -3.560 -4.668 -4.568 -5.550 -5.686 -6.149 -6.678 -7.310 -7.701 -8.326 -8.664 -8.731
10.100 4.745 7.491 2.563 -0.385 -2.658 -3.539 -4.647 -4.548 -5.530 -5.666 -6.128 -6.658 -7.290 -7.680 -8.306 -8.643 -8.711
10.200 4.765 7.511 2.583 -0.365 -2.638 -3.519 -4.627 -4.528 -5.510 -5.646 -6.108 -6.638 -7.270 -7.660 -8.286 -8.623 -8.690
10.300 4.785 7.531 2.603 -0.345 -2.618 -3.499 -4.607 -4.508 -5.490 -5.626 -6.088 -6.618 -7.250 -7.640 -8.266 -8.603 -8.671
10.400 4.805 7.550 2.622 -0.325 -2.599 -3.480 -4.588 -4.488 -5.470 -5.606 -6.069 -6.598 -7.230 -7.621 -8.246 -8.584 -8.651
10.500 4.824 7.570 2.642 -0.306 -2.579 -3.460 -4.568 -4.469 -5.451 -5.587 -6.049 -6.579 -7.211 -7.601 -8.227 -8.564 -8.631
10.600 4.843 7.589 2.661 -0.286 -2.560 -3.441 -4.549 -4.450 -5.431 -5.567 -6.030 -6.559 -7.192 -7.582 -8.208 -8.545 -8.612
10.700 4.862 7.608 2.680 -0.267 -2.541 -3.422 -4.530 -4.431 -5.412 -5.548 -6.011 -6.540 -7.173 -7.563 -8.189 -8.526 -8.593
10.800 4.881 7.627 2.699 -0.249 -2.522 -3.403 -4.511 -4.412 -5.393 -5.530 -5.992 -6.522 -7.154 -7.544 -8.170 -8.507 -8.574
10.900 4.900 7.645 2.717 -0.230 -2.504 -3.385 -4.492 -4.393 -5.375 -5.511 -5.973 -6.503 -7.135 -7.526 -8.151 -8.489 -8.556
11.000 4.918 7.664 2.736 -0.212 -2.485 -3.366 -4.474 -4.375 -5.356 -5.493 -5.955 -6.484 -7.117 -7.507 -8.133 -8.470 -8.537
11.100 4.936 7.682 2.754 -0.193 -2.467 -3.348 -4.456 -4.357 -5.338 -5.474 -5.937 -6.466 -7.099 -7.489 -8.115 -8.452 -8.519
11.200 4.954 7.700 2.772 -0.175 -2.449 -3.330 -4.438 -4.339 -5.320 -5.456 -5.919 -6.448 -7.081 -7.471 -8.096 -8.434 -8.501
11.300 4.972 7.718 2.790 -0.157 -2.431 -3.312 -4.420 -4.321 -5.302 -5.439 -5.901 -6.430 -7.063 -7.453 -8.079 -8.416 -8.483
11.400 4.990 7.736 2.808 -0.140 -2.413 -3.294 -4.402 -4.303 -5.285 -5.421 -5.883 -6.413 -7.045 -7.435 -8.061 -8.399 -8.466
11.500 5.007 7.753 2.825 -0.122 -2.396 -3.277 -4.385 -4.286 -5.267 -5.403 -5.866 -6.395 -7.028 -7.418 -8.043 -8.381 -8.448
11.600 5.025 7.770 2.842 -0.105 -2.379 -3.260 -4.367 -4.268 -5.250 -5.386 -5.848 -6.378 -7.010 -7.401 -8.026 -8.364 -8.431
11.700 5.042 7.788 2.860 -0.088 -2.361 -3.242 -4.350 -4.251 -5.233 -5.369 -5.831 -6.361 -6.993 -7.383 -8.009 -8.347 -8.414
11.800 5.059 7.805 2.877 -0.071 -2.344 -3.225 -4.333 -4.234 -5.216 -5.352 -5.814 -6.344 -6.976 -7.366 -7.992 -8.330 -8.397
11.900 5.076 7.821 2.893 -0.054 -2.328 -3.209 -4.316 -4.217 -5.199 -5.335 -5.797 -6.327 -6.959 -7.350 -7.975 -8.313 -8.380
12.000 5.092 7.838 2.910 -0.037 -2.311 -3.192 -4.300 -4.201 -5.182 -5.318 -5.781 -6.310 -6.943 -7.333 -7.959 -8.296 -8.363
12.100 5.109 7.854 2.927 -0.021 -2.294 -3.175 -4.283 -4.184 -5.166 -5.302 -5.764 -6.294 -6.926 -7.316 -7.942 -8.280 -8.347
12.200 5.125 7.871 2.943 -0.004 -2.278 -3.159 -4.267 -4.168 -5.149 -5.286 -5.748 -6.277 -6.910 -7.300 -7.926 -8.263 -8.330
12.300 5.141 7.887 2.959 0.012 -2.262 -3.143 -4.251 -4.152 -5.133 -5.269 -5.732 -6.261 -6.894 -7.284 -7.909 -8.247 -8.314
12.400 5.158 7.903 2.975 0.028 -2.246 -3.127 -4.235 -4.135 -5.117 -5.253 -5.716 -6.245 -6.878 -7.268 -7.893 -8.231 -8.298
12.500 5.173 7.919 2.991 0.044 -2.230 -3.111 -4.219 -4.120 -5.101 -5.237 -5.700 -6.229 -6.862 -7.252 -7.878 -8.215 -8.282
12.600 5.189 7.935 3.007 0.059 -2.214 -3.095 -4.203 -4.104 -5.085 -5.222 -5.684 -6.214 -6.846 -7.236 -7.862 -8.199 -8.266
12.700 5.205 7.950 3.022 0.075 -2.199 -3.080 -4.187 -4.088 -5.070 -5.206 -5.668 -6.198 -6.830 -7.221 -7.846 -8.184 -8.251
12.800 5.220 7.966 3.038 0.091 -2.183 -3.064 -4.172 -4.073 -5.054 -5.191 -5.653 -6.182 -6.815 -7.205 -7.831 -8.168 -8.235
12.900 5.236 7.981 3.053 0.106 -2.168 -3.049 -4.157 -4.057 -5.039 -5.175 -5.638 -6.167 -6.799 -7.190 -7.815 -8.153 -8.220
13.000 5.251 7.996 3.068 0.121 -2.153 -3.034 -4.141 -4.042 -5.024 -5.160 -5.622 -6.152 -6.784 -7.175 -7.800 -8.138 -8.205
13.100 5.266 8.011 3.084 0.136 -2.137 -3.018 -4.126 -4.027 -5.009 -5.145 -5.607 -6.137 -6.769 -7.159 -7.785 -8.123 -8.190
13.200 5.281 8.026 3.098 0.151 -2.123 -3.004 -4.111 -4.012 -4.994 -5.130 -5.592 -6.122 -6.754 -7.145 -7.770 -8.108 -8.175
13.300 5.296 8.041 3.113 0.166 -2.108 -2.989 -4.097 -3.997 -4.979 -5.115 -5.578 -6.107 -6.739 -7.130 -7.755 -8.093 -8.160
13.400 5.310 8.056 3.128 0.181 -2.093 -2.974 -4.082 -3.983 -4.964 -5.100 -5.563 -6.092 -6.725 -7.115 -7.741 -8.078 -8.145
13.500 5.325 8.070 3.143 0.195 -2.078 -2.959 -4.067 -3.968 -4.950 -5.086 -5.548 -6.078 -6.710 -7.100 -7.726 -8.064 -8.131
13.600 5.339 8.085 3.157 0.210 -2.064 -2.945 -4.053 -3.954 -4.935 -5.071 -5.534 -6.063 -6.696 -7.086 -7.712 -8.049 -8.116
13.700 5.354 8.099 3.171 0.224 -2.050 -2.931 -4.039 -3.939 -4.921 -5.057 -5.520 -6.049 -6.681 -7.072 -7.697 -8.035 -8.102
13.800 5.368 8.113 3.186 0.238 -2.035 -2.916 -4.024 -3.925 -4.907 -5.043 -5.505 -6.035 -6.667 -7.057 -7.683 -8.021 -8.088
13.900 5.382 8.128 3.200 0.252 -2.021 -2.902 -4.010 -3.911 -4.893 -5.029 -5.491 -6.021 -6.653 -7.043 -7.669 -8.006 -8.074
14.000 5.396 8.142 3.214 0.266 -2.007 -2.888 -3.996 -3.897 -4.879 -5.015 -5.477 -6.007 -6.639 -7.029 -7.655 -7.992 -8.060
14.100 5.410 8.155 3.228 0.280 -1.993 -2.874 -3.982 -3.883 -4.865 -5.001 -5.463 -5.993 -6.625 -7.015 -7.641 -7.979 -8.046
14.200 5.424 8.169 3.241 0.294 -1.980 -2.861 -3.969 -3.869 -4.851 -4.987 -5.450 -5.979 -6.611 -7.002 -7.627 -7.965 -8.032
14.300 5.437 8.183 3.255 0.308 -1.966 -2.847 -3.955 -3.856 -4.837 -4.973 -5.436 -5.965 -6.598 -6.988 -7.614 -7.951 -8.018
14.400 5.451 8.196 3.269 0.321 -1.952 -2.833 -3.941 -3.842 -4.824 -4.960 -5.422 -5.952 -6.584 -6.974 -7.600 -7.938 -8.005
14.500 5.464 8.210 3.282 0.335 -1.939 -2.820 -3.928 -3.829 -4.810 -4.946 -5.409 -5.938 -6.571 -6.961 -7.587 -7.924 -7.991
14.600 5.478 8.223 3.295 0.348 -1.926 -2.807 -3.915 -3.815 -4.797 -4.933 -5.396 -5.925 -6.557 -6.948 -7.573 -7.911 -7.978
14.700 5.491 8.237 3.309 0.361 -1.912 -2.793 -3.901 -3.802 -4.784 -4.920 -5.382 -5.912 -6.544 -6.934 -7.560 -7.898 -7.965
14.800 5.504 8.250 3.322 0.374 -1.899 -2.780 -3.888 -3.789 -4.771 -4.907 -5.369 -5.899 -6.531 -6.921 -7.547 -7.884 -7.951
14.900 5.517 8.263 3.335 0.387 -1.886 -2.767 -3.875 -3.776 -4.757 -4.894 -5.356 -5.886 -6.518 -6.908 -7.534 -7.871 -7.938
15.000 5.530 8.276 3.348 0.400 -1.873 -2.754 -3.862 -3.763 -4.745 -4.881 -5.343 -5.873 -6.505 -6.895 -7.521 -7.858 -7.925
