# day W2 M2 W1 u B g V c r w o i z y J H K
0.000 -11.076 -10.872 -10.669 -9.815 -9.448 -9.270 -8.959 -9.083 -8.703 -8.887 -8.562 -8.281 -7.966 -7.723 -7.231 -6.596 -6.009
0.100 -14.893 -14.954 -14.928 -14.769 -14.621 -14.537 -14.384 -14.440 -14.241 -14.319 -14.158 -13.984 -13.773 -13.600 -13.235 -12.720 -12.218
0.200 -13.801 -14.101 -14.306 -14.749 -14.789 -14.783 -14.749 -14.759 -14.690 -14.705 -14.651 -14.550 -14.409 -14.283 -14.000 -13.559 -13.110
0.300 -12.373 -12.848 -13.326 -14.315 -14.549 -14.622 -14.705 -14.674 -14.728 -14.694 -14.733 -14.701 -14.628 -14.546 -14.341 -13.970 -13.569
0.400 -10.771 -11.337 -12.120 -13.605 -14.045 -14.203 -14.407 -14.341 -14.520 -14.449 -14.575 -14.615 -14.614 -14.580 -14.461 -14.166 -13.817
0.500 -9.040 -9.588 -10.714 -12.652 -13.317 -13.568 -13.902 -13.806 -14.116 -14.024 -14.232 -14.348 -14.431 -14.452 -14.431 -14.223 -13.934
0.600 -7.388 -7.815 -9.256 -11.541 -12.432 -12.781 -13.244 -13.127 -13.564 -13.471 -13.749 -13.944 -14.119 -14.202 -14.291 -14.182 -13.960
0.700 -6.150 -6.504 -8.018 -10.431 -11.501 -11.934 -12.512 -12.385 -12.934 -12.859 -13.190 -13.458 -13.725 -13.872 -14.078 -14.074 -13.924
0.800 -5.438 -5.858 -7.222 -9.518 -10.650 -11.134 -11.793 -11.667 -12.302 -12.260 -12.627 -12.959 -13.314 -13.521 -13.832 -13.915 -13.821
0.900 -5.020 -5.500 -6.784 -8.939 -9.982 -10.459 -11.139 -11.022 -11.697 -11.694 -12.076 -12.454 -12.885 -13.148 -13.562 -13.732 -13.693
1.000 -4.692 -5.182 -6.493 -8.631 -9.558 -9.985 -10.618 -10.512 -11.170 -11.194 -11.571 -11.970 -12.455 -12.763 -13.271 -13.527 -13.548
1.100 -4.380 -4.843 -6.236 -8.445 -9.355 -9.758 -10.353 -10.248 -10.872 -10.894 -11.261 -11.650 -12.139 -12.459 -12.998 -13.291 -13.337
1.200 -4.050 -4.465 -5.964 -8.266 -9.220 -9.632 -10.227 -10.118 -10.732 -10.741 -11.104 -11.479 -11.946 -12.252 -12.771 -13.051 -13.092
1.300 -3.693 -4.049 -5.662 -8.058 -9.064 -9.490 -10.094 -9.981 -10.595 -10.594 -10.955 -11.321 -11.771 -12.064 -12.564 -12.830 -12.864
1.400 -3.311 -3.591 -5.330 -7.819 -8.885 -9.330 -9.952 -9.834 -10.456 -10.448 -10.812 -11.173 -11.611 -11.895 -12.377 -12.630 -12.657
1.500 -2.904 -3.090 -4.969 -7.549 -8.681 -9.150 -9.795 -9.675 -10.311 -10.299 -10.668 -11.029 -11.460 -11.738 -12.206 -12.448 -12.467
1.600 -2.474 -2.546 -4.580 -7.248 -8.453 -8.950 -9.624 -9.500 -10.157 -10.144 -10.521 -10.887 -11.318 -11.592 -12.051 -12.283 -12.296
1.700 -2.026 -1.961 -4.167 -6.917 -8.203 -8.730 -9.437 -9.312 -9.994 -9.983 -10.368 -10.743 -11.178 -11.452 -11.907 -12.133 -12.140
1.800 -1.563 -1.335 -3.732 -6.558 -7.931 -8.490 -9.235 -9.108 -9.819 -9.814 -10.208 -10.594 -11.039 -11.317 -11.773 -11.995 -11.999
1.900 -1.090 -0.669 -3.280 -6.172 -7.639 -8.233 -9.019 -8.891 -9.633 -9.636 -10.040 -10.441 -10.899 -11.183 -11.645 -11.867 -11.870
2.000 -0.617 0.026 -2.821 -5.766 -7.332 -7.964 -8.791 -8.664 -9.438 -9.453 -9.866 -10.282 -10.758 -11.051 -11.522 -11.749 -11.752
2.100 -0.145 0.751 -2.357 -5.343 -7.013 -7.683 -8.553 -8.428 -9.235 -9.263 -9.686 -10.119 -10.614 -10.917 -11.403 -11.637 -11.643
2.200 0.316 1.497 -1.897 -4.909 -6.686 -7.395 -8.309 -8.187 -9.027 -9.070 -9.502 -9.951 -10.468 -10.784 -11.287 -11.531 -11.542
2.300 0.761 2.252 -1.449 -4.472 -6.357 -7.104 -8.062 -7.943 -8.815 -8.875 -9.315 -9.781 -10.320 -10.649 -11.172 -11.430 -11.448
2.400 1.180 2.994 -1.025 -4.044 -6.035 -6.819 -7.817 -7.702 -8.604 -8.681 -9.128 -9.611 -10.172 -10.515 -11.060 -11.333 -11.359
2.500 1.568 3.704 -0.630 -3.634 -5.723 -6.541 -7.576 -7.466 -8.395 -8.490 -8.943 -9.441 -10.024 -10.381 -10.949 -11.239 -11.275
2.600 1.921 4.349 -0.270 -3.252 -5.428 -6.275 -7.344 -7.238 -8.191 -8.304 -8.761 -9.273 -9.877 -10.248 -10.839 -11.147 -11.195
2.700 2.234 4.895 0.049 -2.909 -5.155 -6.026 -7.123 -7.022 -7.995 -8.124 -8.585 -9.109 -9.732 -10.116 -10.731 -11.059 -11.119
2.800 2.420 5.165 0.237 -2.710 -4.984 -5.865 -6.973 -6.873 -7.855 -7.991 -8.454 -8.983 -9.615 -10.006 -10.631 -10.969 -11.036
2.900 2.509 5.254 0.326 -2.621 -4.895 -5.776 -6.884 -6.784 -7.766 -7.902 -8.365 -8.894 -9.526 -9.917 -10.542 -10.880 -10.947
3.000 2.594 5.339 0.411 -2.536 -4.810 -5.691 -6.799 -6.699 -7.681 -7.817 -8.280 -8.809 -9.442 -9.832 -10.457 -10.795 -10.862
3.100 2.674 5.420 0.492 -2.455 -4.729 -5.610 -6.718 -6.618 -7.600 -7.736 -8.199 -8.728 -9.361 -9.751 -10.376 -10.714 -10.781
3.200 2.752 5.497 0.569 -2.378 -4.652 -5.533 -6.640 -6.541 -7.523 -7.659 -8.121 -8.651 -9.283 -9.674 -10.299 -10.637 -10.704
3.300 2.826 5.571 0.643 -2.304 -4.578 -5.459 -6.567 -6.467 -7.449 -7.585 -8.048 -8.577 -9.209 -9.600 -10.225 -10.563 -10.630
3.400 2.897 5.642 0.714 -2.233 -4.507 -5.388 -6.496 -6.396 -7.378 -7.514 -7.977 -8.506 -9.138 -9.529 -10.154 -10.492 -10.559
3.500 2.964 5.710 0.782 -2.165 -4.439 -5.320 -6.428 -6.329 -7.310 -7.446 -7.909 -8.438 -9.071 -9.461 -10.086 -10.424 -10.491
3.600 3.030 5.775 0.847 -2.100 -4.374 -5.255 -6.362 -6.263 -7.245 -7.381 -7.843 -8.373 -9.005 -9.396 -10.021 -10.359 -10.426
3.700 3.093 5.838 0.910 -2.037 -4.311 -5.192 -6.300 -6.200 -7.182 -7.318 -7.781 -8.310 -8.942 -9.333 -9.958 -10.296 -10.363
3.800 3.154 5.899 0.971 -1.976 -4.250 -5.131 -6.239 -6.139 -7.121 -7.257 -7.720 -8.249 -8.882 -9.272 -9.897 -10.235 -10.302
3.900 3.212 5.958 1.030 -1.917 -4.191 -5.072 -6.180 -6.081 -7.062 -7.199 -7.661 -8.190 -8.823 -9.213 -9.839 -10.176 -10.243
4.000 3.269 6.015 1.087 -1.860 -4.134 -5.015 -6.123 -6.024 -7.005 -7.141 -7.604 -8.133 -8.766 -9.156 -9.782 -10.119 -10.186
4.100 3.325 6.070 1.142 -1.805 -4.079 -4.960 -6.068 -5.968 -6.950 -7.086 -7.549 -8.078 -8.710 -9.101 -9.726 -10.064 -10.131
4.200 3.378 6.124 1.196 -1.751 -4.025 -4.906 -6.014 -5.915 -6.896 -7.032 -7.495 -8.024 -8.657 -9.047 -9.673 -10.010 -10.077
4.300 3.431 6.176 1.248 -1.699 -3.973 -4.854 -5.962 -5.862 -6.844 -6.980 -7.443 -7.972 -8.604 -8.995 -9.620 -9.958 -10.025
4.400 3.482 6.227 1.299 -1.648 -3.922 -4.803 -5.911 -5.811 -6.793 -6.929 -7.392 -7.921 -8.553 -8.944 -9.569 -9.907 -9.974
4.500 3.531 6.277 1.349 -1.598 -3.872 -4.753 -5.861 -5.762 -6.743 -6.879 -7.342 -7.871 -8.504 -8.894 -9.520 -9.857 -9.924
4.600 3.580 6.326 1.398 -1.550 -3.823 -4.704 -5.812 -5.713 -6.695 -6.831 -7.293 -7.823 -8.455 -8.845 -9.471 -9.809 -9.876
4.700 3.627 6.373 1.445 -1.502 -3.776 -4.657 -5.765 -5.666 -6.647 -6.783 -7.246 -7.775 -8.408 -8.798 -9.423 -9.761 -9.828
4.800 3.674 6.419 1.491 -1.456 -3.730 -4.611 -5.719 -5.619 -6.601 -6.737 -7.200 -7.729 -8.361 -8.752 -9.377 -9.715 -9.782
4.900 3.719 6.465 1.537 -1.411 -3.684 -4.565 -5.673 -5.574 -6.556 -6.692 -7.154 -7.684 -8.316 -8.706 -9.332 -9.669 -9.736
5.000 3.763 6.509 1.581 -1.366 -3.640 -4.521 -5.629 -5.530 -6.511 -6.647 -7.110 -7.639 -8.272 -8.662 -9.287 -9.625 -9.692
5.100 3.807 6.552 1.625 -1.323 -3.596 -4.477 -5.585 -5.486 -6.468 -6.604 -7.066 -7.596 -8.228 -8.618 -9.244 -9.582 -9.649
5.200 3.849 6.595 1.667 -1.280 -3.554 -4.435 -5.543 -5.444 -6.425 -6.561 -7.024 -7.553 -8.186 -8.576 -9.201 -9.539 -9.606
5.300 3.891 6.637 1.709 -1.239 -3.512 -4.393 -5.501 -5.402 -6.383 -6.520 -6.982 -7.511 -8.144 -8.534 -9.160 -9.497 -9.564
5.400 3.932 6.678 1.750 -1.198 -3.471 -4.352 -5.460 -5.361 -6.342 -6.479 -6.941 -7.471 -8.103 -8.493 -9.119 -9.456 -9.523
5.500 3.972 6.718 1.790 -1.157 -3.431 -4.312 -5.420 -5.321 -6.302 -6.439 -6.901 -7.430 -8.063 -8.453 -9.079 -9.416 -9.483
5.600 4.012 6.757 1.829 -1.118 -3.392 -4.273 -5.381 -5.281 -6.263 -6.399 -6.862 -7.391 -8.023 -8.414 -9.039 -9.377 -9.444
5.700 4.050 6.796 1.868 -1.079 -3.353 -4.234 -5.342 -5.243 -6.224 -6.360 -6.823 -7.352 -7.985 -8.375 -9.001 -9.338 -9.405
5.800 4.088 6.834 1.906 -1.041 -3.315 -4.196 -5.304 -5.205 -6.186 -6.322 -6.785 -7.314 -7.947 -8.337 -8.963 -9.300 -9.367
5.900 4.126 6.871 1.943 -1.004 -3.278 -4.159 -5.267 -5.167 -6.149 -6.285 -6.748 -7.277 -7.909 -8.300 -8.925 -9.263 -9.330
6.000 4.162 6.908 1.980 -0.967 -3.241 -4.122 -5.230 -5.131 -6.112 -6.249 -6.711 -7.240 -7.873 -8.263 -8.889 -9.226 -9.293
6.100 4.198 6.944 2.016 -0.931 -3.205 -4.086 -5.194 -5.095 -6.076 -6.213 -6.675 -7.204 -7.837 -8.227 -8.853 -9.190 -9.257
6.200 4.234 6.979 2.051 -0.896 -3.170 -4.051 -5.159 -5.059 -6.041 -6.177 -6.640 -7.169 -7.801 -8.192 -8.817 -9.155 -9.222
6.300 4.269 7.014 2.086 -0.861 -3.135 -4.016 -5.124 -5.024 -6.006 -6.142 -6.605 -7.134 -7.767 -8.157 -8.782 -9.120 -9.187
6.400 4.303 7.048 2.120 -0.827 -3.101 -3.982 -5.089 -4.990 -5.972 -6.108 -6.570 -7.100 -7.732 -8.123 -8.748 -9.086 -9.153
6.500 4.336 7.082 2.154 -0.793 -3.067 -3.948 -5.056 -4.957 -5.938 -6.074 -6.537 -7.066 -7.699 -8.089 -8.715 -9.052 -9.119
6.600 4.370 7.115 2.187 -0.760 -3.034 -3.915 -5.023 -4.923 -5.905 -6.041 -6.504 -7.033 -7.665 -8.056 -8.681 -9.019 -9.086
6.700 4.402 7.148 2.220 -0.728 -3.001 -3.882 -4.990 -4.891 -5.872 -6.009 -6.471 -7.000 -7.633 -8.023 -8.649 -8.986 -9.053
6.800 4.434 7.180 2.252 -0.695 -2.969 -3.850 -4.958 -4.859 -5.840 -5.977 -6.439 -6.968 -7.601 -7.991 -8.617 -8.954 -9.021
6.900 4.466 7.211 2.284 -0.664 -2.937 -3.818 -4.926 -4.827 -5.809 -5.945 -6.407 -6.937 -7.569 -7.959 -8.585 -8.923 -8.990
7.000 4.497 7.243 2.315 -0.633 -2.906 -3.787 -4.895 -4.796 -5.778 -5.914 -6.376 -6.906 -7.538 -7.928 -8.554 -8.891 -8.958
7.100 4.528 7.273 2.345 -0.602 -2.876 -3.757 -4.865 -4.765 -5.747 -5.883 -6.346 -6.875 -7.507 -7.898 -8.523 -8.861 -8.928
7.200 4.558 7.304 2.376 -0.572 -2.845 -3.726 -4.834 -4.735 -5.717 -5.853 -6.315 -6.845 -7.477 -7.867 -8.493 -8.831 -8.898
7.300 4.588 7.333 2.405 -0.542 -2.816 -3.697 -4.805 -4.705 -5.687 -5.823 -6.286 -6.815 -7.447 -7.838 -8.463 -8.801 -8.868
7.400 4.617 7.363 2.435 -0.513 -2.786 -3.667 -4.775 -4.676 -5.658 -5.794 -6.256 -6.786 -7.418 -7.808 -8.434 -8.771 -8.838
7.500 4.646 7.392 2.464 -0.484 -2.757 -3.638 -4.746 -4.647 -5.629 -5.765 -6.227 -6.757 -7.389 -7.779 -8.405 -8.743 -8.810
7.600 4.674 7.420 2.492 -0.455 -2.729 -3.610 -4.718 -4.619 -5.600 -5.736 -6.199 -6.728 -7.361 -7.751 -8.376 -8.714 -8.781
7.700 4.703 7.448 2.520 -0.427 -2.701 -3.582 -4.690 -4.590 -5.572 -5.708 -6.171 -6.700 -7.333 -7.723 -8.348 -8.686 -8.753
7.800 4.730 7.476 2.548 -0.399 -2.673 -3.554 -4.662 -4.563 -5.544 -5.681 -6.143 -6.672 -7.305 -7.695 -8.321 -8.658 -8.725
7.900 4.758 7.503 2.575 -0.372 -2.646 -3.527 -4.635 -4.535 -5.517 -5.653 -6.116 -6.645 -7.277 -7.668 -8.293 -8.631 -8.698
8.000 4.785 7.530 2.602 -0.345 -2.619 -3.500 -4.608 -4.508 -5.490 -5.626 -6.089 -6.618 -7.251 -7.641 -8.266 -8.604 -8.671
8.100 4.811 7.557 2.629 -0.319 -2.592 -3.473 -4.581 -4.482 -5.463 -5.600 -6.062 -6.592 -7.224 -7.614 -8.240 -8.577 -8.644
8.200 4.837 7.583 2.655 -0.292 -2.566 -3.447 -4.555 -4.456 -5.437 -5.573 -6.036 -6.565 -7.198 -7.588 -8.214 -8.551 -8.618
8.300 4.863 7.609 2.681 -0.266 -2.540 -3.421 -4.529 -4.430 -5.411 -5.547 -6.010 -6.539 -7.172 -7.562 -8.188 -8.525 -8.592
8.400 4.889 7.634 2.707 -0.241 -2.514 -3.395 -4.503 -4.404 -5.386 -5.522 -5.984 -6.514 -7.146 -7.536 -8.162 -8.500 -8.567
8.500 4.914 7.660 2.732 -0.216 -2.489 -3.370 -4.478 -4.379 -5.360 -5.497 -5.959 -6.489 -7.121 -7.511 -8.137 -8.474 -8.541
8.600 4.939 7.685 2.757 -0.191 -2.464 -3.345 -4.453 -4.354 -5.336 -5.472 -5.934 -6.464 -7.096 -7.486 -8.112 -8.449 -8.516
8.700 4.964 7.709 2.781 -0.166 -2.440 -3.321 -4.429 -4.329 -5.311 -5.447 -5.910 -6.439 -7.071 -7.462 -8.087 -8.425 -8.492
8.800 4.988 7.734 2.806 -0.142 -2.415 -3.296 -4.404 -4.305 -5.287 -5.423 -5.885 -6.415 -7.047 -7.437 -8.063 -8.401 -8.468
8.900 5.012 7.758 2.830 -0.118 -2.391 -3.272 -4.380 -4.281 -5.263 -5.399 -5.861 -6.391 -7.023 -7.413 -8.039 -8.377 -8.444
9.000 5.036 7.781 2.853 -0.094 -2.368 -3.249 -4.357 -4.257 -5.239 -5.375 -5.838 -6.367 -6.999 -7.390 -8.015 -8.353 -8.420
9.100 5.059 7.805 2.877 -0.071 -2.344 -3.225 -4.333 -4.234 -5.216 -5.352 -5.814 -6.344 -6.976 -7.366 -7.992 -8.329 -8.396
9.200 5.082 7.828 2.900 -0.048 -2.321 -3.202 -4.310 -4.211 -5.192 -5.329 -5.791 -6.320 -6.953 -7.343 -7.969 -8.306 -8.373
9.300 5.105 7.851 2.923 -0.025 -2.298 -3.179 -4.287 -4.188 -5.170 -5.306 -5.768 -6.298 -6.930 -7.320 -7.946 -8.283 -8.350
9.400 5.128 7.873 2.945 -0.002 -2.276 -3.157 -4.265 -4.165 -5.147 -5.283 -5.746 -6.275 -6.907 -7.298 -7.923 -8.261 -8.328
9.500 5.150 7.896 2.968 0.020 -2.253 -3.134 -4.242 -4.143 -5.125 -5.261 -5.723 -6.253 -6.885 -7.275 -7.901 -8.238 -8.306
9.600 5.172 7.918 2.990 0.042 -2.231 -3.112 -4.220 -4.121 -5.103 -5.239 -5.701 -6.231 -6.863 -7.253 -7.879 -8.216 -8.283
9.700 5.194 7.939 3.012 0.064 -2.209 -3.090 -4.198 -4.099 -5.081 -5.217 -5.679 -6.209 -6.841 -7.231 -7.857 -8.195 -8.262
9.800 5.215 7.961 3.033 0.086 -2.188 -3.069 -4.177 -4.078 -5.059 -5.195 -5.658 -6.187 -6.820 -7.210 -7.835 -8.173 -8.240
9.900 5.237 7.982 3.054 0.107 -2.167 -3.048 -4.155 -4.056 -5.038 -5.174 -5.636 -6.166 -6.798 -7.189 -7.814 -8.152 -8.219
10.000 5.258 8.003 3.076 0.128 -2.145 -3.026 -4.134 -4.035 -5.017 -5.153 -5.615 -6.145 -6.777 -7.167 -7.793 -8.131 -8.198
10.100 5.279 8.024 3.096 0.149 -2.125 -3.006 -4.113 -4.014 -4.996 -5.132 -5.594 -6.124 -6.756 -7.147 -7.772 -8.110 -8.177
10.200 5.299 8.045 3.117 0.170 -2.104 -2.985 -4.093 -3.994 -4.975 -5.111 -5.574 -6.103 -6.736 -7.126 -7.752 -8.089 -8.156
10.300 5.320 8.065 3.137 0.190 -2.084 -2.965 -4.072 -3.973 -4.955 -5.091 -5.553 -6.083 -6.715 -7.106 -7.731 -8.069 -8.136
10.400 5.340 8.086 3.158 0.210 -2.063 -2.944 -4.052 -3.953 -4.935 -5.071 -5.533 -6.063 -6.695 -7.085 -7.711 -8.048 -8.116
10.500 5.360 8.106 3.178 0.230 -2.043 -2.924 -4.032 -3.933 -4.915 -5.051 -5.513 -6.043 -6.675 -7.065 -7.691 -8.028 -8.096
10.600 5.380 8.125 3.197 0.250 -2.024 -2.905 -4.012 -3.913 -4.895 -5.031 -5.493 -6.023 -6.655 -7.046 -7.671 -8.009 -8.076
10.700 5.399 8.145 3.217 0.270 -2.004 -2.885 -3.993 -3.894 -4.875 -5.011 -5.474 -6.003 -6.636 -7.026 -7.652 -7.989 -8.056
10.800 5.419 8.164 3.236 0.289 -1.985 -2.866 -3.974 -3.874 -4.856 -4.992 -5.454 -5.984 -6.616 -7.007 -7.632 -7.970 -8.037
10.900 5.438 8.183 3.256 0.308 -1.965 -2.846 -3.954 -3.855 -4.837 -4.973 -5.435 -5.965 -6.597 -6.987 -7.613 -7.951 -8.018
11.000 5.457 8.202 3.274 0.327 -1.947 -2.828 -3.935 -3.836 -4.818 -4.954 -5.416 -5.946 -6.578 -6.969 -7.594 -7.932 -7.999
11.100 5.476 8.221 3.293 0.346 -1.928 -2.809 -3.917 -3.817 -4.799 -4.935 -5.398 -5.927 -6.559 -6.950 -7.575 -7.913 -7.980
11.200 5.494 8.240 3.312 0.365 -1.909 -2.790 -3.898 -3.799 -4.780 -4.917 -5.379 -5.908 -6.541 -6.931 -7.557 -7.894 -7.961
11.300 5.513 8.258 3.330 0.383 -1.891 -2.772 -3.880 -3.780 -4.762 -4.898 -5.361 -5.890 -6.522 -6.913 -7.538 -7.876 -7.943
11.400 5.531 8.276 3.349 0.401 -1.872 -2.753 -3.861 -3.762 -4.744 -4.880 -5.342 -5.872 -6.504 -6.894 -7.520 -7.858 -7.925
11.500 5.549 8.295 3.367 0.419 -1.854 -2.735 -3.843 -3.744 -4.726 -4.862 -5.324 -5.854 -6.486 -6.876 -7.502 -7.840 -7.907
11.600 5.567 8.312 3.384 0.437 -1.837 -2.718 -3.825 -3.726 -4.708 -4.844 -5.306 -5.836 -6.468 -6.859 -7.484 -7.822 -7.889
11.700 5.585 8.330 3.402 0.455 -1.819 -2.700 -3.808 -3.708 -4.690 -4.826 -5.289 -5.818 -6.451 -6.841 -7.466 -7.804 -7.871
11.800 5.602 8.348 3.420 0.472 -1.801 -2.682 -3.790 -3.691 -4.673 -4.809 -5.271 -5.801 -6.433 -6.823 -7.449 -7.786 -7.853
11.900 5.619 8.365 3.437 0.490 -1.784 -2.665 -3.773 -3.673 -4.655 -4.791 -5.254 -5.783 -6.416 -6.806 -7.431 -7.769 -7.836
12.000 5.637 8.382 3.454 0.507 -1.767 -2.648 -3.756 -3.656 -4.638 -4.774 -5.237 -5.766 -6.398 -6.789 -7.414 -7.752 -7.819
12.100 5.654 8.399 3.471 0.524 -1.750 -2.631 -3.738 -3.639 -4.621 -4.757 -5.219 -5.749 -6.381 -6.772 -7.397 -7.735 -7.802
12.200 5.671 8.416 3.488 0.541 -1.733 -2.614 -3.722 -3.622 -4.604 -4.740 -5.203 -5.732 -6.364 -6.755 -7.380 -7.718 -7.785
12.300 5.687 8.433 3.505 0.558 -1.716 -2.597 -3.705 -3.606 -4.587 -4.723 -5.186 -5.715 -6.348 -6.738 -7.363 -7.701 -7.768
12.400 5.704 8.450 3.522 0.574 -1.699 -2.580 -3.688 -3.589 -4.571 -4.707 -5.169 -5.699 -6.331 -6.721 -7.347 -7.684 -7.751
12.500 5.721 8.466 3.538 0.591 -1.683 -2.564 -3.672 -3.572 -4.554 -4.690 -5.153 -5.682 -6.315 -6.705 -7.330 -7.668 -7.735
12.600 5.737 8.482 3.554 0.607 -1.667 -2.548 -3.655 -3.556 -4.538 -4.674 -5.136 -5.666 -6.298 -6.689 -7.314 -7.652 -7.719
12.700 5.753 8.499 3.571 0.623 -1.650 -2.531 -3.639 -3.540 -4.522 -4.658 -5.120 -5.650 -6.282 -6.672 -7.298 -7.636 -7.703
12.800 5.769 8.515 3.587 0.639 -1.634 -2.515 -3.623 -3.524 -4.506 -4.642 -5.104 -5.634 -6.266 -6.656 -7.282 -7.619 -7.687
12.900 5.785 8.530 3.603 0.655 -1.618 -2.499 -3.607 -3.508 -4.490 -4.626 -5.088 -5.618 -6.250 -6.640 -7.266 -7.604 -7.671
13.000 5.801 8.546 3.618 0.671 -1.603 -2.484 -3.592 -3.492 -4.474 -4.610 -5.073 -5.602 -6.234 -6.625 -7.250 -7.588 -7.655
13.100 5.816 8.562 3.634 0.687 -1.587 -2.468 -3.576 -3.477 -4.458 -4.595 -5.057 -5.586 -6.219 -6.609 -7.235 -7.572 -7.639
13.200 5.832 8.577 3.649 0.702 -1.572 -2.453 -3.560 -3.461 -4.443 -4.579 -5.041 -5.571 -6.203 -6.594 -7.219 -7.557 -7.624
13.300 5.847 8.593 3.665 0.717 -1.556 -2.437 -3.545 -3.446 -4.427 -4.564 -5.026 -5.556 -6.188 -6.578 -7.204 -7.541 -7.608
13.400 5.862 8.608 3.680 0.733 -1.541 -2.422 -3.530 -3.431 -4.412 -4.548 -5.011 -5.540 -6.173 -6.563 -7.189 -7.526 -7.593
13.500 5.877 8.623 3.695 0.748 -1.526 -2.407 -3.515 -3.416 -4.397 -4.533 -4.996 -5.525 -6.158 -6.548 -7.173 -7.511 -7.578
13.600 5.892 8.638 3.710 0.763 -1.511 -2.392 -3.500 -3.401 -4.382 -4.518 -4.981 -5.510 -6.143 -6.533 -7.158 -7.496 -7.563
13.700 5.907 8.653 3.725 0.778 -1.496 -2.377 -3.485 -3.386 -4.367 -4.503 -4.966 -5.495 -6.128 -6.518 -7.144 -7.481 -7.548
13.800 5.922 8.668 3.740 0.792 -1.481 -2.362 -3.470 -3.371 -4.353 -4.489 -4.951 -5.481 -6.113 -6.503 -7.129 -7.466 -7.533
13.900 5.937 8.682 3.754 0.807 -1.467 -2.348 -3.456 -3.356 -4.338 -4.474 -4.937 -5.466 -6.098 -6.489 -7.114 -7.452 -7.519
14.000 5.951 8.697 3.769 0.821 -1.452 -2.333 -3.441 -3.342 -4.323 -4.460 -4.922 -5.451 -6.084 -6.474 -7.100 -7.437 -7.504
14.100 5.966 8.711 3.783 0.836 -1.438 -2.319 -3.427 -3.327 -4.309 -4.445 -4.908 -5.437 -6.069 -6.460 -7.085 -7.423 -7.490
14.200 5.980 8.725 3.798 0.850 -1.423 -2.304 -3.412 -3.313 -4.295 -4.431 -4.893 -5.423 -6.055 -6.445 -7.071 -7.409 -7.476
14.300 5.994 8.740 3.812 0.864 -1.409 -2.290 -3.398 -3.299 -4.281 -4.417 -4.879 -5.409 -6.041 -6.431 -7.057 -7.394 -7.461
14.400 6.008 8.754 3.826 0.878 -1.395 -2.276 -3.384 -3.285 -4.266 -4.403 -4.865 -5.395 -6.027 -6.417 -7.043 -7.380 -7.447
14.500 6.022 8.768 3.840 0.892 -1.381 -2.262 -3.370 -3.271 -4.253 -4.389 -4.851 -5.381 -6.013 -6.403 -7.029 -7.366 -7.433
14.600 6.036 8.782 3.854 0.906 -1.367 -2.248 -3.356 -3.257 -4.239 -4.375 -4.837 -5.367 -5.999 -6.389 -7.015 -7.353 -7.420
14.700 6.050 8.795 3.867 0.920 -1.354 -2.235 -3.343 -3.243 -4.225 -4.361 -4.824 -5.353 -5.985 -6.376 -7.001 -7.339 -7.406
14.800 6.063 8.809 3.881 0.934 -1.340 -2.221 -3.329 -3.230 -4.211 -4.347 -4.810 -5.339 -5.972 -6.362 -6.988 -7.325 -7.392
14.900 6.077 8.822 3.895 0.947 -1.326 -2.207 -3.315 -3.216 -4.198 -4.334 -4.796 -5.326 -5.958 -6.348 -6.974 -7.312 -7.379
15.000 6.090 8.836 3.908 0.961 -1.313 -2.194 -3.302 -3.203 -4.184 -4.320 -4.783 -5.312 -5.945 -6.335 -6.961 -7.298 -7.365
