# day W2 M2 W1 u B g V c r w o i z y J H K
0.000 -10.896 -10.695 -10.493 -9.644 -9.279 -9.102 -8.792 -8.916 -8.537 -8.720 -8.397 -8.117 -7.803 -7.561 -7.070 -6.437 -5.851
0.100 -14.371 -14.532 -14.580 -14.606 -14.492 -14.419 -14.279 -14.329 -14.142 -14.213 -14.061 -13.892 -13.683 -13.513 -13.154 -12.646 -12.153
0.200 -12.322 -12.755 -13.150 -13.978 -14.141 -14.182 -14.216 -14.201 -14.201 -14.185 -14.184 -14.119 -14.012 -13.908 -13.668 -13.270 -12.854
0.300 -10.396 -10.823 -11.395 -12.696 -13.131 -13.294 -13.510 -13.442 -13.637 -13.566 -13.703 -13.757 -13.775 -13.755 -13.665 -13.403 -13.080
0.400 -9.844 -10.213 -10.625 -11.742 -12.250 -12.471 -12.787 -12.700 -13.013 -12.936 -13.148 -13.288 -13.412 -13.468 -13.519 -13.389 -13.160
0.500 -9.673 -10.072 -10.434 -11.305 -11.687 -11.880 -12.190 -12.114 -12.450 -12.397 -12.626 -12.816 -13.018 -13.133 -13.301 -13.279 -13.125
0.600 -9.520 -9.957 -10.355 -11.206 -11.462 -11.587 -11.804 -11.754 -12.018 -11.999 -12.192 -12.382 -12.622 -12.778 -13.038 -13.107 -13.016
0.700 -9.335 -9.806 -10.261 -11.195 -11.422 -11.510 -11.651 -11.616 -11.789 -11.784 -11.923 -12.070 -12.295 -12.459 -12.767 -12.898 -12.850
0.800 -9.119 -9.618 -10.135 -11.177 -11.425 -11.508 -11.621 -11.589 -11.706 -11.695 -11.793 -11.882 -12.048 -12.190 -12.504 -12.680 -12.679
0.900 -8.870 -9.393 -9.975 -11.130 -11.420 -11.518 -11.646 -11.606 -11.728 -11.701 -11.798 -11.863 -11.979 -12.079 -12.321 -12.449 -12.427
1.000 -8.592 -9.136 -9.785 -11.052 -11.388 -11.503 -11.652 -11.604 -11.740 -11.701 -11.804 -11.860 -11.943 -12.012 -12.185 -12.259 -12.206
1.100 -8.285 -8.845 -9.565 -10.945 -11.328 -11.462 -11.635 -11.580 -11.735 -11.685 -11.800 -11.854 -11.919 -11.966 -12.084 -12.104 -12.020
1.200 -7.948 -8.519 -9.315 -10.809 -11.242 -11.396 -11.596 -11.533 -11.713 -11.652 -11.782 -11.841 -11.898 -11.931 -12.008 -11.982 -11.866
1.300 -7.583 -8.160 -9.037 -10.646 -11.132 -11.308 -11.536 -11.465 -11.672 -11.602 -11.749 -11.817 -11.874 -11.900 -11.949 -11.885 -11.741
1.400 -7.193 -7.769 -8.732 -10.456 -10.999 -11.197 -11.456 -11.377 -11.613 -11.536 -11.700 -11.782 -11.845 -11.869 -11.902 -11.810 -11.641
1.500 -6.776 -7.342 -8.398 -10.240 -10.841 -11.063 -11.355 -11.268 -11.537 -11.452 -11.636 -11.732 -11.806 -11.833 -11.860 -11.749 -11.561
1.600 -6.334 -6.881 -8.037 -9.998 -10.661 -10.909 -11.235 -11.140 -11.442 -11.352 -11.556 -11.669 -11.758 -11.792 -11.820 -11.698 -11.497
1.700 -5.869 -6.387 -7.651 -9.730 -10.458 -10.733 -11.095 -10.993 -11.330 -11.236 -11.460 -11.592 -11.699 -11.742 -11.779 -11.655 -11.445
1.800 -5.383 -5.857 -7.239 -9.435 -10.232 -10.536 -10.936 -10.828 -11.201 -11.104 -11.348 -11.501 -11.628 -11.683 -11.734 -11.614 -11.402
1.900 -4.877 -5.294 -6.803 -9.115 -9.985 -10.319 -10.758 -10.643 -11.054 -10.957 -11.221 -11.396 -11.546 -11.615 -11.685 -11.574 -11.363
2.000 -4.358 -4.699 -6.347 -8.772 -9.717 -10.083 -10.563 -10.442 -10.892 -10.796 -11.079 -11.277 -11.453 -11.537 -11.631 -11.534 -11.328
2.100 -3.823 -4.069 -5.868 -8.402 -9.428 -9.826 -10.349 -10.223 -10.713 -10.620 -10.923 -11.145 -11.347 -11.448 -11.569 -11.491 -11.294
2.200 -3.278 -3.408 -5.372 -8.008 -9.118 -9.551 -10.117 -9.988 -10.518 -10.430 -10.752 -10.999 -11.231 -11.350 -11.501 -11.445 -11.260
2.300 -2.726 -2.717 -4.861 -7.591 -8.789 -9.258 -9.869 -9.736 -10.308 -10.228 -10.568 -10.840 -11.103 -11.242 -11.426 -11.396 -11.225
2.400 -2.173 -2.000 -4.340 -7.155 -8.444 -8.949 -9.607 -9.472 -10.085 -10.016 -10.373 -10.670 -10.965 -11.126 -11.345 -11.342 -11.188
2.500 -1.618 -1.256 -3.809 -6.697 -8.081 -8.625 -9.330 -9.194 -9.849 -9.792 -10.165 -10.489 -10.817 -11.000 -11.258 -11.285 -11.149
2.600 -1.065 -0.488 -3.272 -6.220 -7.703 -8.286 -9.039 -8.904 -9.601 -9.559 -9.947 -10.297 -10.660 -10.866 -11.164 -11.223 -11.108
2.700 -0.519 0.298 -2.734 -5.728 -7.313 -7.937 -8.738 -8.604 -9.343 -9.319 -9.721 -10.097 -10.495 -10.725 -11.064 -11.158 -11.064
2.800 0.020 1.100 -2.198 -5.222 -6.912 -7.576 -8.427 -8.296 -9.076 -9.072 -9.487 -9.889 -10.323 -10.578 -10.960 -11.090 -11.019
2.900 0.549 1.913 -1.667 -4.707 -6.504 -7.210 -8.110 -7.982 -8.802 -8.821 -9.247 -9.674 -10.146 -10.425 -10.852 -11.018 -10.971
3.000 1.068 2.735 -1.143 -4.183 -6.090 -6.837 -7.786 -7.663 -8.523 -8.566 -9.002 -9.454 -9.963 -10.268 -10.739 -10.944 -10.922
3.100 1.573 3.557 -0.630 -3.656 -5.673 -6.461 -7.459 -7.342 -8.240 -8.309 -8.754 -9.231 -9.777 -10.107 -10.624 -10.868 -10.871
3.200 2.064 4.372 -0.130 -3.130 -5.257 -6.085 -7.131 -7.021 -7.955 -8.052 -8.505 -9.005 -9.588 -9.944 -10.506 -10.789 -10.820
3.300 2.538 5.168 0.352 -2.611 -4.846 -5.713 -6.804 -6.702 -7.671 -7.797 -8.257 -8.778 -9.397 -9.778 -10.387 -10.710 -10.767
3.400 2.767 5.513 0.585 -2.363 -4.636 -5.517 -6.625 -6.526 -7.508 -7.644 -8.106 -8.636 -9.268 -9.658 -10.284 -10.621 -10.688
3.500 2.857 5.603 0.675 -2.273 -4.546 -5.427 -6.535 -6.436 -7.418 -7.554 -8.016 -8.546 -9.178 -9.568 -10.194 -10.531 -10.599
3.600 2.943 5.689 0.761 -2.187 -4.460 -5.341 -6.449 -6.350 -7.332 -7.468 -7.930 -8.460 -9.092 -9.482 -10.108 -10.445 -10.513
3.700 3.025 5.771 0.843 -2.105 -4.378 -5.259 -6.367 -6.268 -7.250 -7.386 -7.848 -8.378 -9.010 -9.400 -10.026 -10.363 -10.431
3.800 3.103 5.849 0.921 -2.027 -4.300 -5.181 -6.289 -6.190 -7.171 -7.308 -7.770 -8.300 -8.932 -9.322 -9.948 -10.285 -10.352
3.900 3.178 5.923 0.995 -1.952 -4.226 -5.107 -6.215 -6.115 -7.097 -7.233 -7.696 -8.225 -8.857 -9.248 -9.873 -10.211 -10.278
4.000 3.249 5.994 1.066 -1.881 -4.155 -5.036 -6.144 -6.044 -7.026 -7.162 -7.625 -8.154 -8.786 -9.177 -9.802 -10.140 -10.207
4.100 3.316 6.062 1.134 -1.813 -4.087 -4.968 -6.076 -5.976 -6.958 -7.094 -7.557 -8.086 -8.719 -9.109 -9.734 -10.072 -10.139
4.200 3.381 6.127 1.199 -1.749 -4.022 -4.903 -6.011 -5.912 -6.893 -7.030 -7.492 -8.021 -8.654 -9.044 -9.670 -10.007 -10.074
4.300 3.443 6.189 1.261 -1.687 -3.960 -4.841 -5.949 -5.850 -6.831 -6.968 -7.430 -7.960 -8.592 -8.982 -9.608 -9.945 -10.012
4.400 3.503 6.248 1.320 -1.627 -3.901 -4.782 -5.890 -5.790 -6.772 -6.908 -7.371 -7.900 -8.533 -8.923 -9.548 -9.886 -9.953
4.500 3.560 6.305 1.377 -1.570 -3.844 -4.725 -5.833 -5.733 -6.715 -6.851 -7.314 -7.843 -8.476 -8.866 -9.491 -9.829 -9.896
4.600 3.614 6.360 1.432 -1.515 -3.789 -4.670 -5.778 -5.679 -6.660 -6.797 -7.259 -7.788 -8.421 -8.811 -9.437 -9.774 -9.841
4.700 3.667 6.413 1.485 -1.463 -3.736 -4.617 -5.725 -5.626 -6.608 -6.744 -7.206 -7.736 -8.368 -8.758 -9.384 -9.721 -9.788
4.800 3.718 6.463 1.535 -1.412 -3.686 -4.567 -5.674 -5.575 -6.557 -6.693 -7.155 -7.685 -8.317 -8.708 -9.333 -9.671 -9.738
4.900 3.767 6.513 1.585 -1.363 -3.636 -4.517 -5.625 -5.526 -6.508 -6.644 -7.106 -7.636 -8.268 -8.658 -9.284 -9.622 -9.689
5.000 3.814 6.560 1.632 -1.315 -3.589 -4.470 -5.578 -5.479 -6.460 -6.596 -7.059 -7.588 -8.221 -8.611 -9.237 -9.574 -9.641
5.100 3.860 6.606 1.678 -1.269 -3.543 -4.424 -5.532 -5.433 -6.414 -6.550 -7.013 -7.542 -8.175 -8.565 -9.191 -9.528 -9.595
5.200 3.905 6.651 1.723 -1.225 -3.498 -4.379 -5.487 -5.388 -6.370 -6.506 -6.968 -7.498 -8.130 -8.520 -9.146 -9.483 -9.551
5.300 3.948 6.694 1.766 -1.181 -3.455 -4.336 -5.444 -5.345 -6.326 -6.463 -6.925 -7.454 -8.087 -8.477 -9.103 -9.440 -9.507
5.400 3.990 6.736 1.808 -1.139 -3.413 -4.294 -5.402 -5.303 -6.284 -6.420 -6.883 -7.412 -8.045 -8.435 -9.061 -9.398 -9.465
5.500 4.031 6.777 1.849 -1.098 -3.372 -4.253 -5.361 -5.262 -6.243 -6.380 -6.842 -7.371 -8.004 -8.394 -9.020 -9.357 -9.424
5.600 4.071 6.817 1.889 -1.059 -3.332 -4.213 -5.321 -5.222 -6.203 -6.340 -6.802 -7.332 -7.964 -8.354 -8.980 -9.317 -9.384
5.700 4.110 6.856 1.928 -1.020 -3.293 -4.174 -5.282 -5.183 -6.165 -6.301 -6.763 -7.293 -7.925 -8.315 -8.941 -9.278 -9.346
5.800 4.148 6.893 1.966 -0.982 -3.255 -4.136 -5.244 -5.145 -6.127 -6.263 -6.725 -7.255 -7.887 -8.277 -8.903 -9.241 -9.308
5.900 4.185 6.930 2.002 -0.945 -3.219 -4.100 -5.207 -5.108 -6.090 -6.226 -6.688 -7.218 -7.850 -8.241 -8.866 -9.204 -9.271
6.000 4.221 6.967 2.039 -0.909 -3.182 -4.063 -5.171 -5.072 -6.054 -6.190 -6.652 -7.182 -7.814 -8.204 -8.830 -9.168 -9.235
6.100 4.256 7.002 2.074 -0.873 -3.147 -4.028 -5.136 -5.037 -6.018 -6.155 -6.617 -7.146 -7.779 -8.169 -8.795 -9.132 -9.199
6.200 4.291 7.036 2.108 -0.839 -3.113 -3.994 -5.101 -5.002 -5.984 -6.120 -6.582 -7.112 -7.744 -8.135 -8.760 -9.098 -9.165
6.300 4.325 7.070 2.142 -0.805 -3.079 -3.960 -5.068 -4.968 -5.950 -6.086 -6.549 -7.078 -7.711 -8.101 -8.726 -9.064 -9.131
6.400 4.358 7.103 2.175 -0.772 -3.046 -3.927 -5.035 -4.935 -5.917 -6.053 -6.516 -7.045 -7.677 -8.068 -8.693 -9.031 -9.098
6.500 4.390 7.136 2.208 -0.740 -3.013 -3.894 -5.002 -4.903 -5.885 -6.021 -6.483 -7.013 -7.645 -8.035 -8.661 -8.998 -9.065
6.600 4.422 7.167 2.239 -0.708 -2.982 -3.863 -4.970 -4.871 -5.853 -5.989 -6.451 -6.981 -7.613 -8.004 -8.629 -8.967 -9.034
6.700 4.453 7.199 2.271 -0.677 -2.950 -3.831 -4.939 -4.840 -5.822 -5.958 -6.420 -6.950 -7.582 -7.972 -8.598 -8.936 -9.003
6.800 4.483 7.229 2.301 -0.646 -2.920 -3.801 -4.909 -4.809 -5.791 -5.927 -6.390 -6.919 -7.552 -7.942 -8.567 -8.905 -8.972
6.900 4.513 7.259 2.331 -0.616 -2.890 -3.771 -4.879 -4.780 -5.761 -5.897 -6.360 -6.889 -7.522 -7.912 -8.537 -8.875 -8.942
7.000 4.543 7.288 2.360 -0.587 -2.861 -3.742 -4.849 -4.750 -5.732 -5.868 -6.330 -6.860 -7.492 -7.883 -8.508 -8.846 -8.913
7.100 4.572 7.317 2.389 -0.558 -2.832 -3.713 -4.820 -4.721 -5.703 -5.839 -6.301 -6.831 -7.463 -7.854 -8.479 -8.817 -8.884
7.200 4.600 7.346 2.418 -0.530 -2.803 -3.684 -4.792 -4.693 -5.674 -5.811 -6.273 -6.803 -7.435 -7.825 -8.451 -8.788 -8.855
7.300 4.628 7.374 2.446 -0.502 -2.775 -3.656 -4.764 -4.665 -5.647 -5.783 -6.245 -6.775 -7.407 -7.797 -8.423 -8.760 -8.827
7.400 4.655 7.401 2.473 -0.474 -2.748 -3.629 -4.737 -4.638 -5.619 -5.755 -6.218 -6.747 -7.380 -7.770 -8.395 -8.733 -8.800
7.500 4.682 7.428 2.500 -0.447 -2.721 -3.602 -4.710 -4.611 -5.592 -5.728 -6.191 -6.720 -7.353 -7.743 -8.368 -8.706 -8.773
7.600 4.709 7.455 2.527 -0.421 -2.694 -3.575 -4.683 -4.584 -5.566 -5.702 -6.164 -6.694 -7.326 -7.716 -8.342 -8.680 -8.747
7.700 4.735 7.481 2.553 -0.395 -2.668 -3.549 -4.657 -4.558 -5.540 -5.676 -6.138 -6.668 -7.300 -7.690 -8.316 -8.653 -8.720
7.800 4.761 7.506 2.578 -0.369 -2.643 -3.524 -4.631 -4.532 -5.514 -5.650 -6.112 -6.642 -7.274 -7.665 -8.290 -8.628 -8.695
7.900 4.786 7.532 2.604 -0.344 -2.617 -3.498 -4.606 -4.507 -5.489 -5.625 -6.087 -6.617 -7.249 -7.639 -8.265 -8.602 -8.669
8.000 4.811 7.557 2.629 -0.319 -2.592 -3.473 -4.581 -4.482 -5.464 -5.600 -6.062 -6.592 -7.224 -7.614 -8.240 -8.577 -8.644
8.100 4.836 7.581 2.653 -0.294 -2.568 -3.449 -4.557 -4.457 -5.439 -5.575 -6.038 -6.567 -7.199 -7.590 -8.215 -8.553 -8.620
8.200 4.860 7.605 2.677 -0.270 -2.544 -3.425 -4.532 -4.433 -5.415 -5.551 -6.013 -6.543 -7.175 -7.566 -8.191 -8.529 -8.596
8.300 4.884 7.629 2.701 -0.246 -2.520 -3.401 -4.509 -4.409 -5.391 -5.527 -5.990 -6.519 -7.151 -7.542 -8.167 -8.505 -8.572
8.400 4.907 7.653 2.725 -0.223 -2.496 -3.377 -4.485 -4.386 -5.368 -5.504 -5.966 -6.496 -7.128 -7.518 -8.144 -8.481 -8.548
8.500 4.930 7.676 2.748 -0.199 -2.473 -3.354 -4.462 -4.363 -5.344 -5.481 -5.943 -6.472 -7.105 -7.495 -8.121 -8.458 -8.525
8.600 4.953 7.699 2.771 -0.177 -2.450 -3.331 -4.439 -4.340 -5.321 -5.458 -5.920 -6.450 -7.082 -7.472 -8.098 -8.435 -8.502
8.700 4.976 7.721 2.793 -0.154 -2.428 -3.309 -4.417 -4.317 -5.299 -5.435 -5.898 -6.427 -7.059 -7.450 -8.075 -8.413 -8.480
8.800 4.998 7.743 2.816 -0.132 -2.405 -3.286 -4.394 -4.295 -5.277 -5.413 -5.875 -6.405 -7.037 -7.427 -8.053 -8.391 -8.458
8.900 5.020 7.765 2.837 -0.110 -2.384 -3.265 -4.372 -4.273 -5.255 -5.391 -5.853 -6.383 -7.015 -7.406 -8.031 -8.369 -8.436
9.000 5.041 7.787 2.859 -0.088 -2.362 -3.243 -4.351 -4.252 -5.233 -5.369 -5.832 -6.361 -6.994 -7.384 -8.009 -8.347 -8.414
9.100 5.063 7.808 2.880 -0.067 -2.341 -3.222 -4.329 -4.230 -5.212 -5.348 -5.810 -6.340 -6.972 -7.363 -7.988 -8.326 -8.393
9.200 5.084 7.830 2.902 -0.046 -2.319 -3.200 -4.308 -4.209 -5.191 -5.327 -5.789 -6.319 -6.951 -7.341 -7.967 -8.305 -8.372
9.300 5.105 7.850 2.922 -0.025 -2.299 -3.180 -4.287 -4.188 -5.170 -5.306 -5.768 -6.298 -6.930 -7.321 -7.946 -8.284 -8.351
9.400 5.125 7.871 2.943 -0.004 -2.278 -3.159 -4.267 -4.168 -5.149 -5.285 -5.748 -6.277 -6.910 -7.300 -7.926 -8.263 -8.330
9.500 5.146 7.891 2.963 0.016 -2.258 -3.139 -4.247 -4.147 -5.129 -5.265 -5.728 -6.257 -6.889 -7.280 -7.905 -8.243 -8.310
9.600 5.166 7.911 2.983 0.036 -2.238 -3.119 -4.227 -4.127 -5.109 -5.245 -5.708 -6.237 -6.869 -7.260 -7.885 -8.223 -8.290
9.700 5.186 7.931 3.003 0.056 -2.218 -3.099 -4.207 -4.107 -5.089 -5.225 -5.688 -6.217 -6.850 -7.240 -7.865 -8.203 -8.270
9.800 5.205 7.951 3.023 0.075 -2.198 -3.079 -4.187 -4.088 -5.070 -5.206 -5.668 -6.198 -6.830 -7.220 -7.846 -8.183 -8.250
9.900 5.224 7.970 3.042 0.095 -2.179 -3.060 -4.168 -4.068 -5.050 -5.186 -5.649 -6.178 -6.811 -7.201 -7.826 -8.164 -8.231
10.000 5.244 7.989 3.061 0.114 -2.160 -3.041 -4.149 -4.049 -5.031 -5.167 -5.630 -6.159 -6.791 -7.182 -7.807 -8.145 -8.212
10.100 5.263 8.008 3.080 0.133 -2.141 -3.022 -4.130 -4.030 -5.012 -5.148 -5.611 -6.140 -6.773 -7.163 -7.788 -8.126 -8.193
10.200 5.281 8.027 3.099 0.151 -2.122 -3.003 -4.111 -4.012 -4.993 -5.130 -5.592 -6.121 -6.754 -7.144 -7.770 -8.107 -8.174
10.300 5.300 8.045 3.117 0.170 -2.104 -2.985 -4.093 -3.993 -4.975 -5.111 -5.574 -6.103 -6.735 -7.126 -7.751 -8.089 -8.156
10.400 5.318 8.064 3.136 0.188 -2.085 -2.966 -4.074 -3.975 -4.957 -5.093 -5.555 -6.085 -6.717 -7.107 -7.733 -8.070 -8.138
10.500 5.336 8.082 3.154 0.206 -2.067 -2.948 -4.056 -3.957 -4.939 -5.075 -5.537 -6.067 -6.699 -7.089 -7.715 -8.052 -8.119
10.600 5.354 8.100 3.172 0.224 -2.049 -2.930 -4.038 -3.939 -4.921 -5.057 -5.519 -6.049 -6.681 -7.071 -7.697 -8.035 -8.102
10.700 5.372 8.117 3.189 0.242 -2.032 -2.913 -4.021 -3.921 -4.903 -5.039 -5.502 -6.031 -6.663 -7.054 -7.679 -8.017 -8.084
10.800 5.389 8.135 3.207 0.259 -2.014 -2.895 -4.003 -3.904 -4.885 -5.022 -5.484 -6.013 -6.646 -7.036 -7.662 -7.999 -8.066
10.900 5.407 8.152 3.224 0.277 -1.997 -2.878 -3.986 -3.886 -4.868 -5.004 -5.467 -5.996 -6.629 -7.019 -7.644 -7.982 -8.049
11.000 5.424 8.169 3.241 0.294 -1.980 -2.861 -3.969 -3.869 -4.851 -4.987 -5.450 -5.979 -6.611 -7.002 -7.627 -7.965 -8.032
11.100 5.441 8.186 3.258 0.311 -1.963 -2.844 -3.952 -3.852 -4.834 -4.970 -5.433 -5.962 -6.594 -6.985 -7.610 -7.948 -8.015
11.200 5.457 8.203 3.275 0.328 -1.946 -2.827 -3.935 -3.836 -4.817 -4.953 -5.416 -5.945 -6.578 -6.968 -7.594 -7.931 -7.998
11.300 5.474 8.220 3.292 0.344 -1.929 -2.810 -3.918 -3.819 -4.801 -4.937 -5.399 -5.929 -6.561 -6.951 -7.577 -7.914 -7.982
11.400 5.490 8.236 3.308 0.361 -1.913 -2.794 -3.902 -3.802 -4.784 -4.920 -5.383 -5.912 -6.545 -6.935 -7.560 -7.898 -7.965
11.500 5.507 8.252 3.324 0.377 -1.897 -2.778 -3.885 -3.786 -4.768 -4.904 -5.366 -5.896 -6.528 -6.919 -7.544 -7.882 -7.949
11.600 5.523 8.268 3.341 0.393 -1.880 -2.761 -3.869 -3.770 -4.752 -4.888 -5.350 -5.880 -6.512 -6.902 -7.528 -7.866 -7.933
11.700 5.539 8.284 3.357 0.409 -1.864 -2.745 -3.853 -3.754 -4.736 -4.872 -5.334 -5.864 -6.496 -6.886 -7.512 -7.850 -7.917
11.800 5.555 8.300 3.372 0.425 -1.849 -2.730 -3.838 -3.738 -4.720 -4.856 -5.319 -5.848 -6.480 -6.871 -7.496 -7.834 -7.901
11.900 5.570 8.316 3.388 0.441 -1.833 -2.714 -3.822 -3.723 -4.704 -4.840 -5.303 -5.832 -6.465 -6.855 -7.481 -7.818 -7.885
12.000 5.586 8.331 3.404 0.456 -1.817 -2.698 -3.806 -3.707 -4.689 -4.825 -5.287 -5.817 -6.449 -6.839 -7.465 -7.803 -7.870
12.100 5.601 8.347 3.419 0.472 -1.802 -2.683 -3.791 -3.692 -4.673 -4.810 -5.272 -5.801 -6.434 -6.824 -7.450 -7.787 -7.854
12.200 5.617 8.362 3.434 0.487 -1.787 -2.668 -3.776 -3.676 -4.658 -4.794 -5.257 -5.786 -6.419 -6.809 -7.434 -7.772 -7.839
12.300 5.632 8.377 3.449 0.502 -1.772 -2.653 -3.761 -3.661 -4.643 -4.779 -5.242 -5.771 -6.403 -6.794 -7.419 -7.757 -7.824
12.400 5.647 8.392 3.464 0.517 -1.757 -2.638 -3.746 -3.646 -4.628 -4.764 -5.227 -5.756 -6.388 -6.779 -7.404 -7.742 -7.809
12.500 5.661 8.407 3.479 0.532 -1.742 -2.623 -3.731 -3.632 -4.613 -4.749 -5.212 -5.741 -6.374 -6.764 -7.390 -7.727 -7.794
12.600 5.676 8.422 3.494 0.546 -1.727 -2.608 -3.716 -3.617 -4.599 -4.735 -5.197 -5.727 -6.359 -6.749 -7.375 -7.712 -7.779
12.700 5.691 8.436 3.508 0.561 -1.713 -2.594 -3.702 -3.602 -4.584 -4.720 -5.183 -5.712 -6.344 -6.735 -7.360 -7.698 -7.765
12.800 5.705 8.451 3.523 0.575 -1.698 -2.579 -3.687 -3.588 -4.569 -4.706 -5.168 -5.698 -6.330 -6.720 -7.346 -7.683 -7.750
12.900 5.719 8.465 3.537 0.590 -1.684 -2.565 -3.673 -3.574 -4.555 -4.691 -5.154 -5.683 -6.316 -6.706 -7.331 -7.669 -7.736
13.000 5.734 8.479 3.551 0.604 -1.670 -2.551 -3.659 -3.559 -4.541 -4.677 -5.140 -5.669 -6.301 -6.692 -7.317 -7.655 -7.722
13.100 5.748 8.493 3.565 0.618 -1.656 -2.537 -3.645 -3.545 -4.527 -4.663 -5.126 -5.655 -6.287 -6.678 -7.303 -7.641 -7.708
13.200 5.762 8.507 3.579 0.632 -1.642 -2.523 -3.631 -3.531 -4.513 -4.649 -5.112 -5.641 -6.273 -6.664 -7.289 -7.627 -7.694
13.300 5.775 8.521 3.593 0.646 -1.628 -2.509 -3.617 -3.517 -4.499 -4.635 -5.098 -5.627 -6.260 -6.650 -7.275 -7.613 -7.680
13.400 5.789 8.535 3.607 0.659 -1.614 -2.495 -3.603 -3.504 -4.485 -4.622 -5.084 -5.613 -6.246 -6.636 -7.262 -7.599 -7.666
13.500 5.803 8.548 3.620 0.673 -1.601 -2.482 -3.589 -3.490 -4.472 -4.608 -5.070 -5.600 -6.232 -6.623 -7.248 -7.586 -7.653
13.600 5.816 8.562 3.634 0.687 -1.587 -2.468 -3.576 -3.477 -4.458 -4.594 -5.057 -5.586 -6.219 -6.609 -7.235 -7.572 -7.639
13.700 5.830 8.575 3.647 0.700 -1.574 -2.455 -3.563 -3.463 -4.445 -4.581 -5.044 -5.573 -6.205 -6.596 -7.221 -7.559 -7.626
13.800 5.843 8.589 3.661 0.713 -1.560 -2.441 -3.549 -3.450 -4.432 -4.568 -5.030 -5.560 -6.192 -6.582 -7.208 -7.545 -7.613
13.900 5.856 8.602 3.674 0.726 -1.547 -2.428 -3.536 -3.437 -4.418 -4.555 -5.017 -5.547 -6.179 -6.569 -7.195 -7.532 -7.599
14.000 5.869 8.615 3.687 0.740 -1.534 -2.415 -3.523 -3.424 -4.405 -4.542 -5.004 -5.533 -6.166 -6.556 -7.182 -7.519 -7.586
14.100 5.882 8.628 3.700 0.752 -1.521 -2.402 -3.510 -3.411 -4.392 -4.529 -4.991 -5.520 -6.153 -6.543 -7.169 -7.506 -7.573
14.200 5.895 8.641 3.713 0.765 -1.508 -2.389 -3.497 -3.398 -4.380 -4.516 -4.978 -5.508 -6.140 -6.530 -7.156 -7.493 -7.560
14.300 5.908 8.653 3.725 0.778 -1.495 -2.376 -3.484 -3.385 -4.367 -4.503 -4.965 -5.495 -6.127 -6.517 -7.143 -7.481 -7.548
14.400 5.921 8.666 3.738 0.791 -1.483 -2.364 -3.472 -3.372 -4.354 -4.490 -4.953 -5.482 -6.115 -6.505 -7.130 -7.468 -7.535
14.500 5.933 8.679 3.751 0.803 -1.470 -2.351 -3.459 -3.360 -4.341 -4.478 -4.940 -5.470 -6.102 -6.492 -7.118 -7.455 -7.522
14.600 5.946 8.691 3.763 0.816 -1.458 -2.339 -3.447 -3.347 -4.329 -4.465 -4.928 -5.457 -6.089 -6.480 -7.105 -7.443 -7.510
14.700 5.958 8.704 3.776 0.828 -1.445 -2.326 -3.434 -3.335 -4.317 -4.453 -4.915 -5.445 -6.077 -6.467 -7.093 -7.430 -7.498
14.800 5.970 8.716 3.788 0.841 -1.433 -2.314 -3.422 -3.323 -4.304 -4.440 -4.903 -5.432 -6.065 -6.455 -7.081 -7.418 -7.485
14.900 5.983 8.728 3.800 0.853 -1.421 -2.302 -3.410 -3.310 -4.292 -4.428 -4.891 -5.420 -6.053 -6.443 -7.068 -7.406 -7.473
15.000 5.995 8.740 3.812 0.865 -1.409 -2.290 -3.398 -3.298 -4.280 -4.416 -4.879 -5.408 -6.040 -6.431 -7.056 -7.394 -7.461
