# day W2 M2 W1 u B g V c r w o i z y J H K
0.000 -10.895 -10.694 -10.492 -9.646 -9.281 -9.105 -8.795 -8.918 -8.540 -8.723 -8.400 -8.120 -7.806 -7.564 -7.073 -6.440 -5.854
0.100 -14.217 -14.389 -14.449 -14.516 -14.420 -14.355 -14.230 -14.274 -14.104 -14.166 -14.029 -13.870 -13.672 -13.508 -13.158 -12.658 -12.167
0.200 -12.159 -12.603 -13.018 -13.886 -14.069 -14.119 -14.169 -14.149 -14.167 -14.146 -14.159 -14.105 -14.011 -13.915 -13.688 -13.298 -12.885
0.300 -10.078 -10.558 -11.221 -12.625 -13.085 -13.257 -13.487 -13.416 -13.626 -13.552 -13.699 -13.762 -13.791 -13.778 -13.698 -13.442 -13.120
0.400 -9.226 -9.646 -10.200 -11.566 -12.152 -12.399 -12.744 -12.651 -12.989 -12.908 -13.134 -13.287 -13.423 -13.485 -13.547 -13.423 -13.195
0.500 -8.918 -9.365 -9.838 -10.954 -11.460 -11.704 -12.075 -11.985 -12.373 -12.312 -12.569 -12.778 -12.999 -13.124 -13.308 -13.300 -13.156
0.600 -8.671 -9.159 -9.665 -10.730 -11.101 -11.283 -11.585 -11.516 -11.863 -11.834 -12.073 -12.300 -12.573 -12.746 -13.028 -13.111 -13.026
0.700 -8.397 -8.917 -9.491 -10.642 -10.970 -11.108 -11.330 -11.277 -11.540 -11.527 -11.722 -11.923 -12.201 -12.394 -12.738 -12.887 -12.847
0.800 -8.085 -8.630 -9.282 -10.556 -10.906 -11.035 -11.222 -11.171 -11.374 -11.354 -11.510 -11.659 -11.895 -12.079 -12.449 -12.656 -12.666
0.900 -7.734 -8.297 -9.034 -10.440 -10.843 -10.990 -11.195 -11.136 -11.344 -11.307 -11.462 -11.589 -11.778 -11.926 -12.237 -12.407 -12.402
1.000 -7.346 -7.920 -8.747 -10.286 -10.746 -10.916 -11.146 -11.079 -11.305 -11.254 -11.418 -11.536 -11.695 -11.815 -12.070 -12.195 -12.166
1.100 -6.922 -7.498 -8.422 -10.095 -10.617 -10.811 -11.072 -10.996 -11.247 -11.184 -11.362 -11.480 -11.624 -11.724 -11.932 -12.016 -11.962
1.200 -6.461 -7.031 -8.059 -9.867 -10.455 -10.676 -10.971 -10.886 -11.167 -11.095 -11.290 -11.416 -11.554 -11.643 -11.818 -11.865 -11.787
1.300 -5.968 -6.519 -7.661 -9.605 -10.263 -10.512 -10.845 -10.751 -11.066 -10.986 -11.200 -11.339 -11.481 -11.566 -11.719 -11.737 -11.637
1.400 -5.446 -5.963 -7.228 -9.308 -10.041 -10.320 -10.693 -10.591 -10.944 -10.858 -11.092 -11.248 -11.401 -11.487 -11.630 -11.628 -11.510
1.500 -4.895 -5.361 -6.762 -8.977 -9.789 -10.101 -10.516 -10.406 -10.799 -10.710 -10.966 -11.142 -11.311 -11.403 -11.547 -11.532 -11.402
1.600 -4.320 -4.715 -6.265 -8.612 -9.508 -9.855 -10.314 -10.198 -10.633 -10.543 -10.820 -11.018 -11.209 -11.312 -11.464 -11.446 -11.308
1.700 -3.727 -4.028 -5.742 -8.215 -9.200 -9.584 -10.090 -9.968 -10.446 -10.358 -10.656 -10.879 -11.095 -11.212 -11.381 -11.367 -11.226
1.800 -3.119 -3.299 -5.193 -7.787 -8.866 -9.288 -9.843 -9.716 -10.239 -10.156 -10.475 -10.724 -10.968 -11.102 -11.293 -11.291 -11.152
1.900 -2.500 -2.531 -4.624 -7.329 -8.507 -8.969 -9.575 -9.444 -10.013 -9.938 -10.277 -10.553 -10.828 -10.981 -11.201 -11.216 -11.084
2.000 -1.880 -1.731 -4.043 -6.846 -8.127 -8.631 -9.289 -9.155 -9.771 -9.706 -10.065 -10.369 -10.678 -10.852 -11.104 -11.141 -11.020
2.100 -1.261 -0.899 -3.451 -6.338 -7.727 -8.274 -8.986 -8.851 -9.514 -9.463 -9.839 -10.172 -10.516 -10.713 -11.002 -11.065 -10.958
2.200 -0.648 -0.041 -2.855 -5.809 -7.310 -7.902 -8.668 -8.533 -9.243 -9.210 -9.602 -9.963 -10.344 -10.565 -10.894 -10.988 -10.898
2.300 -0.046 0.837 -2.261 -5.263 -6.880 -7.518 -8.338 -8.205 -8.961 -8.948 -9.356 -9.745 -10.165 -10.410 -10.782 -10.908 -10.838
2.400 0.539 1.725 -1.678 -4.708 -6.444 -7.127 -8.002 -7.873 -8.673 -8.683 -9.104 -9.521 -9.979 -10.251 -10.666 -10.827 -10.778
2.500 1.107 2.620 -1.106 -4.146 -6.003 -6.731 -7.661 -7.536 -8.380 -8.415 -8.848 -9.291 -9.789 -10.086 -10.547 -10.745 -10.719
2.600 1.653 3.511 -0.553 -3.584 -5.562 -6.335 -7.317 -7.199 -8.085 -8.147 -8.589 -9.059 -9.595 -9.919 -10.425 -10.661 -10.660
2.700 2.174 4.384 -0.023 -3.030 -5.127 -5.944 -6.977 -6.865 -7.790 -7.880 -8.332 -8.826 -9.400 -9.749 -10.302 -10.576 -10.601
2.800 2.667 5.221 0.479 -2.493 -4.703 -5.561 -6.642 -6.538 -7.499 -7.618 -8.077 -8.593 -9.204 -9.580 -10.178 -10.492 -10.543
2.900 2.986 5.732 0.804 -2.143 -4.417 -5.298 -6.406 -6.307 -7.288 -7.424 -7.887 -8.416 -9.049 -9.439 -10.064 -10.402 -10.469
3.000 3.080 5.826 0.898 -2.049 -4.323 -5.204 -6.312 -6.213 -7.194 -7.331 -7.793 -8.322 -8.955 -9.345 -9.971 -10.308 -10.375
3.100 3.169 5.915 0.987 -1.961 -4.234 -5.115 -6.223 -6.124 -7.106 -7.242 -7.704 -8.234 -8.866 -9.256 -9.882 -10.219 -10.287
3.200 3.253 5.999 1.071 -1.877 -4.150 -5.031 -6.139 -6.040 -7.022 -7.158 -7.620 -8.150 -8.782 -9.172 -9.798 -10.136 -10.203
3.300 3.332 6.078 1.150 -1.797 -4.071 -4.952 -6.060 -5.961 -6.942 -7.078 -7.541 -8.070 -8.703 -9.093 -9.719 -10.056 -10.123
3.400 3.408 6.153 1.225 -1.722 -3.996 -4.877 -5.984 -5.885 -6.867 -7.003 -7.465 -7.995 -8.627 -9.018 -9.643 -9.981 -10.048
3.500 3.479 6.225 1.297 -1.650 -3.924 -4.805 -5.913 -5.814 -6.795 -6.932 -7.394 -7.923 -8.556 -8.946 -9.572 -9.909 -9.976
3.600 3.547 6.293 1.365 -1.582 -3.856 -4.737 -5.845 -5.746 -6.727 -6.863 -7.326 -7.855 -8.488 -8.878 -9.504 -9.841 -9.908
3.700 3.612 6.358 1.430 -1.517 -3.791 -4.672 -5.780 -5.681 -6.662 -6.798 -7.261 -7.790 -8.423 -8.813 -9.438 -9.776 -9.843
3.800 3.675 6.420 1.492 -1.455 -3.729 -4.610 -5.718 -5.618 -6.600 -6.736 -7.199 -7.728 -8.360 -8.751 -9.376 -9.714 -9.781
3.900 3.734 6.480 1.552 -1.395 -3.669 -4.550 -5.658 -5.559 -6.540 -6.676 -7.139 -7.668 -8.301 -8.691 -9.316 -9.654 -9.721
4.000 3.792 6.538 1.610 -1.338 -3.611 -4.492 -5.600 -5.501 -6.483 -6.619 -7.081 -7.611 -8.243 -8.633 -9.259 -9.597 -9.664
4.100 3.847 6.593 1.665 -1.282 -3.556 -4.437 -5.545 -5.446 -6.427 -6.564 -7.026 -7.555 -8.188 -8.578 -9.204 -9.541 -9.608
4.200 3.901 6.646 1.718 -1.229 -3.503 -4.384 -5.492 -5.392 -6.374 -6.510 -6.973 -7.502 -8.134 -8.525 -9.150 -9.488 -9.555
4.300 3.952 6.698 1.770 -1.177 -3.451 -4.332 -5.440 -5.341 -6.322 -6.459 -6.921 -7.450 -8.083 -8.473 -9.099 -9.436 -9.503
4.400 4.002 6.748 1.820 -1.127 -3.401 -4.282 -5.390 -5.291 -6.272 -6.408 -6.871 -7.400 -8.033 -8.423 -9.049 -9.386 -9.453
4.500 4.051 6.796 1.869 -1.079 -3.352 -4.233 -5.341 -5.242 -6.224 -6.360 -6.822 -7.352 -7.984 -8.374 -9.000 -9.338 -9.405
4.600 4.098 6.844 1.916 -1.032 -3.305 -4.186 -5.294 -5.195 -6.177 -6.313 -6.775 -7.305 -7.937 -8.327 -8.953 -9.290 -9.358
4.700 4.144 6.889 1.962 -0.986 -3.259 -4.140 -5.248 -5.149 -6.131 -6.267 -6.729 -7.259 -7.891 -8.281 -8.907 -9.245 -9.312
4.800 4.189 6.934 2.006 -0.941 -3.215 -4.096 -5.204 -5.104 -6.086 -6.222 -6.685 -7.214 -7.847 -8.237 -8.862 -9.200 -9.267
4.900 4.232 6.978 2.050 -0.898 -3.171 -4.052 -5.160 -5.061 -6.043 -6.179 -6.641 -7.171 -7.803 -8.193 -8.819 -9.157 -9.224
5.000 4.274 7.020 2.092 -0.855 -3.129 -4.010 -5.118 -5.019 -6.000 -6.136 -6.599 -7.128 -7.761 -8.151 -8.777 -9.114 -9.181
5.100 4.316 7.061 2.133 -0.814 -3.088 -3.969 -5.077 -4.977 -5.959 -6.095 -6.558 -7.087 -7.719 -8.110 -8.735 -9.073 -9.140
5.200 4.356 7.102 2.174 -0.774 -3.047 -3.928 -5.036 -4.937 -5.919 -6.055 -6.517 -7.047 -7.679 -8.069 -8.695 -9.032 -9.099
5.300 4.396 7.141 2.213 -0.734 -3.008 -3.889 -4.997 -4.897 -5.879 -6.015 -6.478 -7.007 -7.640 -8.030 -8.655 -8.993 -9.060
5.400 4.434 7.180 2.252 -0.696 -2.969 -3.850 -4.958 -4.859 -5.841 -5.977 -6.439 -6.969 -7.601 -7.991 -8.617 -8.954 -9.021
5.500 4.472 7.217 2.289 -0.658 -2.932 -3.813 -4.920 -4.821 -5.803 -5.939 -6.401 -6.931 -7.563 -7.954 -8.579 -8.917 -8.984
5.600 4.509 7.254 2.326 -0.621 -2.895 -3.776 -4.883 -4.784 -5.766 -5.902 -6.364 -6.894 -7.526 -7.917 -8.542 -8.880 -8.947
5.700 4.545 7.291 2.363 -0.585 -2.858 -3.739 -4.847 -4.748 -5.730 -5.866 -6.328 -6.858 -7.490 -7.880 -8.506 -8.844 -8.911
5.800 4.580 7.326 2.398 -0.549 -2.823 -3.704 -4.812 -4.713 -5.694 -5.830 -6.293 -6.822 -7.455 -7.845 -8.470 -8.808 -8.875
5.900 4.615 7.361 2.433 -0.515 -2.788 -3.669 -4.777 -4.678 -5.659 -5.796 -6.258 -6.788 -7.420 -7.810 -8.436 -8.773 -8.840
6.000 4.649 7.395 2.467 -0.480 -2.754 -3.635 -4.743 -4.644 -5.625 -5.762 -6.224 -6.753 -7.386 -7.776 -8.402 -8.739 -8.806
6.100 4.683 7.428 2.500 -0.447 -2.721 -3.602 -4.710 -4.610 -5.592 -5.728 -6.191 -6.720 -7.352 -7.743 -8.368 -8.706 -8.773
6.200 4.716 7.461 2.533 -0.414 -2.688 -3.569 -4.677 -4.577 -5.559 -5.695 -6.158 -6.687 -7.320 -7.710 -8.335 -8.673 -8.740
6.300 4.748 7.493 2.565 -0.382 -2.656 -3.537 -4.645 -4.545 -5.527 -5.663 -6.126 -6.655 -7.287 -7.678 -8.303 -8.641 -8.708
6.400 4.779 7.525 2.597 -0.350 -2.624 -3.505 -4.613 -4.514 -5.495 -5.631 -6.094 -6.623 -7.256 -7.646 -8.272 -8.609 -8.676
6.500 4.810 7.556 2.628 -0.319 -2.593 -3.474 -4.582 -4.483 -5.464 -5.600 -6.063 -6.592 -7.225 -7.615 -8.241 -8.578 -8.645
6.600 4.841 7.587 2.659 -0.289 -2.562 -3.443 -4.551 -4.452 -5.434 -5.570 -6.032 -6.562 -7.194 -7.584 -8.210 -8.548 -8.615
6.700 4.871 7.617 2.689 -0.259 -2.532 -3.413 -4.521 -4.422 -5.404 -5.540 -6.002 -6.532 -7.164 -7.554 -8.180 -8.518 -8.585
6.800 4.900 7.646 2.718 -0.229 -2.503 -3.384 -4.492 -4.392 -5.374 -5.510 -5.973 -6.502 -7.135 -7.525 -8.150 -8.488 -8.555
6.900 4.930 7.675 2.747 -0.200 -2.474 -3.355 -4.463 -4.363 -5.345 -5.481 -5.944 -6.473 -7.106 -7.496 -8.121 -8.459 -8.526
7.000 4.958 7.704 2.776 -0.172 -2.445 -3.326 -4.434 -4.335 -5.317 -5.453 -5.915 -6.445 -7.077 -7.467 -8.093 -8.430 -8.497
7.100 4.986 7.732 2.804 -0.144 -2.417 -3.298 -4.406 -4.307 -5.288 -5.425 -5.887 -6.417 -7.049 -7.439 -8.065 -8.402 -8.469
7.200 5.014 7.759 2.831 -0.116 -2.390 -3.271 -4.378 -4.279 -5.261 -5.397 -5.859 -6.389 -7.021 -7.412 -8.037 -8.375 -8.442
7.300 5.041 7.787 2.859 -0.089 -2.362 -3.243 -4.351 -4.252 -5.234 -5.370 -5.832 -6.362 -6.994 -7.384 -8.010 -8.347 -8.414
7.400 5.068 7.813 2.885 -0.062 -2.336 -3.217 -4.324 -4.225 -5.207 -5.343 -5.805 -6.335 -6.967 -7.358 -7.983 -8.321 -8.388
7.500 5.094 7.840 2.912 -0.035 -2.309 -3.190 -4.298 -4.199 -5.180 -5.317 -5.779 -6.308 -6.941 -7.331 -7.957 -8.294 -8.361
7.600 5.120 7.866 2.938 -0.009 -2.283 -3.164 -4.272 -4.173 -5.154 -5.291 -5.753 -6.282 -6.915 -7.305 -7.931 -8.268 -8.335
7.700 5.146 7.891 2.964 0.016 -2.257 -3.138 -4.246 -4.147 -5.129 -5.265 -5.727 -6.257 -6.889 -7.279 -7.905 -8.243 -8.310
7.800 5.171 7.917 2.989 0.041 -2.232 -3.113 -4.221 -4.122 -5.103 -5.240 -5.702 -6.232 -6.864 -7.254 -7.880 -8.217 -8.284
7.900 5.196 7.942 3.014 0.066 -2.207 -3.088 -4.196 -4.097 -5.079 -5.215 -5.677 -6.207 -6.839 -7.229 -7.855 -8.192 -8.259
8.000 5.221 7.966 3.038 0.091 -2.183 -3.064 -4.172 -4.072 -5.054 -5.190 -5.653 -6.182 -6.814 -7.205 -7.830 -8.168 -8.235
8.100 5.245 7.990 3.062 0.115 -2.159 -3.040 -4.147 -4.048 -5.030 -5.166 -5.628 -6.158 -6.790 -7.181 -7.806 -8.144 -8.211
8.200 5.269 8.014 3.086 0.139 -2.135 -3.016 -4.124 -4.024 -5.006 -5.142 -5.605 -6.134 -6.766 -7.157 -7.782 -8.120 -8.187
8.300 5.292 8.038 3.110 0.162 -2.111 -2.992 -4.100 -4.001 -4.982 -5.119 -5.581 -6.110 -6.743 -7.133 -7.759 -8.096 -8.163
8.400 5.315 8.061 3.133 0.186 -2.088 -2.969 -4.077 -3.978 -4.959 -5.095 -5.558 -6.087 -6.720 -7.110 -7.736 -8.073 -8.140
8.500 5.338 8.084 3.156 0.209 -2.065 -2.946 -4.054 -3.955 -4.936 -5.072 -5.535 -6.064 -6.697 -7.087 -7.713 -8.050 -8.117
8.600 5.361 8.107 3.179 0.231 -2.042 -2.923 -4.031 -3.932 -4.914 -5.050 -5.512 -6.042 -6.674 -7.064 -7.690 -8.028 -8.095
8.700 5.383 8.129 3.201 0.254 -2.020 -2.901 -4.009 -3.910 -4.891 -5.028 -5.490 -6.019 -6.652 -7.042 -7.668 -8.005 -8.072
8.800 5.405 8.151 3.223 0.276 -1.998 -2.879 -3.987 -3.888 -4.869 -5.006 -5.468 -5.997 -6.630 -7.020 -7.646 -7.983 -8.050
8.900 5.427 8.173 3.245 0.297 -1.976 -2.857 -3.965 -3.866 -4.848 -4.984 -5.446 -5.976 -6.608 -6.998 -7.624 -7.961 -8.028
9.000 5.449 8.194 3.266 0.319 -1.955 -2.836 -3.944 -3.844 -4.826 -4.962 -5.425 -5.954 -6.587 -6.977 -7.602 -7.940 -8.007
9.100 5.470 8.215 3.287 0.340 -1.934 -2.815 -3.923 -3.823 -4.805 -4.941 -5.404 -5.933 -6.565 -6.956 -7.581 -7.919 -7.986
9.200 5.491 8.236 3.308 0.361 -1.913 -2.794 -3.902 -3.802 -4.784 -4.920 -5.383 -5.912 -6.544 -6.935 -7.560 -7.898 -7.965
9.300 5.511 8.257 3.329 0.382 -1.892 -2.773 -3.881 -3.782 -4.763 -4.899 -5.362 -5.891 -6.524 -6.914 -7.540 -7.877 -7.944
9.400 5.532 8.277 3.349 0.402 -1.872 -2.753 -3.860 -3.761 -4.743 -4.879 -5.341 -5.871 -6.503 -6.894 -7.519 -7.857 -7.924
9.500 5.552 8.298 3.370 0.422 -1.851 -2.732 -3.840 -3.741 -4.723 -4.859 -5.321 -5.851 -6.483 -6.873 -7.499 -7.837 -7.904
9.600 5.572 8.317 3.390 0.442 -1.831 -2.712 -3.820 -3.721 -4.703 -4.839 -5.301 -5.831 -6.463 -6.853 -7.479 -7.817 -7.884
9.700 5.592 8.337 3.409 0.462 -1.812 -2.693 -3.801 -3.701 -4.683 -4.819 -5.282 -5.811 -6.443 -6.834 -7.459 -7.797 -7.864
9.800 5.611 8.357 3.429 0.481 -1.792 -2.673 -3.781 -3.682 -4.663 -4.800 -5.262 -5.792 -6.424 -6.814 -7.440 -7.777 -7.844
9.900 5.630 8.376 3.448 0.501 -1.773 -2.654 -3.762 -3.663 -4.644 -4.780 -5.243 -5.772 -6.405 -6.795 -7.421 -7.758 -7.825
10.000 5.649 8.395 3.467 0.520 -1.754 -2.635 -3.743 -3.644 -4.625 -4.761 -5.224 -5.753 -6.386 -6.776 -7.401 -7.739 -7.806
10.100 5.668 8.414 3.486 0.539 -1.735 -2.616 -3.724 -3.625 -4.606 -4.743 -5.205 -5.734 -6.367 -6.757 -7.383 -7.720 -7.787
10.200 5.687 8.433 3.505 0.557 -1.716 -2.597 -3.705 -3.606 -4.588 -4.724 -5.186 -5.716 -6.348 -6.738 -7.364 -7.702 -7.769
10.300 5.705 8.451 3.523 0.576 -1.698 -2.579 -3.687 -3.588 -4.569 -4.705 -5.168 -5.697 -6.330 -6.720 -7.346 -7.683 -7.750
10.400 5.724 8.469 3.541 0.594 -1.680 -2.561 -3.669 -3.569 -4.551 -4.687 -5.150 -5.679 -6.312 -6.702 -7.327 -7.665 -7.732
10.500 5.742 8.487 3.559 0.612 -1.662 -2.543 -3.651 -3.551 -4.533 -4.669 -5.132 -5.661 -6.293 -6.684 -7.309 -7.647 -7.714
10.600 5.759 8.505 3.577 0.630 -1.644 -2.525 -3.633 -3.534 -4.515 -4.651 -5.114 -5.643 -6.276 -6.666 -7.291 -7.629 -7.696
10.700 5.777 8.523 3.595 0.647 -1.626 -2.507 -3.615 -3.516 -4.498 -4.634 -5.096 -5.626 -6.258 -6.648 -7.274 -7.611 -7.678
10.800 5.795 8.540 3.612 0.665 -1.609 -2.490 -3.598 -3.498 -4.480 -4.616 -5.079 -5.608 -6.241 -6.631 -7.256 -7.594 -7.661
10.900 5.812 8.557 3.629 0.682 -1.592 -2.473 -3.580 -3.481 -4.463 -4.599 -5.061 -5.591 -6.223 -6.614 -7.239 -7.577 -7.644
11.000 5.829 8.575 3.647 0.699 -1.574 -2.455 -3.563 -3.464 -4.446 -4.582 -5.044 -5.574 -6.206 -6.596 -7.222 -7.560 -7.627
11.100 5.846 8.591 3.663 0.716 -1.557 -2.438 -3.546 -3.447 -4.429 -4.565 -5.027 -5.557 -6.189 -6.579 -7.205 -7.543 -7.610
11.200 5.863 8.608 3.680 0.733 -1.541 -2.422 -3.530 -3.430 -4.412 -4.548 -5.011 -5.540 -6.172 -6.563 -7.188 -7.526 -7.593
11.300 5.879 8.625 3.697 0.749 -1.524 -2.405 -3.513 -3.414 -4.395 -4.532 -4.994 -5.523 -6.156 -6.546 -7.172 -7.509 -7.576
11.400 5.896 8.641 3.713 0.766 -1.508 -2.389 -3.497 -3.397 -4.379 -4.515 -4.978 -5.507 -6.139 -6.530 -7.155 -7.493 -7.560
11.500 5.912 8.658 3.730 0.782 -1.491 -2.372 -3.480 -3.381 -4.363 -4.499 -4.961 -5.491 -6.123 -6.513 -7.139 -7.477 -7.544
11.600 5.928 8.674 3.746 0.798 -1.475 -2.356 -3.464 -3.365 -4.347 -4.483 -4.945 -5.475 -6.107 -6.497 -7.123 -7.460 -7.527
11.700 5.944 8.690 3.762 0.814 -1.459 -2.340 -3.448 -3.349 -4.331 -4.467 -4.929 -5.459 -6.091 -6.481 -7.107 -7.444 -7.512
11.800 5.960 8.705 3.777 0.830 -1.444 -2.325 -3.432 -3.333 -4.315 -4.451 -4.913 -5.443 -6.075 -6.466 -7.091 -7.429 -7.496
11.900 5.975 8.721 3.793 0.846 -1.428 -2.309 -3.417 -3.317 -4.299 -4.435 -4.898 -5.427 -6.060 -6.450 -7.075 -7.413 -7.480
12.000 5.991 8.737 3.809 0.861 -1.412 -2.293 -3.401 -3.302 -4.284 -4.420 -4.882 -5.412 -6.044 -6.434 -7.060 -7.398 -7.465
12.100 6.006 8.752 3.824 0.877 -1.397 -2.278 -3.386 -3.287 -4.268 -4.404 -4.867 -5.396 -6.029 -6.419 -7.045 -7.382 -7.449
12.200 6.022 8.767 3.839 0.892 -1.382 -2.263 -3.371 -3.271 -4.253 -4.389 -4.852 -5.381 -6.013 -6.404 -7.029 -7.367 -7.434
12.300 6.037 8.782 3.854 0.907 -1.367 -2.248 -3.356 -3.256 -4.238 -4.374 -4.837 -5.366 -5.998 -6.389 -7.014 -7.352 -7.419
12.400 6.052 8.797 3.869 0.922 -1.352 -2.233 -3.341 -3.241 -4.223 -4.359 -4.822 -5.351 -5.983 -6.374 -6.999 -7.337 -7.404
12.500 6.066 8.812 3.884 0.937 -1.337 -2.218 -3.326 -3.227 -4.208 -4.344 -4.807 -5.336 -5.969 -6.359 -6.984 -7.322 -7.389
12.600 6.081 8.827 3.899 0.951 -1.322 -2.203 -3.311 -3.212 -4.193 -4.330 -4.792 -5.322 -5.954 -6.344 -6.970 -7.307 -7.374
12.700 6.096 8.841 3.913 0.966 -1.308 -2.189 -3.297 -3.197 -4.179 -4.315 -4.777 -5.307 -5.939 -6.330 -6.955 -7.293 -7.360
12.800 6.110 8.856 3.928 0.980 -1.293 -2.174 -3.282 -3.183 -4.164 -4.301 -4.763 -5.293 -5.925 -6.315 -6.941 -7.278 -7.345
12.900 6.124 8.870 3.942 0.995 -1.279 -2.160 -3.268 -3.168 -4.150 -4.286 -4.749 -5.278 -5.911 -6.301 -6.926 -7.264 -7.331
13.000 6.139 8.884 3.956 1.009 -1.265 -2.146 -3.254 -3.154 -4.136 -4.272 -4.735 -5.264 -5.896 -6.287 -6.912 -7.250 -7.317
13.100 6.153 8.898 3.970 1.023 -1.251 -2.132 -3.239 -3.140 -4.122 -4.258 -4.720 -5.250 -5.882 -6.273 -6.898 -7.236 -7.303
13.200 6.167 8.912 3.984 1.037 -1.237 -2.118 -3.226 -3.126 -4.108 -4.244 -4.707 -5.236 -5.868 -6.259 -6.884 -7.222 -7.289
13.300 6.181 8.926 3.998 1.051 -1.223 -2.104 -3.212 -3.112 -4.094 -4.230 -4.693 -5.222 -5.855 -6.245 -6.870 -7.208 -7.275
13.400 6.194 8.940 4.012 1.065 -1.209 -2.090 -3.198 -3.099 -4.080 -4.217 -4.679 -5.208 -5.841 -6.231 -6.857 -7.194 -7.261
13.500 6.208 8.953 4.026 1.078 -1.195 -2.076 -3.184 -3.085 -4.067 -4.203 -4.665 -5.195 -5.827 -6.217 -6.843 -7.181 -7.248
13.600 6.221 8.967 4.039 1.092 -1.182 -2.063 -3.171 -3.072 -4.053 -4.189 -4.652 -5.181 -5.814 -6.204 -6.830 -7.167 -7.234
13.700 6.235 8.980 4.052 1.105 -1.169 -2.050 -3.157 -3.058 -4.040 -4.176 -4.638 -5.168 -5.800 -6.191 -6.816 -7.154 -7.221
13.800 6.248 8.994 4.066 1.118 -1.155 -2.036 -3.144 -3.045 -4.027 -4.163 -4.625 -5.155 -5.787 -6.177 -6.803 -7.140 -7.207
13.900 6.261 9.007 4.079 1.132 -1.142 -2.023 -3.131 -3.032 -4.013 -4.150 -4.612 -5.141 -5.774 -6.164 -6.790 -7.127 -7.194
14.000 6.274 9.020 4.092 1.145 -1.129 -2.010 -3.118 -3.019 -4.000 -4.136 -4.599 -5.128 -5.761 -6.151 -6.777 -7.114 -7.181
14.100 6.287 9.033 4.105 1.158 -1.116 -1.997 -3.105 -3.006 -3.987 -4.123 -4.586 -5.115 -5.748 -6.138 -6.764 -7.101 -7.168
14.200 6.300 9.046 4.118 1.171 -1.103 -1.984 -3.092 -2.993 -3.974 -4.111 -4.573 -5.102 -5.735 -6.125 -6.751 -7.088 -7.155
14.300 6.313 9.059 4.131 1.183 -1.090 -1.971 -3.079 -2.980 -3.962 -4.098 -4.560 -5.090 -5.722 -6.112 -6.738 -7.075 -7.142
14.400 6.326 9.071 4.143 1.196 -1.078 -1.959 -3.067 -2.967 -3.949 -4.085 -4.548 -5.077 -5.709 -6.100 -6.725 -7.063 -7.130
14.500 6.338 9.084 4.156 1.209 -1.065 -1.946 -3.054 -2.955 -3.936 -4.072 -4.535 -5.064 -5.697 -6.087 -6.713 -7.050 -7.117
14.600 6.351 9.096 4.168 1.221 -1.053 -1.934 -3.041 -2.942 -3.924 -4.060 -4.522 -5.052 -5.684 -6.075 -6.700 -7.038 -7.105
14.700 6.363 9.109 4.181 1.234 -1.040 -1.921 -3.029 -2.930 -3.911 -4.048 -4.510 -5.039 -5.672 -6.062 -6.688 -7.025 -7.092
14.800 6.376 9.121 4.193 1.246 -1.028 -1.909 -3.017 -2.917 -3.899 -4.035 -4.498 -5.027 -5.660 -6.050 -6.675 -7.013 -7.080
14.900 6.388 9.133 4.205 1.258 -1.016 -1.897 -3.004 -2.905 -3.887 -4.023 -4.485 -5.015 -5.647 -6.038 -6.663 -7.001 -7.068
15.000 6.400 9.146 4.218 1.270 -1.003 -1.884 -2.992 -2.893 -3.875 -4.011 -4.473 -5.003 -5.635 -6.025 -6.651 -6.989 -7.056
