# day	W2	M2	W1	u	g	r	i	z	y	J	H	K
0.000	-11.422	-11.331	-11.192	-10.640	-10.255	-9.802	-9.462	-9.195	-8.988	-8.556	-7.980	-7.435
0.250	-14.202	-14.463	-14.607	-14.890	-14.814	-14.611	-14.406	-14.226	-14.078	-13.758	-13.299	-12.848
0.500	-12.808	-13.278	-13.732	-14.675	-14.913	-14.959	-14.887	-14.783	-14.687	-14.455	-14.080	-13.692
0.750	-10.318	-10.857	-11.696	-13.328	-14.013	-14.420	-14.553	-14.576	-14.563	-14.474	-14.226	-13.925
1.000	-8.729	-9.247	-10.012	-11.637	-12.588	-13.335	-13.716	-13.904	-14.007	-14.118	-14.042	-13.847
1.250	-7.829	-8.398	-9.240	-10.838	-11.620	-12.341	-12.825	-13.127	-13.326	-13.625	-13.724	-13.646
1.500	-6.825	-7.391	-8.444	-10.301	-11.141	-11.798	-12.240	-12.550	-12.779	-13.174	-13.394	-13.409
1.750	-5.671	-6.172	-7.492	-9.649	-10.710	-11.504	-11.984	-12.292	-12.511	-12.877	-13.069	-13.068
2.000	-4.390	-4.737	-6.390	-8.838	-10.160	-11.133	-11.690	-12.027	-12.255	-12.621	-12.802	-12.790
2.250	-3.033	-3.103	-5.173	-7.881	-9.509	-10.691	-11.352	-11.739	-11.991	-12.382	-12.570	-12.557
2.500	-1.665	-1.297	-3.900	-6.807	-8.785	-10.198	-10.980	-11.428	-11.715	-12.150	-12.361	-12.356
2.750	-0.364	0.635	-2.655	-5.667	-8.031	-9.681	-10.586	-11.099	-11.425	-11.915	-12.159	-12.170
3.000	0.743	2.531	-1.576	-4.587	-7.329	-9.187	-10.201	-10.775	-11.139	-11.684	-11.967	-12.000
3.250	1.563	4.030	-0.771	-3.721	-6.738	-8.745	-9.841	-10.463	-10.858	-11.454	-11.778	-11.836
3.500	1.897	4.494	-0.440	-3.370	-6.445	-8.485	-9.602	-10.237	-10.641	-11.254	-11.591	-11.658
3.750	2.074	4.671	-0.263	-3.193	-6.267	-8.308	-9.425	-10.060	-10.464	-11.076	-11.414	-11.481
4.000	2.235	4.832	-0.102	-3.032	-6.107	-8.148	-9.264	-9.899	-10.304	-10.916	-11.254	-11.321
4.250	2.383	4.980	0.046	-2.884	-5.959	-8.000	-9.116	-9.751	-10.156	-10.768	-11.105	-11.172
4.500	2.521	5.118	0.184	-2.746	-5.821	-7.861	-8.978	-9.613	-10.017	-10.630	-10.967	-11.034
4.750	2.648	5.245	0.311	-2.619	-5.693	-7.734	-8.851	-9.485	-9.890	-10.502	-10.840	-10.907
5.000	2.769	5.366	0.432	-2.498	-5.573	-7.614	-8.730	-9.365	-9.770	-10.382	-10.720	-10.787
5.250	2.882	5.479	0.545	-2.385	-5.460	-7.500	-8.617	-9.252	-9.656	-10.269	-10.606	-10.673
5.500	2.989	5.586	0.652	-2.278	-5.352	-7.393	-8.510	-9.145	-9.549	-10.161	-10.499	-10.566
5.750	3.091	5.688	0.754	-2.176	-5.250	-7.291	-8.408	-9.043	-9.447	-10.059	-10.397	-10.464
6.000	3.188	5.785	0.852	-2.079	-5.153	-7.194	-8.310	-8.945	-9.350	-9.962	-10.300	-10.367
6.250	3.281	5.878	0.944	-1.986	-5.060	-7.101	-8.218	-8.852	-9.257	-9.869	-10.207	-10.274
6.500	3.370	5.967	1.033	-1.897	-4.971	-7.012	-8.129	-8.763	-9.168	-9.780	-10.118	-10.185
6.750	3.456	6.053	1.119	-1.811	-4.886	-6.927	-8.043	-8.678	-9.083	-9.695	-10.032	-10.099
7.000	3.538	6.135	1.201	-1.729	-4.804	-6.845	-7.961	-8.596	-9.000	-9.613	-9.950	-10.017
7.250	3.617	6.214	1.280	-1.650	-4.725	-6.765	-7.882	-8.517	-8.921	-9.534	-9.871	-9.938
7.500	3.693	6.290	1.356	-1.574	-4.648	-6.689	-7.806	-8.440	-8.845	-9.457	-9.795	-9.862
7.750	3.767	6.364	1.430	-1.500	-4.575	-6.616	-7.732	-8.367	-8.772	-9.384	-9.721	-9.788
8.000	3.838	6.435	1.501	-1.429	-4.504	-6.545	-7.661	-8.296	-8.700	-9.313	-9.650	-9.717
8.250	3.907	6.504	1.570	-1.360	-4.435	-6.476	-7.592	-8.227	-8.632	-9.244	-9.581	-9.648
8.500	3.973	6.570	1.637	-1.294	-4.368	-6.409	-7.526	-8.160	-8.565	-9.177	-9.515	-9.582
8.750	4.038	6.635	1.701	-1.229	-4.303	-6.344	-7.461	-8.096	-8.500	-9.112	-9.450	-9.517
9.000	4.101	6.698	1.764	-1.166	-4.240	-6.281	-7.398	-8.033	-8.437	-9.049	-9.387	-9.454
9.250	4.162	6.759	1.825	-1.105	-4.180	-6.220	-7.337	-7.972	-8.376	-8.989	-9.326	-9.393
9.500	4.221	6.818	1.884	-1.046	-4.120	-6.161	-7.278	-7.913	-8.317	-8.929	-9.267	-9.334
9.750	4.279	6.876	1.942	-0.988	-4.063	-6.103	-7.220	-7.855	-8.259	-8.872	-9.209	-9.276
10.000	4.335	6.932	1.998	-0.932	-4.006	-6.047	-7.164	-7.799	-8.203	-8.815	-9.153	-9.220
10.250	4.390	6.987	2.053	-0.877	-3.952	-5.993	-7.109	-7.744	-8.148	-8.761	-9.098	-9.165
10.500	4.443	7.040	2.106	-0.824	-3.898	-5.939	-7.056	-7.691	-8.095	-8.707	-9.045	-9.112
10.750	4.495	7.092	2.158	-0.772	-3.846	-5.887	-7.004	-7.639	-8.043	-8.655	-8.993	-9.060
11.000	4.546	7.143	2.209	-0.721	-3.796	-5.836	-6.953	-7.588	-7.992	-8.604	-8.942	-9.009
11.250	4.596	7.193	2.259	-0.671	-3.746	-5.787	-6.903	-7.538	-7.943	-8.555	-8.893	-8.960
11.500	4.644	7.241	2.307	-0.623	-3.697	-5.738	-6.855	-7.490	-7.894	-8.506	-8.844	-8.911
11.750	4.691	7.288	2.355	-0.576	-3.650	-5.691	-6.808	-7.442	-7.847	-8.459	-8.797	-8.864
12.000	4.738	7.335	2.401	-0.529	-3.604	-5.645	-6.761	-7.396	-7.801	-8.413	-8.750	-8.817
12.250	4.783	7.380	2.446	-0.484	-3.558	-5.599	-6.716	-7.351	-7.755	-8.367	-8.705	-8.772
12.500	4.827	7.424	2.491	-0.440	-3.514	-5.555	-6.672	-7.306	-7.711	-8.323	-8.661	-8.728
12.750	4.871	7.468	2.534	-0.396	-3.471	-5.511	-6.628	-7.263	-7.667	-8.280	-8.617	-8.684
13.000	4.913	7.510	2.577	-0.354	-3.428	-5.469	-6.586	-7.220	-7.625	-8.237	-8.575	-8.642
13.250	4.955	7.552	2.618	-0.312	-3.386	-5.427	-6.544	-7.179	-7.583	-8.195	-8.533	-8.600
13.500	4.996	7.593	2.659	-0.271	-3.346	-5.386	-6.503	-7.138	-7.542	-8.155	-8.492	-8.559
13.750	5.036	7.633	2.699	-0.231	-3.305	-5.346	-6.463	-7.098	-7.502	-8.114	-8.452	-8.519
14.000	5.075	7.672	2.739	-0.192	-3.266	-5.307	-6.424	-7.058	-7.463	-8.075	-8.413	-8.480
14.250	5.114	7.711	2.777	-0.153	-3.228	-5.268	-6.385	-7.020	-7.424	-8.036	-8.374	-8.441
14.500	5.152	7.749	2.815	-0.115	-3.190	-5.230	-6.347	-6.982	-7.386	-7.999	-8.336	-8.403
14.750	5.189	7.786	2.852	-0.078	-3.152	-5.193	-6.310	-6.945	-7.349	-7.961	-8.299	-8.366
15.000	5.226	7.823	2.889	-0.041	-3.116	-5.157	-6.273	-6.908	-7.313	-7.925	-8.262	-8.329
15.250	5.262	7.859	2.925	-0.005	-3.080	-5.121	-6.237	-6.872	-7.277	-7.889	-8.226	-8.294
15.500	5.297	7.894	2.960	0.030	-3.045	-5.085	-6.202	-6.837	-7.241	-7.854	-8.191	-8.258
15.750	5.332	7.929	2.995	0.065	-3.010	-5.051	-6.167	-6.802	-7.207	-7.819	-8.156	-8.223
16.000	5.366	7.963	3.029	0.099	-2.976	-5.016	-6.133	-6.768	-7.172	-7.785	-8.122	-8.189
16.250	5.400	7.996	3.063	0.133	-2.942	-4.983	-6.099	-6.734	-7.139	-7.751	-8.089	-8.156
16.500	5.433	8.030	3.096	0.166	-2.909	-4.950	-6.066	-6.701	-7.106	-7.718	-8.056	-8.123
16.750	5.465	8.062	3.128	0.198	-2.876	-4.917	-6.034	-6.669	-7.073	-7.685	-8.023	-8.090
17.000	5.497	8.094	3.160	0.230	-2.844	-4.885	-6.002	-6.637	-7.041	-7.653	-7.991	-8.058
17.250	5.529	8.126	3.192	0.262	-2.813	-4.854	-5.970	-6.605	-7.010	-7.622	-7.959	-8.026
17.500	5.560	8.157	3.223	0.293	-2.782	-4.822	-5.939	-6.574	-6.978	-7.591	-7.928	-7.995
17.750	5.590	8.187	3.254	0.323	-2.751	-4.792	-5.908	-6.543	-6.948	-7.560	-7.898	-7.965
18.000	5.621	8.218	3.284	0.354	-2.721	-4.762	-5.878	-6.513	-6.918	-7.530	-7.867	-7.935
18.250	5.650	8.247	3.314	0.383	-2.691	-4.732	-5.848	-6.483	-6.888	-7.500	-7.838	-7.905
18.500	5.680	8.277	3.343	0.413	-2.662	-4.703	-5.819	-6.454	-6.859	-7.471	-7.808	-7.875
18.750	5.709	8.306	3.372	0.442	-2.633	-4.674	-5.790	-6.425	-6.830	-7.442	-7.779	-7.846
19.000	5.737	8.334	3.400	0.470	-2.604	-4.645	-5.762	-6.397	-6.801	-7.413	-7.751	-7.818
19.250	5.765	8.362	3.428	0.498	-2.576	-4.617	-5.734	-6.368	-6.773	-7.385	-7.723	-7.790
19.500	5.793	8.390	3.456	0.526	-2.548	-4.589	-5.706	-6.341	-6.745	-7.357	-7.695	-7.762
19.750	5.821	8.418	3.484	0.554	-2.521	-4.562	-5.678	-6.313	-6.718	-7.330	-7.668	-7.735
20.000	5.848	8.445	3.511	0.581	-2.494	-4.535	-5.651	-6.286	-6.691	-7.303	-7.641	-7.708
20.250	5.874	8.471	3.537	0.607	-2.467	-4.508	-5.625	-6.259	-6.664	-7.276	-7.614	-7.681
20.500	5.901	8.498	3.564	0.634	-2.441	-4.482	-5.598	-6.233	-6.638	-7.250	-7.587	-7.655
20.750	5.927	8.524	3.590	0.660	-2.415	-4.456	-5.572	-6.207	-6.612	-7.224	-7.561	-7.628
21.000	5.952	8.549	3.616	0.685	-2.389	-4.430	-5.546	-6.181	-6.586	-7.198	-7.536	-7.603
21.250	5.978	8.575	3.641	0.711	-2.364	-4.404	-5.521	-6.156	-6.560	-7.173	-7.510	-7.577
21.500	6.003	8.600	3.666	0.736	-2.339	-4.379	-5.496	-6.131	-6.535	-7.148	-7.485	-7.552
21.750	6.028	8.625	3.691	0.761	-2.314	-4.355	-5.471	-6.106	-6.511	-7.123	-7.460	-7.527
22.000	6.052	8.649	3.715	0.785	-2.289	-4.330	-5.447	-6.082	-6.486	-7.098	-7.436	-7.503
22.250	6.076	8.673	3.740	0.809	-2.265	-4.306	-5.422	-6.057	-6.462	-7.074	-7.412	-7.479
22.500	6.100	8.697	3.764	0.833	-2.241	-4.282	-5.399	-6.033	-6.438	-7.050	-7.388	-7.455
22.750	6.124	8.721	3.787	0.857	-2.217	-4.258	-5.375	-6.010	-6.414	-7.026	-7.364	-7.431
23.000	6.148	8.744	3.811	0.881	-2.194	-4.235	-5.351	-5.986	-6.391	-7.003	-7.341	-7.408
23.250	6.171	8.768	3.834	0.904	-2.171	-4.212	-5.328	-5.963	-6.368	-6.980	-7.317	-7.385
23.500	6.194	8.791	3.857	0.927	-2.148	-4.189	-5.305	-5.940	-6.345	-6.957	-7.295	-7.362
23.750	6.216	8.813	3.879	0.949	-2.125	-4.166	-5.283	-5.918	-6.322	-6.934	-7.272	-7.339
24.000	6.239	8.836	3.902	0.972	-2.103	-4.144	-5.260	-5.895	-6.300	-6.912	-7.250	-7.317
24.250	6.261	8.858	3.924	0.994	-2.081	-4.122	-5.238	-5.873	-6.278	-6.890	-7.227	-7.294
24.500	6.283	8.880	3.946	1.016	-2.059	-4.100	-5.216	-5.851	-6.256	-6.868	-7.205	-7.272
24.750	6.304	8.901	3.968	1.037	-2.037	-4.078	-5.194	-5.829	-6.234	-6.846	-7.184	-7.251
25.000	6.326	8.923	3.989	1.059	-2.016	-4.056	-5.173	-5.808	-6.212	-6.825	-7.162	-7.229
25.250	6.347	8.944	4.010	1.080	-1.994	-4.035	-5.152	-5.787	-6.191	-6.803	-7.141	-7.208
25.500	6.368	8.965	4.031	1.101	-1.973	-4.014	-5.131	-5.765	-6.170	-6.782	-7.120	-7.187
25.750	6.389	8.986	4.052	1.122	-1.952	-3.993	-5.110	-5.745	-6.149	-6.761	-7.099	-7.166
26.000	6.410	9.007	4.073	1.143	-1.932	-3.973	-5.089	-5.724	-6.128	-6.741	-7.078	-7.145
26.250	6.430	9.027	4.093	1.163	-1.911	-3.952	-5.069	-5.704	-6.108	-6.720	-7.058	-7.125
26.500	6.451	9.048	4.114	1.184	-1.891	-3.932	-5.048	-5.683	-6.088	-6.700	-7.038	-7.105
26.750	6.471	9.068	4.134	1.204	-1.871	-3.912	-5.028	-5.663	-6.068	-6.680	-7.018	-7.085
27.000	6.490	9.087	4.154	1.223	-1.851	-3.892	-5.008	-5.643	-6.048	-6.660	-6.998	-7.065
27.250	6.510	9.107	4.173	1.243	-1.831	-3.872	-4.989	-5.624	-6.028	-6.640	-6.978	-7.045
27.500	6.530	9.127	4.193	1.263	-1.812	-3.853	-4.969	-5.604	-6.009	-6.621	-6.958	-7.026
27.750	6.549	9.146	4.212	1.282	-1.793	-3.833	-4.950	-5.585	-5.989	-6.602	-6.939	-7.006
28.000	6.568	9.165	4.231	1.301	-1.773	-3.814	-4.931	-5.566	-5.970	-6.582	-6.920	-6.987
28.250	6.587	9.184	4.250	1.320	-1.754	-3.795	-4.912	-5.547	-5.951	-6.563	-6.901	-6.968
28.500	6.606	9.203	4.269	1.339	-1.736	-3.776	-4.893	-5.528	-5.932	-6.545	-6.882	-6.949
28.750	6.625	9.222	4.288	1.358	-1.717	-3.758	-4.874	-5.509	-5.914	-6.526	-6.864	-6.931
29.000	6.643	9.240	4.306	1.376	-1.698	-3.739	-4.856	-5.491	-5.895	-6.507	-6.845	-6.912
29.250	6.661	9.258	4.325	1.394	-1.680	-3.721	-4.837	-5.472	-5.877	-6.489	-6.827	-6.894
29.500	6.680	9.277	4.343	1.413	-1.662	-3.703	-4.819	-5.454	-5.859	-6.471	-6.809	-6.876
29.750	6.698	9.295	4.361	1.431	-1.644	-3.685	-4.801	-5.436	-5.841	-6.453	-6.791	-6.858
30.000	6.715	9.312	4.379	1.448	-1.626	-3.667	-4.783	-5.418	-5.823	-6.435	-6.773	-6.840
